ID		X			Y	Service_Time	Original_ID
3	-73.904834	40.878856	0.033	MET104
5	-73.915279	40.869444	0.033	MET107
8	-73.929412	40.855225	0.033	MET110
14	-73.958372	40.815581	0.033	MET116
22	-73.982209	40.77344	0.033	MET124
27	-73.993365	40.747215	0.033	MET129
29	-73.997871	40.74104	0.033	MET131
33	-74.006277	40.722854	0.033	MET135
45	-73.867164	40.871356	0.033	MET209
46	-73.867352	40.865462	0.033	MET210
47	-73.867615	40.857192	0.033	MET211
51	-73.887734	40.837288	0.033	MET215
59	-73.94077	40.814229	0.033	MET224
60	-73.945495	40.807754	0.033	MET225
66	-73.993086	40.697466	0.033	MET231
70	-73.977666	40.684359	0.033	MET235
71	-73.975098	40.680829	0.033	MET236
73	-73.964375	40.671987	0.033	MET238
74	-73.958131	40.670682	0.033	MET239
78	-73.949575	40.650843	0.033	MET244
79	-73.948959	40.645098	0.033	MET245
88	-73.902447	40.663515	0.033	MET254
98	-73.901034	40.862803	0.033	MET407
103	-73.917791	40.840075	0.033	MET412
119	-73.836322	40.843863	0.033	MET603
122	-73.851222	40.834255	0.033	MET607
125	-73.874516	40.829521	0.033	MET610
131	-73.907657	40.808719	0.033	MET616
132	-73.914042	40.805368	0.033	MET617
148	-73.986599	40.739864	0.033	MET634
153	-74.000193	40.718803	0.033	MET639
156	-73.845625	40.754622	0.033	MET702
157	-73.855334	40.75173	0.033	MET705
158	-73.8627	40.749865	0.033	MET706
159	-73.869527	40.749145	0.033	MET707
160	-73.876613	40.748408	0.033	MET708
180	-73.927271	40.865491	0.033	META03
182	-73.937969	40.851695	0.033	META06
199	-73.989735	40.757308	0.033	META27
212	-73.965838	40.683263	0.033	META44
221	-73.890358	40.67271	0.033	META53
226	-73.85147	40.679843	0.033	META60
232	-73.95326	40.759145	0.033	METB06
236	-73.994304	40.640914	0.033	METB13
239	-73.996895	40.626472	0.033	METB16
240	-73.998864	40.619589	0.033	METB17
241	-74.00061	40.613501	0.033	METB18
242	-74.001736	40.607954	0.033	METB19
248	-73.887138	40.873244	0.033	METD03
250	-73.897749	40.861296	0.033	METD05
251	-73.900741	40.856093	0.033	METD06
261	-73.984569	40.754222	0.033	METD16
273	-73.964492	40.644031	0.033	METD29
274	-73.963891	40.640927	0.033	METD30
276	-73.961639	40.62927	0.033	METD32
277	-73.960803	40.625039	0.033	METD33
278	-73.959399	40.617618	0.033	METD34
281	-73.955161	40.595246	0.033	METD38
283	-73.961376	40.577621	0.033	METD40
293	-73.831008	40.714441	0.033	METF06
294	-73.837324	40.718331	0.033	METF07
296	-73.969055	40.757552	0.033	METF11
303	-73.995048	40.680303	0.033	METF21
304	-73.995959	40.67358	0.033	METF22
308	-73.975776	40.650782	0.033	METF26
313	-73.975264	40.620769	0.033	METF32
315	-73.973022	40.608944	0.033	METF34
318	-73.97425	40.58962	0.033	METF38
322	-73.816859	40.702566	0.033	METG07
323	-73.844521	40.721691	0.033	METG08
324	-73.852719	40.726523	0.033	METG09
327	-73.877223	40.737015	0.033	METG12
328	-73.882017	40.742454	0.033	METG13
330	-73.898453	40.749669	0.033	METG15
331	-73.906006	40.752885	0.033	METG16
334	-73.928781	40.752039	0.033	METG20
338	-73.954449	40.731352	0.033	METG26
345	-73.96007	40.688873	0.033	METG34
347	-73.975375	40.687119	0.033	METG36
349	-73.834058	40.668234	0.033	METH02
351	-73.815925	40.608382	0.033	METH04
352	-73.796924	40.590927	0.033	METH06
353	-73.788522	40.592374	0.033	METH07
354	-73.776013	40.592943	0.033	METH08
356	-73.761353	40.600066	0.033	METH10
360	-73.827559	40.583209	0.033	METH14
367	-73.867139	40.691324	0.033	METJ17
368	-73.87255	40.689941	0.033	METJ19
373	-73.898654	40.676992	0.033	METJ24
374	-73.904512	40.679498	0.033	METJ27
377	-73.92227	40.68963	0.033	METJ30
379	-74.002578	40.739777	0.033	METL01
384	-73.956872	40.717304	0.033	METL08
385	-73.950275	40.714063	0.033	METL10
387	-73.94067	40.711926	0.033	METL12
394	-73.904046	40.688764	0.033	METL20
401	-73.899485	40.650573	0.033	METL28
409	-73.927397	40.697857	0.033	METM10
416	-73.993915	40.72028	0.033	METM19
425	-73.985026	40.61741	0.033	METN06
429	-73.97823	40.592721	0.033	METN10
430	-73.981233	40.577422	0.033	METN12
432	-73.958424	40.768799	0.033	METQ03
433	-73.951787	40.777891	0.033	METQ04
436	-73.917843	40.770258	0.033	METR03
437	-73.921479	40.766779	0.033	METR04
440	-73.932755	40.752882	0.033	METR08
443	-73.973347	40.764811	0.033	METR13
470	-74.023377	40.634967	0.033	METR42
477	-74.251961	40.512764	0.033	METS09
481	-74.229141	40.519631	0.033	METS13
488	-74.136907	40.5564	0.033	METS20
492	-74.103338	40.583591	0.033	METS24
493	-74.09609	40.588849	0.033	METS25
496	-74.071402	40.621319	0.033	METS28
500	-73.922643	40.826617	0.033	CBUS100025
501	-73.91994	40.83132	0.033	CBUS100027
502	-73.911639	40.843405	0.033	CBUS100033
503	-73.90358	40.852124	0.033	CBUS100039
508	-73.896698	40.880924	0.033	CBUS100060
521	-73.902036	40.872657	0.033	CBUS100166
523	-73.824818	40.839142	0.033	CBUS100296
526	-73.8281	40.849028	0.033	CBUS100322
530	-73.907892	40.893731	0.033	CBUS100459
531	-73.906865	40.899115	0.033	CBUS100461
535	-73.903085	40.910285	0.033	CBUS100466
538	-73.90429	40.90655	0.033	CBUS100471
540	-73.906096	40.901837	0.033	CBUS100473
544	-73.89662	40.89576	0.033	CBUS100589
545	-73.896955	40.898547	0.033	CBUS100590
548	-73.896427	40.907389	0.033	CBUS100594
549	-73.896498	40.910227	0.033	CBUS100595
551	-73.89651	40.904371	0.033	CBUS100610
552	-73.897016	40.901274	0.033	CBUS100612
555	-73.897208	40.892174	0.033	CBUS100615
558	-73.917119	40.881143	0.033	CBUS100677
559	-73.914562	40.884438	0.033	CBUS100678
562	-73.91255	40.88681	0.033	CBUS100702
567	-73.918021	40.877355	0.033	CBUS100707
568	-73.879107	40.879441	0.033	CBUS100730
571	-73.787585	40.849494	0.033	CBUS100823
576	-73.783962	40.841118	0.033	CBUS100861
577	-73.785026	40.843982	0.033	CBUS100863
581	-73.877631	40.883539	0.033	CBUS101137
582	-73.877737	40.886702	0.033	CBUS101138
583	-73.874907	40.895656	0.033	CBUS101140
588	-73.872252	40.841618	0.033	CBUS101415
590	-73.859599	40.846474	0.033	CBUS101420
594	-73.866378	40.845285	0.033	CBUS101444
603	-73.824577	40.873841	0.033	CBUS101724
610	-73.825477	40.862276	0.033	CBUS101731
615	-73.830517	40.869457	0.033	CBUS101740
623	-73.833085	40.878654	0.033	CBUS101750
628	-73.842396	40.868303	0.033	CBUS102047
630	-73.846219	40.876902	0.033	CBUS102052
634	-73.84435	40.851323	0.033	CBUS102100
637	-73.867163	40.897026	0.033	CBUS102249
638	-73.819283	40.82238	0.033	CBUS102593
639	-73.809273	40.816903	0.033	CBUS102602
640	-73.821999	40.826154	0.033	CBUS102613
641	-73.81539	40.81609	0.033	CBUS102621
644	-73.862853	40.883459	0.033	CBUS102759
647	-73.846959	40.901826	0.033	CBUS102775
650	-73.866663	40.877875	0.033	CBUS102793
653	-73.846789	40.899049	0.033	CBUS103050
658	-73.832201	40.84686	0.033	CBUS103181
671	-73.840953	40.828267	0.033	CBUS103374
673	-73.849644	40.826882	0.033	CBUS103390
674	-73.836659	40.824974	0.033	CBUS103395
676	-73.832684	40.830046	0.033	CBUS103413
677	-73.809814	40.819695	0.033	CBUS103459
679	-73.854339	40.898664	0.033	CBUS103501
680	-73.823465	40.868975	0.033	CBUS103537
682	-73.820867	40.834843	0.033	CBUS103561
685	-73.829432	40.875965	0.033	CBUS103674
688	-73.810945	40.822571	0.033	CBUS103698
693	-73.912366	40.879287	0.033	CBUS103916
701	-73.817154	40.828255	0.033	CBUS104062
729	-73.894886	40.88574	0.033	CBUS150123
740	-73.828142	40.878657	0.033	CBUS150166
742	-73.911031	40.617199	0.033	CBUS300227
744	-73.907728	40.619812	0.033	CBUS300240
747	-73.942887	40.583864	0.033	CBUS300357
749	-73.928468	40.632817	0.033	CBUS300551
759	-73.871349	40.672756	0.033	CBUS301505
771	-73.92675	40.59419	0.033	CBUS302590
773	-73.922486	40.590396	0.033	CBUS302594
774	-73.919945	40.58808	0.033	CBUS302596
778	-73.931141	40.598398	0.033	CBUS302609
780	-73.97723	40.643612	0.033	CBUS302693
782	-73.973344	40.645523	0.033	CBUS302766
783	-73.9878	40.675185	0.033	CBUS302915
789	-73.95362	40.638683	0.033	CBUS303235
798	-73.913159	40.619768	0.033	CBUS303334
804	-73.945831	40.621818	0.033	CBUS303376
806	-73.945017	40.616327	0.033	CBUS303488
808	-73.950032	40.593001	0.033	CBUS303913
814	-73.953328	40.610568	0.033	CBUS303921
819	-73.957618	40.633171	0.033	CBUS303930
821	-73.956549	40.625537	0.033	CBUS303999
827	-73.894388	40.647569	0.033	CBUS304072
831	-73.87987	40.646385	0.033	CBUS304084
835	-73.9699	40.643962	0.033	CBUS305722
837	-73.917638	40.624571	0.033	CBUS306155
839	-73.881447	40.653278	0.033	CBUS306216
846	-73.922408	40.633178	0.033	CBUS306420
849	-73.980405	40.646982	0.033	CBUS306562
854	-73.880638	40.662645	0.033	CBUS306855
855	-73.882452	40.656332	0.033	CBUS306858
863	-73.934953	40.601568	0.033	CBUS307021
866	-73.864376	40.656485	0.033	CBUS307181
868	-73.862884	40.669231	0.033	CBUS307332
870	-73.955327	40.621172	0.033	CBUS307520
873	-73.938037	40.594203	0.033	CBUS307771
874	-73.933255	40.586625	0.033	CBUS307806
878	-73.951547	40.599136	0.033	CBUS307894
879	-73.866883	40.660345	0.033	CBUS307922
881	-73.856386	40.670178	0.033	CBUS308086
884	-73.866629	40.653144	0.033	CBUS308380
885	-73.990491	40.671958	0.033	CBUS308437
886	-73.939457	40.607048	0.033	CBUS308452
889	-73.874404	40.657738	0.033	CBUS308659
890	-73.868357	40.657724	0.033	CBUS308664
891	-73.980827	40.681094	0.033	CBUS308734
899	-73.902386	40.591262	0.033	CBUS350006
902	-73.913285	40.601038	0.033	CBUS350012
904	-73.889091	40.580108	0.033	CBUS350015
906	-73.911084	40.606229	0.033	CBUS350018
912	-73.950953	40.623831	0.033	CBUS350028
917	-73.920691	40.626209	0.033	CBUS350038
919	-73.943298	40.624665	0.033	CBUS350040
923	-73.887435	40.640862	0.033	CBUS350048
928	-73.898464	40.633749	0.033	CBUS350055
929	-73.893498	40.637133	0.033	CBUS350058
930	-73.918549	40.615349	0.033	CBUS350059
934	-73.942777	40.593524	0.033	CBUS350069
945	-73.907128	40.609939	0.033	CBUS350088
949	-73.907589	40.614057	0.033	CBUS350094
951	-73.909605	40.632391	0.033	CBUS350099
953	-73.91317	40.635351	0.033	CBUS350101
973	-73.959109	40.639481	0.033	CBUS350154
975	-73.94382	40.609755	0.033	CBUS350164
982	-73.866112	40.678735	0.033	CBUS350179
985	-73.915877	40.606845	0.033	CBUS350184
995	-73.989104	40.694772	0.033	CBUS350208
1010	-73.876023	40.674792	0.033	CBUS350238
1019	-73.898453	40.587664	0.033	CBUS350249
1030	-73.967247	40.772446	0.033	CBUS400124
1032	-73.971754	40.766094	0.033	CBUS400128
1043	-73.978925	40.777356	0.033	CBUS401099
1047	-74.002139	40.709265	0.033	CBUS401797
1056	-73.984667	40.748603	0.033	CBUS401844
1057	-73.971956	40.782053	0.033	CBUS401868
1058	-74.006112	40.711867	0.033	CBUS402082
1070	-73.951458	40.782086	0.033	CBUS402697
1071	-73.959031	40.774914	0.033	CBUS402826
1076	-73.955739	40.779426	0.033	CBUS403419
1080	-73.936992	40.801953	0.033	CBUS403438
1086	-73.948748	40.78573	0.033	CBUS403777
1087	-73.983447	40.761052	0.033	CBUS403797
1102	-73.964412	40.776252	0.033	CBUS404303
1108	-73.978892	40.761864	0.033	CBUS405046
1124	-73.98679	40.751003	0.033	CBUS450011
1129	-73.983132	40.755988	0.033	CBUS450017
1163	-73.949753	40.761767	0.033	CBUS450069
1179	-73.97695	40.755797	0.033	CBUS450099
1187	-73.97096	40.764005	0.033	CBUS450109
1192	-73.947006	40.765055	0.033	CBUS450141
1200	-73.942729	40.768818	0.033	CBUS450150
1212	-73.963718	40.761247	0.033	CBUS450338
1213	-73.952573	40.789292	0.033	CBUS450351
1229	-73.961086	40.78078	0.033	CBUS450446
1236	-73.730452	40.712088	0.033	CBUS500124
1239	-73.773363	40.679575	0.033	CBUS500637
1241	-73.768283	40.676428	0.033	CBUS500639
1245	-73.787306	40.757801	0.033	CBUS500869
1249	-73.764509	40.76088	0.033	CBUS500879
1250	-73.7606	40.761501	0.033	CBUS500881
1254	-73.735788	40.77057	0.033	CBUS500895
1256	-73.744278	40.765518	0.033	CBUS500899
1260	-73.769313	40.760405	0.033	CBUS500907
1261	-73.776957	40.758513	0.033	CBUS500910
1264	-73.792368	40.757929	0.033	CBUS500917
1265	-73.797784	40.758968	0.033	CBUS500920
1269	-73.723019	40.761866	0.033	CBUS500954
1270	-73.724236	40.764779	0.033	CBUS500955
1271	-73.731574	40.769179	0.033	CBUS500958
1273	-73.722608	40.758357	0.033	CBUS500975
1274	-73.723308	40.755554	0.033	CBUS500976
1279	-73.806318	40.763035	0.033	CBUS501005
1281	-73.782168	40.788588	0.033	CBUS501044
1282	-73.77867	40.785321	0.033	CBUS501046
1284	-73.801371	40.760495	0.033	CBUS501075
1289	-73.824526	40.776636	0.033	CBUS501098
1299	-73.799517	40.794233	0.033	CBUS501189
1301	-73.792654	40.774333	0.033	CBUS501250
1302	-73.793211	40.777214	0.033	CBUS501252
1304	-73.793908	40.780663	0.033	CBUS501254
1309	-73.796663	40.784893	0.033	CBUS501265
1321	-73.782898	40.733107	0.033	CBUS501337
1325	-73.814387	40.742379	0.033	CBUS501355
1329	-73.819213	40.750855	0.033	CBUS501360
1332	-73.824052	40.755069	0.033	CBUS501363
1344	-73.81432	40.746173	0.033	CBUS501379
1348	-73.784674	40.736229	0.033	CBUS501399
1352	-73.750938	40.750289	0.033	CBUS501457
1356	-73.734231	40.759462	0.033	CBUS501465
1358	-73.729272	40.761748	0.033	CBUS501467
1362	-73.75656	40.749045	0.033	CBUS501623
1364	-73.753603	40.742489	0.033	CBUS501627
1366	-73.754659	40.745271	0.033	CBUS501662
1369	-73.78292	40.778955	0.033	CBUS501741
1371	-73.745515	40.716152	0.033	CBUS501962
1373	-73.80867	40.703815	0.033	CBUS502031
1379	-73.799964	40.722923	0.033	CBUS502309
1380	-73.777299	40.730158	0.033	CBUS502319
1381	-73.759591	40.733456	0.033	CBUS502325
1382	-73.754769	40.734288	0.033	CBUS502327
1384	-73.737301	40.737656	0.033	CBUS502335
1385	-73.733423	40.73898	0.033	CBUS502337
1389	-73.711556	40.74712	0.033	CBUS502350
1390	-73.70757	40.749223	0.033	CBUS502352
1396	-73.717537	40.744253	0.033	CBUS502374
1403	-73.781427	40.729294	0.033	CBUS502399
1405	-73.80435	40.721689	0.033	CBUS502408
1408	-73.814975	40.737749	0.033	CBUS502514
1414	-73.862806	40.764312	0.033	CBUS502550
1418	-73.763365	40.739202	0.033	CBUS502631
1420	-73.757993	40.740883	0.033	CBUS502633
1431	-73.860632	40.734766	0.033	CBUS502871
1433	-73.856753	40.736676	0.033	CBUS502985
1436	-73.78155	40.782031	0.033	CBUS503148
1442	-73.889946	40.729425	0.033	CBUS503258
1456	-73.89376	40.746696	0.033	CBUS503320
1458	-73.923443	40.743971	0.033	CBUS503333
1471	-73.885245	40.731171	0.033	CBUS503473
1476	-73.852341	40.737814	0.033	CBUS503492
1487	-73.884761	40.75166	0.033	CBUS503576
1492	-73.904321	40.721809	0.033	CBUS503640
1503	-73.911062	40.719637	0.033	CBUS503750
1506	-73.810677	40.659716	0.033	CBUS503793
1511	-73.804742	40.649428	0.033	CBUS503806
1512	-73.91929	40.731518	0.033	CBUS503832
1516	-73.885404	40.770901	0.033	CBUS503854
1522	-73.854352	40.742298	0.033	CBUS503865
1535	-73.918251	40.735583	0.033	CBUS503991
1538	-73.805403	40.657624	0.033	CBUS503998
1539	-73.79936	40.644726	0.033	CBUS503999
1545	-73.884115	40.747695	0.033	CBUS504090
1548	-73.902075	40.704963	0.033	CBUS504126
1549	-73.895737	40.703742	0.033	CBUS504127
1550	-73.894779	40.700945	0.033	CBUS504130
1551	-73.811368	40.702335	0.033	CBUS504198
1553	-73.901454	40.712685	0.033	CBUS504258
1556	-73.851371	40.710658	0.033	CBUS504307
1560	-73.896432	40.712627	0.033	CBUS504323
1562	-73.890967	40.700986	0.033	CBUS504333
1564	-73.841291	40.701139	0.033	CBUS504355
1570	-73.870851	40.733377	0.033	CBUS504400
1574	-73.902214	40.767425	0.033	CBUS504418
1584	-73.883016	40.701712	0.033	CBUS504500
1588	-73.939152	40.749574	0.033	CBUS504549
1590	-73.747226	40.751137	0.033	CBUS504995
1593	-73.819009	40.708881	0.033	CBUS505009
1595	-73.845853	40.781829	0.033	CBUS505019
1603	-73.702557	40.752182	0.033	CBUS505093
1608	-73.816678	40.696394	0.033	CBUS505165
1615	-73.879375	40.702164	0.033	CBUS505246
1618	-73.798612	40.702782	0.033	CBUS505264
1619	-73.768255	40.65031	0.033	CBUS550001
1621	-73.771764	40.657451	0.033	CBUS550003
1622	-73.774194	40.660357	0.033	CBUS550004
1623	-73.776172	40.662652	0.033	CBUS550005
1625	-73.780563	40.667706	0.033	CBUS550008
1630	-73.790313	40.676202	0.033	CBUS550013
1632	-73.79156	40.679228	0.033	CBUS550015
1638	-73.795603	40.688809	0.033	CBUS550021
1642	-73.804236	40.696129	0.033	CBUS550028
1668	-73.783311	40.67004	0.033	CBUS550059
1679	-73.844434	40.680274	0.033	CBUS550070
1682	-73.838228	40.679723	0.033	CBUS550073
1689	-73.823581	40.676738	0.033	CBUS550080
1695	-73.811822	40.675189	0.033	CBUS550086
1699	-73.803403	40.67445	0.033	CBUS550090
1702	-73.795809	40.673767	0.033	CBUS550094
1705	-73.788214	40.672929	0.033	CBUS550097
1707	-73.788918	40.669937	0.033	CBUS550099
1709	-73.793774	40.658095	0.033	CBUS550101
1710	-73.791588	40.655103	0.033	CBUS550102
1712	-73.795283	40.655583	0.033	CBUS550107
1727	-73.807333	40.675034	0.033	CBUS550122
1731	-73.819008	40.676225	0.033	CBUS550127
1734	-73.827526	40.677648	0.033	CBUS550131
1737	-73.833861	40.678886	0.033	CBUS550134
1744	-73.851542	40.675807	0.033	CBUS550142
1746	-73.855828	40.676224	0.033	CBUS550144
1751	-73.858639	40.680638	0.033	CBUS550154
1753	-73.852089	40.682504	0.033	CBUS550158
1758	-73.844054	40.684785	0.033	CBUS550163
1761	-73.836775	40.686854	0.033	CBUS550167
1764	-73.829178	40.689024	0.033	CBUS550171
1768	-73.818993	40.691905	0.033	CBUS550176
1770	-73.814375	40.69323	0.033	CBUS550178
1789	-73.832899	40.688065	0.033	CBUS550198
1806	-73.807593	40.678392	0.033	CBUS550222
1808	-73.807693	40.682333	0.033	CBUS550224
1811	-73.809953	40.688382	0.033	CBUS550227
1813	-73.81117	40.691734	0.033	CBUS550229
1817	-73.845659	40.670283	0.033	CBUS550234
1835	-73.84396	40.676749	0.033	CBUS550255
1842	-73.801447	40.684113	0.033	CBUS550263
1843	-73.793599	40.686321	0.033	CBUS550265
1847	-73.80665	40.654805	0.033	CBUS550285
1849	-73.807003	40.665368	0.033	CBUS550290
1851	-73.810855	40.665098	0.033	CBUS550292
1852	-73.809829	40.668436	0.033	CBUS550293
1853	-73.821871	40.667096	0.033	CBUS550299
1855	-73.820479	40.672209	0.033	CBUS550306
1857	-73.820479	40.678971	0.033	CBUS550311
1859	-73.822199	40.682484	0.033	CBUS550315
1862	-73.824997	40.688181	0.033	CBUS550321
1865	-73.827696	40.693679	0.033	CBUS550329
1873	-73.831635	40.706043	0.033	CBUS550343
1874	-73.829474	40.70941	0.033	CBUS550345
1887	-73.805542	40.661367	0.033	CBUS550363
1894	-73.833722	40.658171	0.033	CBUS550389
1895	-73.82719	40.650929	0.033	CBUS550390
1899	-73.828005	40.654166	0.033	CBUS550394
1903	-73.831476	40.660524	0.033	CBUS550399
1905	-73.835045	40.663569	0.033	CBUS550402
1909	-73.8382	40.670732	0.033	CBUS550407
1912	-73.838067	40.652666	0.033	CBUS550416
1914	-73.839172	40.655679	0.033	CBUS550421
1915	-73.840092	40.659283	0.033	CBUS550423
1917	-73.843019	40.672357	0.033	CBUS550426
1925	-73.851732	40.693647	0.033	CBUS550441
1926	-73.852559	40.696329	0.033	CBUS550445
1928	-73.854289	40.700573	0.033	CBUS550449
1931	-73.859508	40.71208	0.033	CBUS550454
1937	-73.869155	40.72463	0.033	CBUS550463
1939	-73.870817	40.728011	0.033	CBUS550466
1949	-73.845253	40.66723	0.033	CBUS550485
1951	-73.848807	40.665012	0.033	CBUS550488
1955	-73.846063	40.661692	0.033	CBUS550495
1969	-73.834239	40.651415	0.033	CBUS550512
1972	-73.932072	40.774125	0.033	CBUS550519
1974	-73.927436	40.769704	0.033	CBUS550522
1979	-73.918085	40.76522	0.033	CBUS550530
1982	-73.912527	40.762603	0.033	CBUS550534
1985	-73.907687	40.760309	0.033	CBUS550537
1987	-73.908156	40.756804	0.033	CBUS550541
1999	-73.900076	40.737208	0.033	CBUS550561
2001	-73.896032	40.73666	0.033	CBUS550564
2004	-73.895961	40.731674	0.033	CBUS550568
2006	-73.900293	40.731273	0.033	CBUS550572
2008	-73.900226	40.726999	0.033	CBUS550575
2021	-73.899593	40.74045	0.033	CBUS550590
2024	-73.905062	40.748289	0.033	CBUS550593
2036	-73.931046	40.771497	0.033	CBUS550605
2044	-73.886477	40.76482	0.033	CBUS550622
2047	-73.881063	40.76385	0.033	CBUS550627
2051	-73.875111	40.762822	0.033	CBUS550632
2053	-73.871145	40.762129	0.033	CBUS550636
2055	-73.867386	40.761531	0.033	CBUS550640
2072	-73.880798	40.752162	0.033	CBUS550666
2075	-73.878808	40.756437	0.033	CBUS550669
2077	-73.940967	40.755409	0.033	CBUS550672
2080	-73.936419	40.760144	0.033	CBUS550678
2082	-73.933802	40.762929	0.033	CBUS550682
2083	-73.931869	40.765227	0.033	CBUS550685
2091	-73.92294	40.775626	0.033	CBUS550697
2093	-73.81889	40.584837	0.033	CBUS550700
2095	-73.820498	40.599018	0.033	CBUS550704
2096	-73.910318	40.775832	0.033	CBUS550706
2097	-73.905987	40.772707	0.033	CBUS550709
2098	-73.819329	40.606777	0.033	CBUS550711
2102	-73.819486	40.611555	0.033	CBUS550715
2103	-73.823557	40.617459	0.033	CBUS550717
2104	-73.894143	40.768402	0.033	CBUS550720
2112	-73.820367	40.602218	0.033	CBUS550731
2114	-73.832287	40.581271	0.033	CBUS550733
2116	-73.836986	40.579994	0.033	CBUS550735
2118	-73.882701	40.567359	0.033	CBUS550737
2119	-73.878452	40.567725	0.033	CBUS550738
2123	-73.862845	40.570059	0.033	CBUS550744
2126	-73.857655	40.571884	0.033	CBUS550748
2138	-73.815197	40.586479	0.033	CBUS550770
2140	-73.811607	40.587478	0.033	CBUS550773
2144	-73.804001	40.588279	0.033	CBUS550779
2150	-73.792563	40.59299	0.033	CBUS550790
2152	-73.78604	40.5949	0.033	CBUS550794
2155	-73.779735	40.595332	0.033	CBUS550800
2158	-73.82314	40.586112	0.033	CBUS550805
2164	-73.761907	40.595932	0.033	CBUS550814
2168	-73.753044	40.595455	0.033	CBUS550820
2175	-73.753445	40.602524	0.033	CBUS550847
2180	-73.769179	40.596324	0.033	CBUS550852
2188	-73.906446	40.779997	0.033	CBUS550867
2194	-73.851653	40.71758	0.033	CBUS550887
2197	-73.853232	40.72202	0.033	CBUS550892
2203	-73.84646	40.727153	0.033	CBUS550903
2205	-73.848161	40.730478	0.033	CBUS550905
2212	-73.855923	40.745458	0.033	CBUS550918
2214	-73.857288	40.748239	0.033	CBUS550921
2219	-73.864397	40.75342	0.033	CBUS550928
2231	-73.866649	40.757347	0.033	CBUS550943
2242	-73.84537	40.724439	0.033	CBUS550956
2248	-73.853919	40.714416	0.033	CBUS550964
2250	-73.855179	40.706546	0.033	CBUS550970
2255	-73.806392	40.712248	0.033	CBUS550982
2258	-73.808035	40.716994	0.033	CBUS550986
2261	-73.809816	40.722539	0.033	CBUS550991
2263	-73.810579	40.725323	0.033	CBUS550993
2266	-73.814008	40.728	0.033	CBUS550997
2268	-73.814763	40.732447	0.033	CBUS550999
2278	-73.841476	40.778815	0.033	CBUS551022
2280	-73.841322	40.781635	0.033	CBUS551025
2283	-73.84092	40.788088	0.033	CBUS551030
2285	-73.84107	40.790797	0.033	CBUS551034
2287	-73.845388	40.791002	0.033	CBUS551037
2294	-73.841314	40.784943	0.033	CBUS551047
2311	-73.871451	40.713541	0.033	CBUS551069
2314	-73.873337	40.720284	0.033	CBUS551074
2317	-73.872839	40.725163	0.033	CBUS551078
2326	-73.880406	40.746002	0.033	CBUS551090
2352	-73.885429	40.761503	0.033	CBUS551122
2357	-73.87641	40.768294	0.033	CBUS551130
2359	-73.880212	40.767857	0.033	CBUS551132
2366	-73.830433	40.770222	0.033	CBUS551140
2376	-73.862161	40.573396	0.033	CBUS551156
2379	-73.857091	40.575036	0.033	CBUS551160
2381	-73.853824	40.576134	0.033	CBUS551162
2384	-73.848806	40.577801	0.033	CBUS551166
2386	-73.845436	40.578973	0.033	CBUS551168
2388	-73.842178	40.580054	0.033	CBUS551170
2406	-73.814661	40.66951	0.033	CBUS551189
2413	-73.830017	40.682691	0.033	CBUS551205
2417	-73.83466	40.692024	0.033	CBUS551215
2418	-73.835999	40.69463	0.033	CBUS551217
2422	-73.837037	40.704022	0.033	CBUS551226
2423	-73.837127	40.707866	0.033	CBUS551228
2437	-73.85348	40.735007	0.033	CBUS551248
2444	-73.863947	40.727478	0.033	CBUS551259
2461	-73.898412	40.715893	0.033	CBUS551283
2465	-73.887332	40.721193	0.033	CBUS551290
2468	-73.881713	40.72376	0.033	CBUS551296
2478	-73.861856	40.741428	0.033	CBUS551314
2480	-73.860098	40.738241	0.033	CBUS551316
2490	-73.892843	40.712276	0.033	CBUS551334
2491	-73.886916	40.71421	0.033	CBUS551335
2495	-73.878989	40.716179	0.033	CBUS551339
2505	-73.856825	40.732509	0.033	CBUS551351
2509	-73.943718	40.749591	0.033	CBUS551359
2511	-73.934687	40.744808	0.033	CBUS551364
2515	-73.930768	40.740597	0.033	CBUS551370
2519	-73.922057	40.739594	0.033	CBUS551375
2521	-73.918372	40.73917	0.033	CBUS551377
2523	-73.909567	40.736365	0.033	CBUS551382
2525	-73.912113	40.729659	0.033	CBUS551387
2527	-73.91259	40.724161	0.033	CBUS551391
2533	-73.904358	40.70903	0.033	CBUS551406
2537	-73.90028	40.700652	0.033	CBUS551414
2544	-73.905944	40.712836	0.033	CBUS551423
2559	-73.799958	40.680779	0.033	CBUS551454
2564	-73.804716	40.688239	0.033	CBUS551464
2566	-73.80252	40.690792	0.033	CBUS551466
2575	-73.796143	40.670716	0.033	CBUS551479
2578	-73.841759	40.65033	0.033	CBUS551483
2580	-73.84605	40.649702	0.033	CBUS551485
2583	-73.847691	40.656279	0.033	CBUS551489
2585	-73.843065	40.656939	0.033	CBUS551491
2588	-73.815696	40.686407	0.033	CBUS551512
2594	-73.8114	40.697579	0.033	CBUS551525
2595	-73.807027	40.698926	0.033	CBUS551527
2598	-73.817774	40.688886	0.033	CBUS551531
2603	-73.88238	40.729133	0.033	CBUS551546
2608	-73.895738	40.739866	0.033	CBUS551568
2609	-73.895597	40.742849	0.033	CBUS551572
2616	-73.89341	40.75837	0.033	CBUS551585
2620	-73.889314	40.762701	0.033	CBUS551593
2622	-73.887925	40.768256	0.033	CBUS551596
2637	-73.907357	40.741613	0.033	CBUS551622
2644	-73.892064	40.739327	0.033	CBUS551634
2645	-73.882664	40.737542	0.033	CBUS551638
2648	-73.874496	40.735049	0.033	CBUS551642
2669	-73.799	40.692957	0.033	CBUS551684
2671	-73.794554	40.693356	0.033	CBUS551687
2674	-73.825519	40.712236	0.033	CBUS551691
2687	-73.79984	40.710442	0.033	CBUS551711
2689	-73.802659	40.715004	0.033	CBUS551714
2695	-73.804777	40.72593	0.033	CBUS551724
2697	-73.805052	40.728689	0.033	CBUS551726
2703	-73.804509	40.73888	0.033	CBUS551737
2704	-73.804282	40.742121	0.033	CBUS551739
2706	-73.802671	40.749259	0.033	CBUS551742
2707	-73.804241	40.753447	0.033	CBUS551743
2708	-73.804723	40.756513	0.033	CBUS551744
2709	-73.808446	40.756805	0.033	CBUS551748
2713	-73.818479	40.754026	0.033	CBUS551757
2716	-73.835097	40.763043	0.033	CBUS551762
2717	-73.839153	40.767115	0.033	CBUS551763
2719	-73.845946	40.773561	0.033	CBUS551766
2722	-73.846001	40.778783	0.033	CBUS551771
2724	-73.856959	40.785318	0.033	CBUS551784
2728	-73.849646	40.784015	0.033	CBUS551788
2751	-73.840084	40.724981	0.033	CBUS551813
2753	-73.829157	40.728307	0.033	CBUS551818
2756	-73.823129	40.730057	0.033	CBUS551824
2758	-73.819018	40.73128	0.033	CBUS551828
2761	-73.810937	40.732156	0.033	CBUS551836
2765	-73.805384	40.731841	0.033	CBUS551840
2771	-73.932153	40.759801	0.033	CBUS551851
2772	-73.928397	40.758031	0.033	CBUS551852
2774	-73.909698	40.752921	0.033	CBUS551856
2775	-73.922003	40.755043	0.033	CBUS551857
2777	-73.914242	40.753486	0.033	CBUS551860
2781	-73.900506	40.754113	0.033	CBUS551866
2785	-73.890773	40.754897	0.033	CBUS551872
2799	-73.860512	40.757776	0.033	CBUS551893
2800	-73.85581	40.758177	0.033	CBUS551897
2801	-73.846174	40.760682	0.033	CBUS551900
2802	-73.842952	40.761935	0.033	CBUS551901
2823	-73.94875	40.742369	0.033	CBUS551928
2826	-73.943098	40.739247	0.033	CBUS551934
2830	-73.919381	40.728727	0.033	CBUS551944
2833	-73.906498	40.727815	0.033	CBUS551949
2834	-73.902799	40.729348	0.033	CBUS551950
2839	-73.893246	40.721908	0.033	CBUS551957
2842	-73.890134	40.718055	0.033	CBUS551963
2853	-73.923262	40.735793	0.033	CBUS551980
2860	-73.864618	40.734502	0.033	CBUS551989
2865	-73.867983	40.745825	0.033	CBUS551997
2868	-73.870851	40.751795	0.033	CBUS552003
2871	-73.873766	40.757159	0.033	CBUS552009
2895	-73.924035	40.752738	0.033	CBUS552036
2898	-73.918722	40.759268	0.033	CBUS552044
2908	-73.901661	40.776342	0.033	CBUS552062
2913	-73.89329	40.773573	0.033	CBUS552069
2919	-73.884459	40.787425	0.033	CBUS552077
2920	-73.942428	40.76192	0.033	CBUS552078
2923	-73.945831	40.757712	0.033	CBUS552084
2938	-73.926434	40.772386	0.033	CBUS552115
2948	-73.953262	40.744924	0.033	CBUS552132
2950	-73.952126	40.749215	0.033	CBUS552135
2952	-73.950934	40.752269	0.033	CBUS552139
2953	-73.949002	40.754882	0.033	CBUS552142
2958	-73.940014	40.765663	0.033	CBUS552151
2960	-73.936218	40.767555	0.033	CBUS552155
2973	-73.923646	40.761105	0.033	CBUS552179
2978	-73.915674	40.757352	0.033	CBUS552189
2982	-73.915708	40.749339	0.033	CBUS552198
2983	-73.916334	40.746205	0.033	CBUS552200
2989	-73.795158	40.705486	0.033	CBUS552209
2995	-73.774549	40.709402	0.033	CBUS552218
2998	-73.770311	40.710884	0.033	CBUS552224
3001	-73.767034	40.713065	0.033	CBUS552228
3003	-73.762689	40.713284	0.033	CBUS552232
3017	-73.784725	40.708087	0.033	CBUS552256
3020	-73.736962	40.628457	0.033	CBUS552259
3022	-73.732023	40.63005	0.033	CBUS552261
3025	-73.725242	40.632211	0.033	CBUS552265
3026	-73.722502	40.633949	0.033	CBUS552267
3027	-73.719856	40.635985	0.033	CBUS552269
3029	-73.710596	40.641283	0.033	CBUS552273
3030	-73.704327	40.643992	0.033	CBUS552275
3031	-73.709669	40.650226	0.033	CBUS552277
3032	-73.713013	40.651214	0.033	CBUS552278
3033	-73.717996	40.651848	0.033	CBUS552280
3034	-73.722478	40.652629	0.033	CBUS552282
3040	-73.735869	40.657585	0.033	CBUS552293
3045	-73.7492	40.657743	0.033	CBUS552302
3047	-73.754126	40.658356	0.033	CBUS552304
3049	-73.759512	40.659413	0.033	CBUS552308
3050	-73.763831	40.659827	0.033	CBUS552309
3058	-73.773689	40.670904	0.033	CBUS552320
3060	-73.775642	40.673635	0.033	CBUS552324
3062	-73.778004	40.676756	0.033	CBUS552328
3064	-73.781048	40.681129	0.033	CBUS552332
3066	-73.783005	40.684467	0.033	CBUS552336
3070	-73.787054	40.691007	0.033	CBUS552343
3074	-73.791257	40.696772	0.033	CBUS552349
3076	-73.793621	40.699961	0.033	CBUS552353
3079	-73.784112	40.67492	0.033	CBUS552360
3092	-73.727742	40.656405	0.033	CBUS552375
3097	-73.833489	40.683696	0.033	CBUS552380
3138	-73.744152	40.596771	0.033	CBUS552430
3143	-73.748441	40.595446	0.033	CBUS552435
3148	-73.74778	40.60311	0.033	CBUS552441
3153	-73.754054	40.608053	0.033	CBUS552448
3156	-73.752467	40.614414	0.033	CBUS552453
3158	-73.748571	40.613862	0.033	CBUS552455
3161	-73.746391	40.616503	0.033	CBUS552459
3163	-73.740455	40.616271	0.033	CBUS552461
3167	-73.732359	40.61947	0.033	CBUS552466
3169	-73.734061	40.622525	0.033	CBUS552469
3173	-73.738485	40.63196	0.033	CBUS552474
3174	-73.740004	40.635902	0.033	CBUS552475
3175	-73.743119	40.640631	0.033	CBUS552476
3177	-73.744963	40.656292	0.033	CBUS552480
3200	-73.825903	40.781506	0.033	CBUS552506
3202	-73.809114	40.719789	0.033	CBUS552510
3205	-73.791415	40.725759	0.033	CBUS552519
3208	-73.802335	40.786683	0.033	CBUS552548
3213	-73.788703	40.774905	0.033	CBUS552667
3226	-73.739325	40.755694	0.033	CBUS552712
3227	-73.741609	40.75277	0.033	CBUS552715
3235	-73.837008	40.772893	0.033	CBUS552838
3236	-73.714879	40.757221	0.033	CBUS552896
3244	-73.80905	40.778251	0.033	CBUS552927
3245	-73.801026	40.78169	0.033	CBUS552929
3249	-73.851483	40.73176	0.033	CBUS552934
3253	-73.858383	40.715247	0.033	CBUS552940
3258	-73.849306	40.72254	0.033	CBUS552946
3259	-73.856311	40.719009	0.033	CBUS552947
3266	-73.916632	40.780451	0.033	CBUS552956
3291	-73.840796	40.662229	0.033	CBUS552992
3300	-73.890103	40.746212	0.033	CBUS553013
3303	-73.879418	40.760127	0.033	CBUS553025
3312	-73.886248	40.73821	0.033	CBUS553037
3338	-73.920057	40.777747	0.033	CBUS553075
3342	-73.913666	40.778192	0.033	CBUS553079
3369	-73.872474	40.566148	0.033	CBUS553113
3382	-73.806422	40.701715	0.033	CBUS553131
3400	-73.830625	40.764914	0.033	CBUS553163
3401	-73.86144	40.760712	0.033	CBUS553165
3435	-73.834573	40.712296	0.033	CBUS553215
3437	-73.808615	40.67234	0.033	CBUS553218
3458	-73.818244	40.683455	0.033	CBUS553259
3480	-73.850684	40.791976	0.033	CBUS553292
3485	-73.843733	40.771099	0.033	CBUS553300
3486	-73.924319	40.732464	0.033	CBUS553303
3495	-73.871836	40.774302	0.033	CBUS804110
3506	-73.885499	40.755728	0.033	CBUS982046
3509	-73.78931	40.707198	0.033	CBUS982053
3518	-73.767825	40.665095	0.033	CBUS982067
3527	-73.852572	40.785858	0.033	CBUS982080
3542	-73.89649	40.917649	0.033	CBUS985001
3543	-73.895934	40.920954	0.033	CBUS985002
3544	-73.896427	40.929116	0.033	CBUS985003
3545	-73.898595	40.931539	0.033	CBUS985004
3572	-73.89386	40.866344	0.033	BRX100047
3574	-73.890419	40.870243	0.033	BRX100049
3575	-73.88549	40.876297	0.033	BRX100052
3579	-73.889114	40.882824	0.033	BRX100056
3592	-73.907425	40.888111	0.033	BRX100070
3597	-73.909027	40.881111	0.033	BRX100082
3609	-73.896255	40.863998	0.033	BRX100102
3620	-73.918304	40.834229	0.033	BRX100118
3622	-73.915092	40.822025	0.033	BRX100126
3628	-73.924751	40.82312	0.033	BRX100135
3632	-73.930283	40.813484	0.033	BRX100140
3639	-73.911194	40.854664	0.033	BRX100155
3640	-73.909622	40.857433	0.033	BRX100156
3641	-73.90744	40.859821	0.033	BRX100157
3642	-73.904755	40.862915	0.033	BRX100159
3643	-73.903038	40.86552	0.033	BRX100161
3645	-73.903603	40.869541	0.033	BRX100164
3649	-73.898994	40.878639	0.033	BRX100169
3653	-73.900436	40.885086	0.033	BRX100173
3666	-73.918098	40.848679	0.033	BRX100197
3671	-73.905426	40.817829	0.033	BRX100207
3675	-73.895065	40.82299	0.033	BRX100213
3685	-73.871124	40.830433	0.033	BRX100225
3687	-73.864754	40.832191	0.033	BRX100229
3693	-73.844604	40.838375	0.033	BRX100236
3698	-73.861153	40.833603	0.033	BRX100245
3712	-73.898827	40.821251	0.033	BRX100264
3721	-73.877731	40.821564	0.033	BRX100277
3724	-73.870529	40.822548	0.033	BRX100280
3735	-73.844162	40.857883	0.033	BRX100304
3737	-73.851524	40.858028	0.033	BRX100306
3739	-73.838814	40.856476	0.033	BRX100318
3740	-73.830666	40.85545	0.033	BRX100319
3747	-73.826157	40.834499	0.033	BRX100329
3753	-73.86692	40.823189	0.033	BRX100340
3760	-73.926064	40.827808	0.033	BRX100363
3761	-73.918098	40.825344	0.033	BRX100366
3765	-73.902748	40.822517	0.033	BRX100373
3772	-73.887581	40.816071	0.033	BRX100384
3774	-73.881966	40.815067	0.033	BRX100386
3784	-73.906235	40.823544	0.033	BRX100428
3811	-73.849167	40.847385	0.033	BRX100493
3813	-73.85302	40.852589	0.033	BRX100495
3816	-73.857887	40.862923	0.033	BRX100500
3824	-73.85865	40.87862	0.033	BRX100509
3828	-73.855598	40.884151	0.033	BRX100513
3845	-73.85994	40.865654	0.033	BRX100534
3848	-73.856514	40.85767	0.033	BRX100537
3857	-73.883965	40.845821	0.033	BRX100560
3860	-73.881577	40.853214	0.033	BRX100563
3861	-73.880684	40.856407	0.033	BRX100564
3867	-73.909401	40.874485	0.033	BRX100579
3869	-73.902794	40.881535	0.033	BRX100583
3910	-73.878334	40.84256	0.033	BRX100646
3930	-73.889854	40.876999	0.033	BRX100723
3939	-73.924576	40.838257	0.033	BRX100741
3946	-73.906395	40.838631	0.033	BRX100750
3952	-73.893883	40.834923	0.033	BRX100761
3954	-73.897575	40.836613	0.033	BRX100763
3965	-73.922981	40.842407	0.033	BRX100779
3973	-73.861763	40.85688	0.033	BRX100809
3977	-73.790062	40.853241	0.033	BRX100821
3992	-73.908455	40.862839	0.033	BRX100854
4003	-73.801308	40.860565	0.033	BRX100870
4005	-73.930191	40.829983	0.033	BRX100883
4009	-73.927635	40.835861	0.033	BRX100895
4023	-73.81884	40.83791	0.033	BRX100960
4028	-73.819374	40.843952	0.033	BRX100966
4031	-73.821182	40.840847	0.033	BRX100974
4039	-73.921631	40.810635	0.033	BRX101015
4041	-73.919823	40.81311	0.033	BRX101017
4048	-73.904686	40.833076	0.033	BRX101029
4050	-73.900932	40.838413	0.033	BRX101031
4054	-73.890991	40.857204	0.033	BRX101038
4055	-73.89122	40.853909	0.033	BRX101047
4057	-73.898605	40.842079	0.033	BRX101052
4074	-73.926956	40.810944	0.033	BRX101074
4081	-73.861511	40.900898	0.033	BRX101146
4086	-73.845093	40.896328	0.033	BRX101152
4087	-73.843803	40.892963	0.033	BRX101153
4088	-73.841438	40.888401	0.033	BRX101154
4093	-73.83149	40.884827	0.033	BRX101159
4094	-73.828094	40.885811	0.033	BRX101160
4097	-73.819519	40.889843	0.033	BRX101163
4099	-73.840126	40.900482	0.033	BRX101165
4105	-73.833527	40.889408	0.033	BRX101172
4121	-73.863602	40.895554	0.033	BRX101188
4141	-73.893135	40.84306	0.033	BRX101219
4144	-73.888855	40.848	0.033	BRX101223
4145	-73.886482	40.850182	0.033	BRX101224
4149	-73.89045	40.861012	0.033	BRX101231
4156	-73.891121	40.845531	0.033	BRX101242
4161	-73.897736	40.829277	0.033	BRX101248
4169	-73.904526	40.812447	0.033	BRX101256
4171	-73.916641	40.851871	0.033	BRX101274
4174	-73.917595	40.844288	0.033	BRX101277
4185	-73.924629	40.84507	0.033	BRX101295
4190	-73.919792	40.816544	0.033	BRX101310
4194	-73.908707	40.813061	0.033	BRX101315
4197	-73.898758	40.813713	0.033	BRX101319
4200	-73.893761	40.818542	0.033	BRX101322
4204	-73.890709	40.832287	0.033	BRX101329
4232	-73.927078	40.818588	0.033	BRX101377
4236	-73.904709	40.827328	0.033	BRX101402
4243	-73.884628	40.839111	0.033	BRX101410
4248	-73.869904	40.843666	0.033	BRX101416
4254	-73.851471	40.850155	0.033	BRX101423
4279	-73.923882	40.812885	0.033	BRX101471
4283	-73.847488	40.817261	0.033	BRX101479
4285	-73.84848	40.821465	0.033	BRX101481
4289	-73.850647	40.830818	0.033	BRX101487
4293	-73.855736	40.836029	0.033	BRX101491
4294	-73.863403	40.841213	0.033	BRX101494
4298	-73.867691	40.851307	0.033	BRX101499
4303	-73.869385	40.853935	0.033	BRX101541
4324	-73.885323	40.869884	0.033	BRX101692
4326	-73.883461	40.866871	0.033	BRX101694
4334	-73.855316	40.865337	0.033	BRX101703
4336	-73.851532	40.865269	0.033	BRX101705
4338	-73.847321	40.865192	0.033	BRX101707
4344	-73.837128	40.866959	0.033	BRX101713
4382	-73.843163	40.865292	0.033	BRX101757
4402	-73.897385	40.867596	0.033	BRX101781
4403	-73.891502	40.824986	0.033	BRX101784
4406	-73.874023	40.826763	0.033	BRX101795
4408	-73.869682	40.827145	0.033	BRX101797
4412	-73.857956	40.813435	0.033	BRX101811
4416	-73.852715	40.807869	0.033	BRX101819
4430	-73.8731	40.878708	0.033	BRX101863
4436	-73.855064	40.873657	0.033	BRX101870
4441	-73.84539	40.869915	0.033	BRX101875
4463	-73.842255	40.879585	0.033	BRX101969
4465	-73.838875	40.8811	0.033	BRX101971
4468	-73.823257	40.881397	0.033	BRX101975
4478	-73.844551	40.846764	0.033	BRX102034
4481	-73.843636	40.854973	0.033	BRX102039
4495	-73.847908	40.8801	0.033	BRX102054
4497	-73.8489	40.88401	0.033	BRX102056
4499	-73.846718	40.888035	0.033	BRX102061
4501	-73.853691	40.892319	0.033	BRX102064
4507	-73.848381	40.89043	0.033	BRX102074
4511	-73.842911	40.884697	0.033	BRX102079
4534	-73.920403	40.821899	0.033	BRX102114
4539	-73.915672	40.830418	0.033	BRX102119
4540	-73.914154	40.832996	0.033	BRX102121
4553	-73.904518	40.857227	0.033	BRX102135
4568	-73.907288	40.853966	0.033	BRX102152
4599	-73.917305	40.806831	0.033	BRX102207
4606	-73.890053	40.86684	0.033	BRX102225
4614	-73.868378	40.90266	0.033	BRX102246
4634	-73.903107	40.830551	0.033	BRX102292
4639	-73.89476	40.827751	0.033	BRX102298
4652	-73.91053	40.830917	0.033	BRX102320
4665	-73.912155	40.850655	0.033	BRX102357
4670	-73.902924	40.848537	0.033	BRX102363
4678	-73.883919	40.835976	0.033	BRX102386
4680	-73.877075	40.833736	0.033	BRX102388
4682	-73.872322	40.834385	0.033	BRX102390
4685	-73.861603	40.830185	0.033	BRX102395
4688	-73.851555	40.818676	0.033	BRX102411
4692	-73.859703	40.826595	0.033	BRX102417
4695	-73.867897	40.834888	0.033	BRX102423
4705	-73.893875	40.8507	0.033	BRX102440
4722	-73.88588	40.842728	0.033	BRX102496
4737	-73.868828	40.83968	0.033	BRX102568
4742	-73.849983	40.842747	0.033	BRX102577
4745	-73.83728	40.839802	0.033	BRX102582
4747	-73.833687	40.836269	0.033	BRX102584
4751	-73.826439	40.830818	0.033	BRX102588
4760	-73.806	40.81229	0.033	BRX102605
4763	-73.825409	40.824444	0.033	BRX102614
4765	-73.826553	40.821453	0.033	BRX102616
4767	-73.822815	40.821022	0.033	BRX102618
4771	-73.82196	40.814816	0.033	BRX102624
4772	-73.801765	40.809174	0.033	BRX102632
4778	-73.802574	40.813728	0.033	BRX102640
4779	-73.804451	40.816296	0.033	BRX102644
4812	-73.903503	40.84288	0.033	BRX102734
4813	-73.896103	40.855225	0.033	BRX102740
4814	-73.893646	40.859058	0.033	BRX102742
4816	-73.886795	40.865265	0.033	BRX102748
4818	-73.864403	40.880436	0.033	BRX102757
4831	-73.857361	40.893555	0.033	BRX102782
4838	-73.87529	40.872765	0.033	BRX102796
4840	-73.88018	40.869419	0.033	BRX102798
4851	-73.929474	40.807938	0.033	BRX102839
4853	-73.857193	40.839943	0.033	BRX102899
4868	-73.916084	40.817059	0.033	BRX102976
4871	-73.879532	40.895218	0.033	BRX102979
4897	-73.90097	40.875484	0.033	BRX103047
4923	-73.859283	40.889835	0.033	BRX103119
4933	-73.815498	40.825069	0.033	BRX103162
4935	-73.816399	40.831261	0.033	BRX103166
4943	-73.829659	40.84095	0.033	BRX103175
4945	-73.830421	40.844193	0.033	BRX103177
4958	-73.800461	40.816647	0.033	BRX103204
4964	-73.910339	40.846767	0.033	BRX103214
4980	-73.913589	40.83849	0.033	BRX103278
5000	-73.863617	40.83754	0.033	BRX103311
5003	-73.857315	40.817406	0.033	BRX103314
5024	-73.863426	40.816872	0.033	BRX103344
5031	-73.839828	40.84621	0.033	BRX103359
5046	-73.879356	40.874878	0.033	BRX103426
5066	-73.897331	40.871571	0.033	BRX103498
5071	-73.891609	40.82082	0.033	BRX103507
5075	-73.859367	40.837662	0.033	BRX103517
5077	-73.853485	40.840801	0.033	BRX103520
5086	-73.926796	40.842892	0.033	BRX103541
5090	-73.880768	40.810658	0.033	BRX103547
5093	-73.882523	40.822739	0.033	BRX103563
5106	-73.895569	40.839931	0.033	BRX103599
5123	-73.881012	40.861149	0.033	BRX103640
5130	-73.81321	40.864491	0.033	BRX103659
5169	-73.913292	40.81448	0.033	BRX103723
5173	-73.895882	40.847019	0.033	BRX103737
5193	-73.826683	40.859688	0.033	BRX103791
5195	-73.826859	40.866287	0.033	BRX103794
5208	-73.882614	40.872131	0.033	BRX103892
5223	-73.885818	40.879311	0.033	BRX103912
5245	-73.827271	40.85183	0.033	BRX103946
5274	-73.850052	40.903339	0.033	BRX103997
5288	-73.887764	40.82914	0.033	BRX104036
5290	-73.886139	40.832863	0.033	BRX104038
5302	-73.860313	40.875523	0.033	BRX104052
5303	-73.912056	40.827442	0.033	BRX104053
5305	-73.855278	40.822304	0.033	BRX104055
5316	-73.82222	40.846104	0.033	BRX104070
5370	-73.909904	40.801292	0.033	BRX104250
5389	-73.881775	40.8283	0.033	BRX104313
5426	-73.954964	40.814972	0.033	BRX401446
5436	-73.941002	40.805981	0.033	BRX402505
5440	-73.951576	40.810444	0.033	BRX402509
5445	-73.950546	40.82103	0.033	BRX402518
5456	-73.938675	40.844952	0.033	BRX402535
5461	-73.931557	40.858521	0.033	BRX402544
5467	-73.922897	40.867016	0.033	BRX402551
5478	-73.933517	40.855064	0.033	BRX402622
5480	-73.934669	40.852516	0.033	BRX402624
5487	-73.947929	40.82497	0.033	BRX402644
5503	-73.931	40.848236	0.033	BRX403652
5513	-73.931549	40.801796	0.033	BRX403674
5535	-73.942726	40.831554	0.033	BRX403703
5543	-73.936203	40.812046	0.033	BRX403722
5544	-73.948433	40.836311	0.033	BRX403728
5546	-73.933983	40.805378	0.033	BRX403766
5552	-73.955414	40.826771	0.033	BRX404020
5554	-73.937347	40.848534	0.033	BRX404026
5555	-73.91304	40.871967	0.033	BRX404028
5565	-73.935135	40.849739	0.033	BRX404324
5579	-73.924652	40.86129	0.033	BRX405429
5581	-73.921028	40.861465	0.033	BRX405431
5582	-73.918983	40.864227	0.033	BRX405432
5594	-73.879997	40.807667	0.033	BRX801122
5619	-73.889931	40.809551	0.033	BRX802083
5621	-73.896301	40.81646	0.033	BRX802086
5623	-73.901825	40.819386	0.033	BRX802091
5625	-73.893265	40.814442	0.033	BRX802094
5628	-73.887932	40.806179	0.033	BRX802097
5640	-73.876694	40.810043	0.033	BRX802126
5641	-73.842926	40.841099	0.033	BRX802127
5646	-73.929169	40.82206	0.033	BRX802150
5648	-73.841537	40.849396	0.033	BRX802152
5660	-73.826584	40.856258	0.033	BRX802164
5675	-73.827225	40.813007	0.033	BRX803086
5708	-73.873474	40.803402	0.033	BRX902086
5709	-73.871788	40.808685	0.033	BRX902087
5712	-73.839684	40.852516	0.033	BRX902091
5722	-73.939743	40.578251	0.033	BRK300000
5724	-73.944664	40.577961	0.033	BRK300003
5730	-73.956383	40.577957	0.033	BRK300010
5735	-73.967438	40.576424	0.033	BRK300016
5740	-73.968781	40.590771	0.033	BRK300022
5749	-73.987053	40.597874	0.033	BRK300032
5751	-73.991425	40.600525	0.033	BRK300034
5758	-74.005119	40.608868	0.033	BRK300041
5759	-74.009827	40.611706	0.033	BRK300043
5761	-74.013725	40.614063	0.033	BRK300045
5769	-74.004425	40.624096	0.033	BRK300053
5771	-74.008591	40.626598	0.033	BRK300055
5775	-74.018875	40.632553	0.033	BRK300061
5781	-74.034088	40.637878	0.033	BRK300067
5834	-73.950539	40.577034	0.033	BRK300130
5838	-73.957176	40.607384	0.033	BRK300137
5842	-73.948097	40.606789	0.033	BRK300143
5850	-73.933327	40.611423	0.033	BRK300154
5853	-73.927773	40.611977	0.033	BRK300158
5855	-73.924072	40.611477	0.033	BRK300163
5879	-73.97998	40.596169	0.033	BRK300192
5882	-73.973434	40.596889	0.033	BRK300195
5888	-73.95787	40.598602	0.033	BRK300201
5891	-73.946198	40.599888	0.033	BRK300206
5893	-73.941956	40.600372	0.033	BRK300208
5899	-73.929901	40.60495	0.033	BRK300214
5908	-73.913887	40.615406	0.033	BRK300225
5921	-73.925179	40.608204	0.033	BRK300251
5937	-73.961655	40.598316	0.033	BRK300267
5952	-74.036377	40.631836	0.033	BRK300284
5955	-74.028519	40.630005	0.033	BRK300287
5963	-74.011581	40.622715	0.033	BRK300295
5965	-74.007614	40.620323	0.033	BRK300297
5967	-74.003204	40.617661	0.033	BRK300299
5970	-73.996162	40.613403	0.033	BRK300302
5973	-73.989342	40.609287	0.033	BRK300305
5978	-73.98613	40.600712	0.033	BRK300310
5982	-73.969543	40.586227	0.033	BRK300322
5985	-73.965141	40.58078	0.033	BRK300327
5990	-73.955124	40.587521	0.033	BRK300335
6000	-73.949814	40.588531	0.033	BRK300361
6006	-73.95459	40.583126	0.033	BRK300368
6020	-73.986877	40.605877	0.033	BRK300391
6045	-73.989594	40.588211	0.033	BRK300419
6060	-73.976318	40.604591	0.033	BRK300438
6063	-73.969574	40.604424	0.033	BRK300441
6065	-73.965271	40.606182	0.033	BRK300443
6073	-73.947571	40.614021	0.033	BRK300452
6076	-73.942146	40.618767	0.033	BRK300456
6078	-73.939293	40.621422	0.033	BRK300458
6105	-73.998482	40.59692	0.033	BRK300495
6115	-73.985497	40.609802	0.033	BRK300516
6119	-73.978455	40.616695	0.033	BRK300521
6128	-73.951584	40.626549	0.033	BRK300534
6133	-73.947823	40.633953	0.033	BRK300541
6136	-73.941658	40.634312	0.033	BRK300544
6145	-73.919243	40.636993	0.033	BRK300557
6151	-73.908524	40.638458	0.033	BRK300566
6159	-73.889389	40.653156	0.033	BRK300582
6160	-73.887848	40.655617	0.033	BRK300584
6169	-73.903229	40.642086	0.033	BRK300608
6178	-73.918579	40.632725	0.033	BRK300618
6187	-73.935478	40.632465	0.033	BRK300628
6206	-73.982979	40.612492	0.033	BRK300658
6213	-73.933662	40.625359	0.033	BRK300682
6215	-73.932465	40.6301	0.033	BRK300684
6220	-73.926102	40.637413	0.033	BRK300689
6223	-73.924881	40.644535	0.033	BRK300692
6225	-73.924187	40.64835	0.033	BRK300694
6234	-73.915474	40.6619	0.033	BRK300705
6236	-73.916252	40.664928	0.033	BRK300707
6242	-73.913742	40.675243	0.033	BRK300714
6244	-73.913445	40.678318	0.033	BRK300716
6246	-73.914177	40.681767	0.033	BRK300718
6249	-73.917793	40.685581	0.033	BRK300735
6256	-73.91687	40.673069	0.033	BRK300743
6286	-74.012146	40.605019	0.033	BRK300791
6298	-73.992775	40.616444	0.033	BRK300804
6303	-73.987274	40.621883	0.033	BRK300809
6304	-73.984077	40.625092	0.033	BRK300811
6306	-73.981255	40.62793	0.033	BRK300814
6309	-73.977325	40.630581	0.033	BRK300817
6315	-73.966393	40.632404	0.033	BRK300823
6317	-73.96225	40.634403	0.033	BRK300825
6323	-73.950859	40.640732	0.033	BRK300832
6325	-73.947136	40.640968	0.033	BRK300834
6328	-73.941399	40.641323	0.033	BRK300837
6330	-73.933762	40.641792	0.033	BRK300839
6332	-73.928909	40.642094	0.033	BRK300842
6337	-73.91291	40.646309	0.033	BRK300853
6386	-74.007454	40.602753	0.033	BRK300912
6390	-74.016113	40.60725	0.033	BRK300916
6394	-74.015953	40.639259	0.033	BRK300927
6396	-74.009285	40.635242	0.033	BRK300930
6398	-73.998711	40.62886	0.033	BRK300935
6401	-73.991653	40.624592	0.033	BRK300938
6442	-73.870331	40.668098	0.033	BRK301033
6447	-73.878288	40.668335	0.033	BRK301038
6449	-73.883629	40.666035	0.033	BRK301040
6452	-73.888832	40.663784	0.033	BRK301043
6454	-73.893028	40.661934	0.033	BRK301045
6456	-73.899544	40.659027	0.033	BRK301049
6464	-73.916077	40.658955	0.033	BRK301058
6473	-73.924973	40.674152	0.033	BRK301069
6479	-73.93589	40.676445	0.033	BRK301075
6491	-73.937469	40.695499	0.033	BRK301089
6498	-73.940132	40.693096	0.033	BRK301098
6504	-73.938179	40.683262	0.033	BRK301105
6506	-73.937424	40.679749	0.033	BRK301107
6515	-73.922615	40.670048	0.033	BRK301120
6517	-73.922798	40.666862	0.033	BRK301122
6546	-74.017807	40.647743	0.033	BRK301162
6550	-73.999023	40.638226	0.033	BRK301172
6556	-73.985802	40.630238	0.033	BRK301179
6560	-73.975754	40.625973	0.033	BRK301184
6567	-73.971626	40.62656	0.033	BRK301281
6581	-73.961723	40.654888	0.033	BRK301309
6584	-73.955872	40.655014	0.033	BRK301312
6587	-73.946747	40.655537	0.033	BRK301315
6590	-73.939507	40.656403	0.033	BRK301318
6593	-73.939682	40.660423	0.033	BRK301321
6612	-73.908783	40.673244	0.033	BRK301388
6653	-73.872528	40.677578	0.033	BRK301501
6660	-73.867531	40.665146	0.033	BRK301511
6662	-73.927925	40.668365	0.033	BRK301516
6664	-73.916832	40.668716	0.033	BRK301521
6677	-73.886589	40.670597	0.033	BRK301542
6681	-73.879791	40.6716	0.033	BRK301546
6687	-73.866348	40.673527	0.033	BRK301552
6689	-73.862076	40.673897	0.033	BRK301554
6708	-73.895668	40.669365	0.033	BRK301576
6711	-73.902084	40.668404	0.033	BRK301579
6719	-73.907494	40.670231	0.033	BRK301589
6729	-74.035118	40.611763	0.033	BRK301602
6731	-74.037102	40.614082	0.033	BRK301604
6734	-74.040024	40.619415	0.033	BRK301607
6738	-74.036133	40.624573	0.033	BRK301611
6740	-74.03125	40.623421	0.033	BRK301613
6748	-74.012192	40.628551	0.033	BRK301624
6753	-73.986519	40.643497	0.033	BRK301647
6760	-73.971565	40.648129	0.033	BRK301655
6765	-73.963409	40.651443	0.033	BRK301664
6777	-73.986626	40.6404	0.033	BRK301679
6779	-73.988922	40.638195	0.033	BRK301681
6782	-73.992393	40.634861	0.033	BRK301684
6785	-73.999245	40.632092	0.033	BRK301689
6793	-74.026344	40.621639	0.033	BRK301707
6798	-74.040878	40.624294	0.033	BRK301714
6810	-73.881744	40.639111	0.033	BRK301726
6812	-73.885941	40.63641	0.033	BRK301728
6813	-73.889626	40.634026	0.033	BRK301730
6815	-73.893158	40.63171	0.033	BRK301732
6820	-73.902397	40.637161	0.033	BRK301737
6827	-73.916153	40.649261	0.033	BRK301745
6832	-73.923759	40.656334	0.033	BRK301750
6834	-73.927429	40.65963	0.033	BRK301752
6841	-73.936813	40.666672	0.033	BRK301759
6844	-73.900543	40.627884	0.033	BRK301766
6846	-73.905235	40.632156	0.033	BRK301768
6848	-73.902328	40.634041	0.033	BRK301770
6887	-73.919373	40.704323	0.033	BRK301879
6900	-73.876793	40.664764	0.033	BRK301945
6904	-73.890251	40.658337	0.033	BRK301958
6909	-73.894394	40.66658	0.033	BRK301963
6917	-73.907288	40.681187	0.033	BRK301977
6923	-73.909081	40.687138	0.033	BRK301983
6929	-73.907578	40.690002	0.033	BRK302015
6932	-73.912987	40.68449	0.033	BRK302018
6951	-73.927902	40.692478	0.033	BRK302058
6956	-73.892647	40.676067	0.033	BRK302075
6958	-73.889046	40.676723	0.033	BRK302077
6960	-73.884201	40.677921	0.033	BRK302080
6965	-73.867653	40.682663	0.033	BRK302088
6968	-73.871925	40.681721	0.033	BRK302170
6969	-73.877968	40.680004	0.033	BRK302172
6990	-73.945984	40.731491	0.033	BRK302258
6991	-73.938713	40.723812	0.033	BRK302276
6994	-73.940445	40.717884	0.033	BRK302281
7004	-73.963615	40.710732	0.033	BRK302297
7008	-73.968369	40.710838	0.033	BRK302304
7012	-73.956085	40.708916	0.033	BRK302311
7018	-73.94455	40.714451	0.033	BRK302319
7036	-73.970795	40.68478	0.033	BRK302370
7041	-73.961151	40.682213	0.033	BRK302376
7046	-73.945663	40.680115	0.033	BRK302381
7063	-73.982796	40.689678	0.033	BRK302431
7074	-73.949387	40.681805	0.033	BRK302464
7076	-73.943314	40.682503	0.033	BRK302466
7088	-73.912155	40.68877	0.033	BRK302478
7091	-73.907814	40.693192	0.033	BRK302481
7093	-73.905022	40.696007	0.033	BRK302483
7109	-73.929749	40.68417	0.033	BRK302503
7144	-74.008492	40.653961	0.033	BRK302679
7146	-74.004082	40.651302	0.033	BRK302681
7151	-73.990196	40.642895	0.033	BRK302687
7158	-73.966293	40.648102	0.033	BRK302698
7161	-73.958221	40.650364	0.033	BRK302701
7164	-73.941483	40.651131	0.033	BRK302708
7167	-73.935753	40.651421	0.033	BRK302711
7170	-73.930573	40.651657	0.033	BRK302715
7172	-73.926086	40.652351	0.033	BRK302717
7178	-73.914223	40.656403	0.033	BRK302724
7182	-73.919846	40.652946	0.033	BRK302740
7204	-73.982857	40.641445	0.033	BRK302771
7210	-73.994926	40.64592	0.033	BRK302777
7219	-74.003227	40.57719	0.033	BRK302787
7223	-73.999298	40.57299	0.033	BRK302793
7225	-73.989784	40.573864	0.033	BRK302797
7228	-73.977448	40.575287	0.033	BRK302802
7233	-73.965477	40.586674	0.033	BRK302810
7235	-73.960548	40.587215	0.033	BRK302812
7241	-73.939713	40.589928	0.033	BRK302823
7284	-74.017601	40.644421	0.033	BRK302891
7287	-74.010612	40.651161	0.033	BRK302897
7301	-73.98484	40.679356	0.033	BRK302956
7304	-73.992836	40.669441	0.033	BRK302962
7306	-74.002823	40.659325	0.033	BRK302971
7307	-74.005112	40.657139	0.033	BRK302973
7328	-73.950966	40.689857	0.033	BRK303027
7340	-73.923866	40.699505	0.033	BRK303040
7356	-73.946053	40.692043	0.033	BRK303086
7360	-73.957176	40.690762	0.033	BRK303091
7363	-73.969521	40.689541	0.033	BRK303096
7370	-73.921883	40.675659	0.033	BRK303138
7376	-73.923019	40.684765	0.033	BRK303145
7384	-73.933403	40.696033	0.033	BRK303154
7386	-73.941711	40.700665	0.033	BRK303158
7387	-73.94455	40.702339	0.033	BRK303159
7394	-73.948059	40.704136	0.033	BRK303173
7416	-73.939697	40.625439	0.033	BRK303227
7418	-73.942215	40.627819	0.033	BRK303229
7422	-73.951256	40.636368	0.033	BRK303234
7425	-73.957832	40.64423	0.033	BRK303238
7431	-73.964264	40.665989	0.033	BRK303247
7438	-73.987701	40.690472	0.033	BRK303259
7443	-73.92054	40.619408	0.033	BRK303274
7445	-73.924469	40.619167	0.033	BRK303276
7469	-73.929359	40.618725	0.033	BRK303326
7480	-73.92971	40.615974	0.033	BRK303339
7485	-73.89727	40.640465	0.033	BRK303349
7490	-73.886681	40.631306	0.033	BRK303355
7509	-73.947281	40.629482	0.033	BRK303379
7527	-73.94799	40.663937	0.033	BRK303398
7532	-73.94751	40.671322	0.033	BRK303403
7535	-73.94709	40.675819	0.033	BRK303406
7565	-73.950859	40.66198	0.033	BRK303464
7567	-73.950546	40.659054	0.033	BRK303466
7596	-73.964432	40.680668	0.033	BRK303531
7604	-73.952675	40.671711	0.033	BRK303540
7607	-73.94162	40.671085	0.033	BRK303544
7609	-73.936096	40.670788	0.033	BRK303546
7627	-73.957397	40.673424	0.033	BRK303570
7635	-73.926277	40.614365	0.033	BRK303590
7638	-73.927055	40.621674	0.033	BRK303593
7641	-73.92778	40.628506	0.033	BRK303596
7647	-73.929527	40.644814	0.033	BRK303604
7649	-73.929916	40.648533	0.033	BRK303606
7653	-73.930687	40.655689	0.033	BRK303610
7654	-73.931007	40.658676	0.033	BRK303612
7660	-73.930161	40.6889	0.033	BRK303627
7674	-73.929001	40.67942	0.033	BRK303672
7676	-73.930809	40.672943	0.033	BRK303676
7706	-73.941513	40.675968	0.033	BRK303723
7709	-73.941154	40.679825	0.033	BRK303726
7720	-73.943474	40.696358	0.033	BRK303737
7722	-73.94725	40.699764	0.033	BRK303762
7738	-73.94532	40.666576	0.033	BRK303784
7743	-73.953728	40.663822	0.033	BRK303789
7746	-73.961792	40.669926	0.033	BRK303796
7764	-73.94828	40.707901	0.033	BRK303820
7766	-73.948845	40.711315	0.033	BRK303823
7776	-73.945694	40.725315	0.033	BRK303835
7783	-73.950668	40.723892	0.033	BRK303850
7795	-73.951881	40.701595	0.033	BRK303863
7808	-73.955772	40.676933	0.033	BRK303880
7815	-73.95974	40.665962	0.033	BRK303887
7817	-73.953308	40.579575	0.033	BRK303901
7831	-73.954018	40.613865	0.033	BRK303922
7842	-73.952003	40.647083	0.033	BRK303940
7844	-73.952614	40.652821	0.033	BRK303943
7853	-73.95343	40.667641	0.033	BRK303953
7901	-73.951172	40.584667	0.033	BRK304019
7912	-73.878334	40.642979	0.033	BRK304083
7916	-73.885094	40.65144	0.033	BRK304087
7925	-73.916565	40.695171	0.033	BRK304198
7927	-73.919769	40.691921	0.033	BRK304200
7937	-73.951164	40.686199	0.033	BRK304212
7947	-73.94455	40.711651	0.033	BRK304373
7952	-73.964584	40.693542	0.033	BRK304392
7970	-73.915787	40.699017	0.033	BRK304413
7973	-73.91185	40.699516	0.033	BRK304418
7986	-73.954704	40.694805	0.033	BRK304435
7991	-73.969246	40.693176	0.033	BRK304442
7995	-73.894119	40.679634	0.033	BRK304527
7999	-73.88829	40.682438	0.033	BRK304531
8000	-73.885269	40.683861	0.033	BRK304532
8004	-73.875908	40.688408	0.033	BRK304536
8017	-73.983162	40.699688	0.033	BRK304645
8022	-73.962029	40.698093	0.033	BRK304655
8030	-73.936539	40.701946	0.033	BRK304666
8034	-73.923859	40.707569	0.033	BRK304672
8051	-73.987381	40.700272	0.033	BRK304722
8055	-73.932068	40.713982	0.033	BRK304863
8058	-73.960785	40.71246	0.033	BRK304940
8066	-73.906464	40.653252	0.033	BRK304958
8068	-73.907211	40.656178	0.033	BRK304960
8083	-73.919655	40.697315	0.033	BRK304992
8090	-73.930954	40.703739	0.033	BRK304999
8095	-73.935783	40.707352	0.033	BRK305004
8111	-73.942764	40.707314	0.033	BRK305028
8146	-73.909325	40.663803	0.033	BRK305068
8160	-74.014664	40.675697	0.033	BRK305095
8164	-74.009468	40.680191	0.033	BRK305099
8166	-74.002815	40.684643	0.033	BRK305103
8168	-73.997536	40.69099	0.033	BRK305109
8176	-73.965981	40.707161	0.033	BRK305141
8184	-73.954994	40.734066	0.033	BRK305167
8191	-73.952705	40.720524	0.033	BRK305177
8206	-74.006386	40.682991	0.033	BRK305228
8215	-73.947021	40.721767	0.033	BRK305271
8240	-74.010017	40.645298	0.033	BRK305358
8241	-74.006516	40.648651	0.033	BRK305361
8246	-73.998314	40.656548	0.033	BRK305367
8248	-73.994873	40.659836	0.033	BRK305370
8254	-73.985138	40.687145	0.033	BRK305393
8266	-73.986641	40.668911	0.033	BRK305423
8268	-73.990593	40.664112	0.033	BRK305427
8285	-74.024651	40.624786	0.033	BRK305458
8289	-73.989876	40.591213	0.033	BRK305480
8291	-73.991158	40.594551	0.033	BRK305483
8297	-74.013535	40.610889	0.033	BRK305500
8327	-73.983841	40.684193	0.033	BRK305611
8332	-73.995583	40.683178	0.033	BRK305618
8340	-73.976768	40.672527	0.033	BRK305633
8351	-73.981895	40.666649	0.033	BRK305677
8356	-73.987602	40.660156	0.033	BRK305682
8363	-73.960571	40.591965	0.033	BRK305699
8364	-73.960777	40.594704	0.033	BRK305700
8368	-73.961449	40.60334	0.033	BRK305704
8370	-73.961739	40.607182	0.033	BRK305706
8372	-73.962791	40.612907	0.033	BRK305708
8374	-73.963615	40.617233	0.033	BRK305710
8375	-73.964203	40.620354	0.033	BRK305711
8377	-73.965103	40.625065	0.033	BRK305713
8382	-73.968773	40.63966	0.033	BRK305720
8387	-73.972687	40.652992	0.033	BRK305727
8390	-73.975441	40.658943	0.033	BRK305730
8392	-73.979408	40.660698	0.033	BRK305733
8404	-73.968071	40.636295	0.033	BRK305746
8424	-73.960083	40.582047	0.033	BRK305770
8428	-73.980949	40.663563	0.033	BRK305793
8431	-73.968643	40.67794	0.033	BRK305804
8452	-73.98378	40.65694	0.033	BRK305858
8454	-74.023605	40.612347	0.033	BRK305873
8465	-74.001656	40.642982	0.033	BRK305897
8473	-74.005196	40.639782	0.033	BRK305929
8488	-73.996841	40.575359	0.033	BRK305992
8501	-73.993217	40.688095	0.033	BRK306055
8512	-74.007355	40.674454	0.033	BRK306087
8516	-74.000633	40.672714	0.033	BRK306108
8523	-74.01178	40.673779	0.033	BRK306115
8530	-73.918159	40.629196	0.033	BRK306157
8542	-73.920509	40.66077	0.033	BRK306175
8553	-73.920311	40.647049	0.033	BRK306192
8562	-73.916672	40.617802	0.033	BRK306204
8572	-73.885948	40.661022	0.033	BRK306221
8591	-73.931717	40.663715	0.033	BRK306304
8593	-73.94368	40.664021	0.033	BRK306322
8597	-73.919853	40.641876	0.033	BRK306332
8601	-73.99585	40.592632	0.033	BRK306341
8612	-74.003876	40.580723	0.033	BRK306371
8616	-73.899643	40.64679	0.033	BRK306382
8639	-73.934227	40.726711	0.033	BRK306480
8648	-73.988449	40.635006	0.033	BRK306521
8664	-73.978928	40.640671	0.033	BRK306549
8667	-73.980667	40.649879	0.033	BRK306553
8710	-74.016212	40.630287	0.033	BRK306639
8728	-73.969009	40.672222	0.033	BRK306716
8746	-73.962822	40.702721	0.033	BRK306765
8763	-73.975937	40.695976	0.033	BRK306813
8772	-73.912094	40.654228	0.033	BRK306843
8775	-73.878761	40.659775	0.033	BRK306847
8815	-73.979332	40.693432	0.033	BRK306932
8833	-74.027245	40.616684	0.033	BRK306959
8842	-73.982872	40.584709	0.033	BRK306979
8844	-73.984238	40.587646	0.033	BRK306982
8853	-73.938438	40.584026	0.033	BRK307020
8865	-73.974442	40.614368	0.033	BRK307070
8893	-73.913116	40.669262	0.033	BRK307122
8911	-73.89399	40.652657	0.033	BRK307173
8913	-74.012108	40.656498	0.033	BRK307177
8919	-74.003197	40.631733	0.033	BRK307192
8950	-73.921249	40.678764	0.033	BRK307255
8957	-73.862892	40.664654	0.033	BRK307269
8999	-74.023201	40.64542	0.033	BRK307484
9016	-73.969353	40.614609	0.033	BRK307510
9040	-73.957001	40.687393	0.033	BRK307553
9092	-73.93853	40.687538	0.033	BRK307680
9111	-73.982483	40.581459	0.033	BRK307713
9116	-73.95591	40.603695	0.033	BRK307770
9121	-74.039902	40.627895	0.033	BRK307780
9122	-74.031067	40.616436	0.033	BRK307784
9130	-73.954315	40.711723	0.033	BRK307809
9133	-73.930038	40.675739	0.033	BRK307813
9152	-73.972275	40.576511	0.033	BRK307835
9165	-73.923683	40.716179	0.033	BRK307861
9210	-74.002357	40.59996	0.033	BRK307957
9223	-73.931511	40.668552	0.033	BRK307984
9232	-73.983307	40.696224	0.033	BRK307996
9263	-73.969643	40.675179	0.033	BRK308059
9274	-73.955643	40.680599	0.033	BRK308073
9275	-73.961464	40.660843	0.033	BRK308074
9283	-74.024872	40.638126	0.033	BRK308087
9296	-74.00808	40.631298	0.033	BRK308104
9318	-73.996941	40.676334	0.033	BRK308156
9337	-73.980385	40.605133	0.033	BRK308195
9346	-73.982986	40.673008	0.033	BRK308207
9349	-73.978851	40.678658	0.033	BRK308210
9357	-73.927643	40.714024	0.033	BRK308218
9377	-73.998138	40.663162	0.033	BRK308257
9397	-73.974228	40.579823	0.033	BRK308303
9432	-74.023819	40.609104	0.033	BRK308355
9454	-73.964714	40.715714	0.033	BRK308399
9457	-73.986267	40.583359	0.033	BRK308411
9508	-74.001251	40.687859	0.033	BRK308562
9526	-73.961754	40.707504	0.033	BRK308599
9539	-73.991913	40.702515	0.033	BRK308626
9550	-73.933403	40.635338	0.033	BRK308663
9554	-74.021545	40.641407	0.033	BRK308749
9560	-74.003876	40.725624	0.033	BRK400917
9562	-73.988792	40.741142	0.033	BRK402130
9567	-73.972794	40.762562	0.033	BRK402227
9569	-73.988556	40.718819	0.033	BRK403679
9571	-73.976601	40.759525	0.033	BRK404179
9577	-73.990936	40.734707	0.033	BRK404197
9585	-74.00647	40.716633	0.033	BRK404892
9602	-73.804329	40.702229	0.033	BRK502145
9622	-73.858582	40.69249	0.033	BRK503380
9632	-73.839935	40.695396	0.033	BRK503390
9635	-73.835289	40.697937	0.033	BRK503393
9637	-73.832199	40.699577	0.033	BRK503395
9640	-73.82431	40.701225	0.033	BRK503398
9642	-73.820709	40.702007	0.033	BRK503400
9681	-73.897659	40.708054	0.033	BRK503457
9691	-73.89431	40.72644	0.033	BRK503470
9700	-73.875061	40.741371	0.033	BRK503480
9702	-73.870041	40.742287	0.033	BRK503482
9704	-73.865921	40.743378	0.033	BRK503484
9706	-73.861641	40.744198	0.033	BRK503486
9715	-73.832779	40.754059	0.033	BRK503497
9769	-73.842278	40.689877	0.033	BRK503647
9771	-73.838799	40.690868	0.033	BRK503651
9778	-73.82119	40.695675	0.033	BRK503663
9785	-73.86216	40.684223	0.033	BRK503679
9793	-73.858673	40.685211	0.033	BRK503719
9796	-73.915283	40.718452	0.033	BRK503734
9820	-73.91259	40.709011	0.033	BRK503883
9823	-73.912781	40.713081	0.033	BRK503907
9829	-73.83287	40.748291	0.033	BRK503956
9845	-73.884171	40.693703	0.033	BRK504095
9847	-73.887001	40.696884	0.033	BRK504097
9860	-73.905556	40.706146	0.033	BRK504112
9867	-73.908134	40.703468	0.033	BRK504120
9887	-73.899551	40.696426	0.033	BRK504171
9900	-73.855202	40.686203	0.033	BRK504185
9902	-73.851807	40.687168	0.033	BRK504187
9904	-73.848007	40.68824	0.033	BRK504189
9912	-73.815338	40.699543	0.033	BRK504203
9923	-73.934868	40.735447	0.033	BRK504214
9926	-73.928421	40.73806	0.033	BRK504217
9930	-73.919029	40.742069	0.033	BRK504221
9939	-73.915894	40.707493	0.033	BRK504230
9949	-73.904549	40.701057	0.033	BRK504241
9958	-73.920197	40.713715	0.033	BRK504251
9969	-73.883987	40.7122	0.033	BRK504263
9973	-73.87561	40.713051	0.033	BRK504267
9982	-73.845909	40.709606	0.033	BRK504279
9988	-73.827759	40.704945	0.033	BRK504285
10023	-73.874954	40.702362	0.033	BRK504335
10026	-73.867325	40.702988	0.033	BRK504338
10031	-73.857193	40.702744	0.033	BRK504343
10034	-73.850372	40.702	0.033	BRK504346
10082	-73.863052	40.73064	0.033	BRK504402
10102	-73.807823	40.700504	0.033	BRK504481
10113	-73.81028	40.699646	0.033	BRK504512
10124	-73.80201	40.701847	0.033	BRK504981
10150	-73.865417	40.71064	0.033	BRK505204
10155	-73.779633	40.647278	0.033	BRK505238
10167	-73.824142	40.661423	0.033	BRK553257
10195	-73.985275	40.578785	0.033	BRK801081
10221	-73.870461	40.650246	0.033	BRK801167
10222	-73.877029	40.652649	0.033	BRK801168
10235	-73.878189	40.656494	0.033	BRK803171
10274	-73.891685	40.650238	0.033	BRK901076
10295	-73.982468	40.710827	0.033	BRK901194
10322	-73.960205	40.72155	0.033	BRK901304
10324	-73.957176	40.726383	0.033	BRK901306
10329	-73.952721	40.738491	0.033	BRK901311
10344	-73.984802	40.702213	0.033	BRK901328
10346	-73.972321	40.699501	0.033	BRK901331
10347	-73.967224	40.704079	0.033	BRK901332
10375	-73.851364	40.670856	0.033	BRK901486
10397	-73.98996	40.732609	0.033	MAN400002
10400	-73.96933	40.766273	0.033	MAN400026
10402	-73.967484	40.768814	0.033	MAN400028
10410	-73.956139	40.784359	0.033	MAN400038
10420	-73.945053	40.799541	0.033	MAN400050
10431	-73.935875	40.820679	0.033	MAN400065
10445	-73.940208	40.809345	0.033	MAN400096
10454	-73.94957	40.796535	0.033	MAN400107
10468	-73.970238	40.768234	0.033	MAN400126
10471	-73.993515	40.729401	0.033	MAN400153
10474	-73.999069	40.722843	0.033	MAN400157
10483	-73.952606	40.798347	0.033	MAN400224
10487	-73.952156	40.803425	0.033	MAN400228
10492	-73.944298	40.81419	0.033	MAN400236
10502	-73.937492	40.835243	0.033	MAN400251
10515	-73.937103	40.824627	0.033	MAN400273
10537	-73.987137	40.745071	0.033	MAN400326
10540	-73.991257	40.739407	0.033	MAN400330
10544	-73.995926	40.731998	0.033	MAN400335
10548	-73.983627	40.746582	0.033	MAN400353
10552	-73.975548	40.757755	0.033	MAN400360
10557	-73.958511	40.800743	0.033	MAN400390
10562	-73.949577	40.814014	0.033	MAN400399
10569	-73.942276	40.828323	0.033	MAN400408
10572	-73.938553	40.842529	0.033	MAN400418
10579	-73.932785	40.850792	0.033	MAN400452
10591	-73.947281	40.818939	0.033	MAN400472
10605	-73.977676	40.75803	0.033	MAN400515
10606	-73.97905	40.756157	0.033	MAN400516
10618	-73.964172	40.810909	0.033	MAN400602
10621	-73.95195	40.824081	0.033	MAN400611
10626	-73.947319	40.830414	0.033	MAN400616
10663	-73.963509	40.802723	0.033	MAN400677
10667	-74.002602	40.728424	0.033	MAN400720
10669	-73.99984	40.733006	0.033	MAN400723
10672	-73.996346	40.73793	0.033	MAN400726
10673	-73.990929	40.745285	0.033	MAN400731
10682	-73.982277	40.785217	0.033	MAN400756
10683	-73.980827	40.789146	0.033	MAN400759
10686	-73.977074	40.792603	0.033	MAN400762
10687	-73.974251	40.796448	0.033	MAN400764
10716	-73.984726	40.783134	0.033	MAN400851
10733	-73.992554	40.742973	0.033	MAN400929
10748	-73.980316	40.780224	0.033	MAN401022
10758	-73.968178	40.796871	0.033	MAN401033
10788	-73.976311	40.780994	0.033	MAN401096
10801	-73.992577	40.713764	0.033	MAN401169
10806	-73.98217	40.731087	0.033	MAN401193
10829	-73.969086	40.785465	0.033	MAN401254
10832	-73.966255	40.789326	0.033	MAN401257
10845	-73.953049	40.807446	0.033	MAN401271
10851	-73.943466	40.820541	0.033	MAN401281
10854	-73.93705	40.829277	0.033	MAN401287
10886	-73.975182	40.777466	0.033	MAN401342
10891	-73.988678	40.753838	0.033	MAN401358
10898	-74.001999	40.735237	0.033	MAN401371
10909	-74.005768	40.737671	0.033	MAN401388
10914	-74.000603	40.752373	0.033	MAN401402
10917	-73.993797	40.761749	0.033	MAN401408
10921	-73.989227	40.768013	0.033	MAN401412
10923	-73.987328	40.77063	0.033	MAN401414
10938	-74.006264	40.733345	0.033	MAN401453
10943	-73.959564	40.809048	0.033	MAN401463
10945	-73.961403	40.806522	0.033	MAN401465
10954	-73.989235	40.763294	0.033	MAN401493
10957	-73.992668	40.758583	0.033	MAN401497
10963	-74.002975	40.744434	0.033	MAN401506
10974	-73.987846	40.728611	0.033	MAN401543
10979	-73.977219	40.725666	0.033	MAN401549
10999	-73.993301	40.735779	0.033	MAN401578
11008	-73.975876	40.716755	0.033	MAN401600
11012	-73.982941	40.727032	0.033	MAN401611
11030	-74.000923	40.7103	0.033	MAN401670
11034	-73.988113	40.723534	0.033	MAN401682
11041	-73.977234	40.738472	0.033	MAN401691
11043	-73.97226	40.745293	0.033	MAN401696
11044	-73.970894	40.747158	0.033	MAN401697
11046	-73.968407	40.750664	0.033	MAN401699
11048	-73.96492	40.755371	0.033	MAN401702
11057	-73.952339	40.77261	0.033	MAN401712
11059	-73.947662	40.779011	0.033	MAN401716
11062	-73.941597	40.787323	0.033	MAN401722
11065	-73.937401	40.793076	0.033	MAN401725
11067	-73.935043	40.796299	0.033	MAN401727
11068	-73.933136	40.798897	0.033	MAN401729
11098	-73.977577	40.742668	0.033	MAN401775
11103	-73.98494	40.732513	0.033	MAN401782
11110	-74.006317	40.706055	0.033	MAN401800
11111	-74.009445	40.703896	0.033	MAN401802
11112	-74.00248	40.715389	0.033	MAN401806
11115	-73.997925	40.760544	0.033	MAN401813
11118	-73.993309	40.751987	0.033	MAN401819
11135	-73.973404	40.737995	0.033	MAN401857
11139	-73.968552	40.778767	0.033	MAN401869
11144	-73.947769	40.771091	0.033	MAN401878
11154	-73.976906	40.78838	0.033	MAN401896
11156	-73.972389	40.786476	0.033	MAN401898
11179	-73.971405	40.794392	0.033	MAN401934
11188	-73.946213	40.789253	0.033	MAN401947
11202	-73.942596	40.790768	0.033	MAN401970
11212	-73.93969	40.79771	0.033	MAN401993
11231	-73.99247	40.7239	0.033	MAN402030
11234	-73.983734	40.721287	0.033	MAN402034
11236	-73.979515	40.723007	0.033	MAN402037
11240	-73.974693	40.729671	0.033	MAN402042
11245	-73.974541	40.732796	0.033	MAN402054
11253	-74.012596	40.717133	0.033	MAN402080
11267	-73.980705	40.71336	0.033	MAN402103
11292	-73.981712	40.738312	0.033	MAN402144
11305	-73.994537	40.765736	0.033	MAN402164
11329	-73.961517	40.757614	0.033	MAN402218
11336	-73.985893	40.768085	0.033	MAN402233
11342	-73.954117	40.766949	0.033	MAN402296
11352	-73.951576	40.769661	0.033	MAN402336
11355	-73.947319	40.775776	0.033	MAN402345
11403	-73.98542	40.735489	0.033	MAN402670
11408	-73.974083	40.751068	0.033	MAN402679
11410	-73.971802	40.754215	0.033	MAN402681
11413	-73.963478	40.765591	0.033	MAN402687
11416	-73.958862	40.771927	0.033	MAN402691
11418	-73.955482	40.776554	0.033	MAN402694
11425	-73.935242	40.841972	0.033	MAN402740
11429	-73.927788	40.852184	0.033	MAN402748
11431	-73.996468	40.715389	0.033	MAN402753
11435	-73.991524	40.726723	0.033	MAN402762
11456	-73.977364	40.74979	0.033	MAN402845
11459	-73.983727	40.741158	0.033	MAN402852
11472	-73.999023	40.71349	0.033	MAN402870
11494	-73.960739	40.812035	0.033	MAN403125
11507	-73.968109	40.800987	0.033	MAN403152
11536	-73.970284	40.749077	0.033	MAN403251
11540	-73.98111	40.753735	0.033	MAN403257
11542	-73.974937	40.761799	0.033	MAN403266
11554	-73.997139	40.725124	0.033	MAN403311
11568	-73.967361	40.793274	0.033	MAN403362
11572	-73.94326	40.839905	0.033	MAN403374
11574	-73.944199	40.837543	0.033	MAN403376
11576	-73.980247	40.716423	0.033	MAN403380
11599	-73.954285	40.819614	0.033	MAN403447
11613	-73.987022	40.776009	0.033	MAN403487
11636	-73.935524	40.80389	0.033	MAN403537
11639	-74.004509	40.747917	0.033	MAN403547
11647	-74.003998	40.70763	0.033	MAN403590
11670	-73.980324	40.765564	0.033	MAN403736
11677	-73.988907	40.747986	0.033	MAN403769
11691	-73.978386	40.719627	0.033	MAN403808
11692	-74.002167	40.755665	0.033	MAN403816
11694	-73.981499	40.744122	0.033	MAN403822
11704	-74.009476	40.728775	0.033	MAN403854
11707	-73.987579	40.733547	0.033	MAN403871
11720	-73.938156	40.837872	0.033	MAN403907
11726	-74.014526	40.70335	0.033	MAN403953
11730	-73.935745	40.846367	0.033	MAN403975
11746	-73.956299	40.763908	0.033	MAN403997
11755	-73.955498	40.823483	0.033	MAN404018
11782	-74.008125	40.748844	0.033	MAN404085
11783	-73.955414	40.787659	0.033	MAN404087
11791	-73.971703	40.800419	0.033	MAN404104
11797	-73.932396	40.863331	0.033	MAN404117
11813	-73.982269	40.770615	0.033	MAN404138
11840	-73.997444	40.756718	0.033	MAN404279
11852	-74.007431	40.744984	0.033	MAN404329
11862	-73.920029	40.794987	0.033	MAN404351
11865	-73.926842	40.789169	0.033	MAN404354
11867	-73.932114	40.786297	0.033	MAN404356
11892	-74.009163	40.718597	0.033	MAN404863
11896	-73.988052	40.759411	0.033	MAN404872
11911	-73.98867	40.736809	0.033	MAN404936
11932	-73.976997	40.7644	0.033	MAN404992
11938	-73.922508	40.799484	0.033	MAN405015
11965	-73.925385	40.85833	0.033	MAN405091
11972	-73.98838	40.77906	0.033	MAN405112
11981	-74.007141	40.741806	0.033	MAN405152
12028	-73.991936	40.710861	0.033	MAN405359
12059	-73.909737	40.769489	0.033	MAN503870
12067	-73.875298	40.773159	0.033	MAN504542
12069	-73.982506	40.766472	0.033	MAN803001
12086	-73.927071	40.785069	0.033	MAN803029
12108	-74.014061	40.711037	0.033	MAN803104
12142	-73.866768	40.771023	0.033	MAN804121
12159	-73.992546	40.768192	0.033	MAN903074
12164	-74.000969	40.76255	0.033	MAN903082
12181	-74.005638	40.750896	0.033	MAN903134
12191	-73.994804	40.76939	0.033	MAN903195
12195	-74.006348	40.754898	0.033	MAN903200
12196	-73.993965	40.771137	0.033	MAN903206
12217	-73.87104	40.77058	0.033	MAN904167
12219	-73.863449	40.767445	0.033	MAN904200
12274	-73.967796	40.762985	0.033	QUN402443
12301	-73.779831	40.713528	0.033	QUN500008
12308	-73.765015	40.718449	0.033	QUN500015
12310	-73.759544	40.720943	0.033	QUN500018
12314	-73.748962	40.727253	0.033	QUN500024
12319	-73.740143	40.725407	0.033	QUN500029
12325	-73.735626	40.717834	0.033	QUN500035
12327	-73.740067	40.729286	0.033	QUN500037
12329	-73.735611	40.72826	0.033	QUN500039
12333	-73.730476	40.726963	0.033	QUN500043
12353	-73.745224	40.729759	0.033	QUN500066
12357	-73.756172	40.72348	0.033	QUN500072
12371	-73.765945	40.708504	0.033	QUN500103
12373	-73.762199	40.706604	0.033	QUN500105
12375	-73.75074	40.707333	0.033	QUN500110
12379	-73.744049	40.709782	0.033	QUN500114
12411	-73.769806	40.662369	0.033	QUN500159
12413	-73.766182	40.668427	0.033	QUN500163
12418	-73.763367	40.67625	0.033	QUN500168
12421	-73.760368	40.683712	0.033	QUN500171
12426	-73.785812	40.712273	0.033	QUN500197
12446	-73.802917	40.707565	0.033	QUN500249
12449	-73.791435	40.702454	0.033	QUN500255
12453	-73.782654	40.705315	0.033	QUN500259
12454	-73.770554	40.704239	0.033	QUN500264
12463	-73.741348	40.70179	0.033	QUN500283
12465	-73.736382	40.701782	0.033	QUN500285
12469	-73.730339	40.702263	0.033	QUN500289
12473	-73.736137	40.712383	0.033	QUN500294
12486	-73.740387	40.704426	0.033	QUN500313
12492	-73.755112	40.699959	0.033	QUN500322
12503	-73.78714	40.698414	0.033	QUN500368
12505	-73.783928	40.696743	0.033	QUN500370
12507	-73.781357	40.694134	0.033	QUN500372
12511	-73.774185	40.692787	0.033	QUN500376
12514	-73.766785	40.692196	0.033	QUN500380
12515	-73.761932	40.691689	0.033	QUN500382
12521	-73.751526	40.694569	0.033	QUN500388
12527	-73.738205	40.694397	0.033	QUN500394
12530	-73.731155	40.692135	0.033	QUN500397
12538	-73.74633	40.696125	0.033	QUN500410
12558	-73.779449	40.691757	0.033	QUN500451
12560	-73.776466	40.688046	0.033	QUN500453
12569	-73.756966	40.687927	0.033	QUN500462
12573	-73.750008	40.690468	0.033	QUN500466
12580	-73.737099	40.688427	0.033	QUN500473
12582	-73.733589	40.687378	0.033	QUN500475
12584	-73.730087	40.68631	0.033	QUN500477
12587	-73.728897	40.681656	0.033	QUN500480
12607	-73.76104	40.686543	0.033	QUN500502
12609	-73.765198	40.685509	0.033	QUN500504
12611	-73.770142	40.684113	0.033	QUN500507
12620	-73.765144	40.68129	0.033	QUN500545
12622	-73.762085	40.67984	0.033	QUN500547
12627	-73.75116	40.679504	0.033	QUN500552
12631	-73.743614	40.677067	0.033	QUN500556
12634	-73.737083	40.674862	0.033	QUN500560
12636	-73.732414	40.673592	0.033	QUN500562
12638	-73.727692	40.674049	0.033	QUN500564
12641	-73.729233	40.668545	0.033	QUN500567
12642	-73.72995	40.665661	0.033	QUN500568
12643	-73.73616	40.669487	0.033	QUN500572
12677	-73.7519	40.665428	0.033	QUN500658
12678	-73.744507	40.665306	0.033	QUN500660
12679	-73.739845	40.665184	0.033	QUN500661
12683	-73.73867	40.661324	0.033	QUN500666
12685	-73.741501	40.657585	0.033	QUN500668
12709	-73.824577	40.760883	0.033	QUN500851
12712	-73.820732	40.758774	0.033	QUN500854
12715	-73.811844	40.761158	0.033	QUN500857
12787	-73.711388	40.73283	0.033	QUN500940
12794	-73.718849	40.747303	0.033	QUN500948
12796	-73.720879	40.751801	0.033	QUN500950
12802	-73.727654	40.767212	0.033	QUN500956
12809	-73.741417	40.773129	0.033	QUN500963
12829	-73.714111	40.736271	0.033	QUN500986
12838	-73.815292	40.765171	0.033	QUN501000
12845	-73.770554	40.762985	0.033	QUN501024
12847	-73.772415	40.766472	0.033	QUN501026
12863	-73.775505	40.779846	0.033	QUN501049
12867	-73.77449	40.771763	0.033	QUN501053
12884	-73.819885	40.765182	0.033	QUN501084
12888	-73.826813	40.767864	0.033	QUN501094
12912	-73.815445	40.762123	0.033	QUN501150
12917	-73.815781	40.771412	0.033	QUN501156
12921	-73.814751	40.776756	0.033	QUN501160
12924	-73.814087	40.781578	0.033	QUN501163
12930	-73.807495	40.789757	0.033	QUN501175
12955	-73.821457	40.770824	0.033	QUN501233
12961	-73.80825	40.771416	0.033	QUN501239
12964	-73.802147	40.771111	0.033	QUN501242
12979	-73.799294	40.776215	0.033	QUN501259
12988	-73.791512	40.787266	0.033	QUN501268
12989	-73.787811	40.788754	0.033	QUN501269
13013	-73.798233	40.770916	0.033	QUN501298
13029	-73.773796	40.71571	0.033	QUN501328
13033	-73.778122	40.723587	0.033	QUN501332
13042	-73.787315	40.741035	0.033	QUN501341
13050	-73.808815	40.738857	0.033	QUN501350
13064	-73.830299	40.759644	0.033	QUN501368
13071	-73.81691	40.748482	0.033	QUN501377
13108	-73.792435	40.715946	0.033	QUN501426
13110	-73.791298	40.718559	0.033	QUN501428
13111	-73.790169	40.721695	0.033	QUN501430
13115	-73.793533	40.730396	0.033	QUN501435
13118	-73.793053	40.735191	0.033	QUN501438
13127	-73.765411	40.746078	0.033	QUN501451
13160	-73.770065	40.745483	0.033	QUN501490
13181	-73.792274	40.709278	0.033	QUN501520
13193	-73.797394	40.753822	0.033	QUN501541
13198	-73.784096	40.748631	0.033	QUN501548
13223	-73.813591	40.754147	0.033	QUN501593
13225	-73.786034	40.752483	0.033	QUN501606
13228	-73.777145	40.753216	0.033	QUN501611
13230	-73.772385	40.75433	0.033	QUN501613
13238	-73.749725	40.739353	0.033	QUN501629
13257	-73.759148	40.752354	0.033	QUN501667
13264	-73.780991	40.753311	0.033	QUN501680
13274	-73.7976	40.762695	0.033	QUN501725
13279	-73.789696	40.76646	0.033	QUN501731
13283	-73.784531	40.771061	0.033	QUN501736
13309	-73.792397	40.744995	0.033	QUN501806
13311	-73.792152	40.748833	0.033	QUN501808
13313	-73.792213	40.752876	0.033	QUN501811
13330	-73.751709	40.723705	0.033	QUN501924
13332	-73.748276	40.720722	0.033	QUN501926
13343	-73.730721	40.72168	0.033	QUN501938
13344	-73.727257	40.723297	0.033	QUN501939
13346	-73.718414	40.725876	0.033	QUN501941
13348	-73.70871	40.727818	0.033	QUN501945
13375	-73.780914	40.698513	0.033	QUN501999
13379	-73.776344	40.696537	0.033	QUN502003
13397	-73.806671	40.706497	0.033	QUN502033
13403	-73.732758	40.732887	0.033	QUN502070
13405	-73.725487	40.733536	0.033	QUN502072
13408	-73.721298	40.734436	0.033	QUN502075
13413	-73.706978	40.737514	0.033	QUN502082
13415	-73.701454	40.738701	0.033	QUN502084
13440	-73.820747	40.72501	0.033	QUN502163
13445	-73.825188	40.733963	0.033	QUN502169
13446	-73.824905	40.737282	0.033	QUN502171
13450	-73.825745	40.744846	0.033	QUN502175
13453	-73.82785	40.754608	0.033	QUN502181
13467	-73.826141	40.748009	0.033	QUN502263
13479	-73.819656	40.722332	0.033	QUN502278
13482	-73.817322	40.71777	0.033	QUN502281
13483	-73.823669	40.715935	0.033	QUN502300
13494	-73.795425	40.724461	0.033	QUN502311
13498	-73.785767	40.727592	0.033	QUN502315
13504	-73.772354	40.731274	0.033	QUN502321
13513	-73.742218	40.736599	0.033	QUN502333
13519	-73.724457	40.741413	0.033	QUN502339
13550	-73.746468	40.735901	0.033	QUN502385
13578	-73.833153	40.786167	0.033	QUN502454
13588	-73.821571	40.740646	0.033	QUN502510
13600	-73.860397	40.754028	0.033	QUN502556
13623	-73.767494	40.737953	0.033	QUN502630
13634	-73.77478	40.735786	0.033	QUN502654
13639	-73.764557	40.724659	0.033	QUN502686
13644	-73.777565	40.747505	0.033	QUN502693
13646	-73.779068	40.75066	0.033	QUN502695
13650	-73.78244	40.756336	0.033	QUN502699
13654	-73.784912	40.761158	0.033	QUN502703
13658	-73.805496	40.785156	0.033	QUN502719
13660	-73.81916	40.787636	0.033	QUN502724
13666	-73.793762	40.770851	0.033	QUN502746
13690	-73.754288	40.713978	0.033	QUN502795
13693	-73.752441	40.709969	0.033	QUN502798
13705	-73.746376	40.691231	0.033	QUN502810
13707	-73.749123	40.68729	0.033	QUN502812
13709	-73.751297	40.683968	0.033	QUN502814
13713	-73.756371	40.673084	0.033	QUN502819
13714	-73.758553	40.665264	0.033	QUN502823
13718	-73.754463	40.678093	0.033	QUN502832
13751	-73.829414	40.742523	0.033	QUN502878
13761	-73.833618	40.74358	0.033	QUN502980
13773	-73.748795	40.701462	0.033	QUN503062
13784	-73.726418	40.665306	0.033	QUN503100
13785	-73.715599	40.660652	0.033	QUN503102
13787	-73.723259	40.661907	0.033	QUN503105
13823	-73.777061	40.782291	0.033	QUN503248
13836	-73.913628	40.743736	0.033	QUN503302
13839	-73.906364	40.745296	0.033	QUN503305
13841	-73.900917	40.74577	0.033	QUN503307
13872	-73.821899	40.782021	0.033	QUN503551
13877	-73.727448	40.69054	0.033	QUN503568
13891	-73.776283	40.705528	0.033	QUN503604
13893	-73.753189	40.763187	0.033	QUN503609
13902	-73.784882	40.662903	0.033	QUN503697
13903	-73.778687	40.66037	0.033	QUN503698
13914	-73.725174	40.725655	0.033	QUN503753
13925	-73.762001	40.697025	0.033	QUN503771
13927	-73.795555	40.708107	0.033	QUN503773
13939	-73.740707	40.710724	0.033	QUN503839
13941	-73.716774	40.664192	0.033	QUN503842
13949	-73.833817	40.758202	0.033	QUN503900
13958	-73.780701	40.77219	0.033	QUN503921
13992	-73.767044	40.705803	0.033	QUN504009
13994	-73.792633	40.661076	0.033	QUN504016
14006	-73.712791	40.741264	0.033	QUN504048
14008	-73.733757	40.762661	0.033	QUN504057
14019	-73.813538	40.786663	0.033	QUN504427
14029	-73.781059	40.791431	0.033	QUN504445
14076	-73.706421	40.755066	0.033	QUN504555
14080	-73.736488	40.652969	0.033	QUN504950
14082	-73.729668	40.653191	0.033	QUN504952
14084	-73.734856	40.664814	0.033	QUN504955
14099	-73.814384	40.704525	0.033	QUN504998
14102	-73.816971	40.712864	0.033	QUN505002
14112	-73.832634	40.781761	0.033	QUN505014
14132	-73.82785	40.786545	0.033	QUN505038
14141	-73.792999	40.739941	0.033	QUN505051
14146	-73.836708	40.782139	0.033	QUN505061
14161	-73.806969	40.793625	0.033	QUN505126
14162	-73.803329	40.79438	0.033	QUN505127
14212	-73.874382	40.836674	0.033	QUN802124
14213	-73.976555	40.747608	0.033	QUN803035
14225	-73.763611	40.756096	0.033	QUN804020
14285	-73.764359	40.673401	0.033	QUN904039
14288	-73.976212	40.756863	0.033	QUN904042
14291	-73.966972	40.759918	0.033	QUN904045
14315	-73.813072	40.793034	0.033	QUN904180
14333	-74.1838	40.629345	0.033	STN200001
14334	-74.165756	40.64011	0.033	STN200008
14336	-74.162086	40.637909	0.033	STN200010
14338	-74.154884	40.636749	0.033	STN200013
14339	-74.110733	40.644711	0.033	STN200014
14341	-74.14872	40.637272	0.033	STN200016
14345	-74.139389	40.639618	0.033	STN200020
14351	-74.127388	40.637188	0.033	STN200027
14354	-74.121849	40.638977	0.033	STN200030
14358	-74.11396	40.642715	0.033	STN200034
14361	-74.101929	40.645035	0.033	STN200037
14363	-74.092949	40.64539	0.033	STN200040
14364	-74.088539	40.646854	0.033	STN200041
14378	-74.096443	40.644821	0.033	STN200057
14382	-74.11795	40.640636	0.033	STN200064
14403	-74.09407	40.572762	0.033	STN200099
14406	-74.081665	40.576412	0.033	STN200105
14413	-74.072624	40.592464	0.033	STN200119
14418	-74.077492	40.594345	0.033	STN200124
14420	-74.074188	40.595432	0.033	STN200126
14425	-74.063835	40.599155	0.033	STN200132
14426	-74.065071	40.605125	0.033	STN200135
14429	-74.064133	40.611504	0.033	STN200139
14431	-74.069244	40.618443	0.033	STN200142
14436	-74.076385	40.628479	0.033	STN200148
14438	-74.075134	40.633278	0.033	STN200151
14440	-74.075958	40.63752	0.033	STN200153
14445	-74.101982	40.577698	0.033	STN200161
14446	-74.06398	40.592377	0.033	STN200163
14447	-74.062805	40.595047	0.033	STN200165
14464	-74.067657	40.61602	0.033	STN200192
14467	-74.062523	40.609066	0.033	STN200195
14481	-74.073944	40.583065	0.033	STN200219
14483	-74.077705	40.579468	0.033	STN200223
14487	-74.086266	40.574017	0.033	STN200228
14489	-74.09729	40.574688	0.033	STN200234
14497	-74.161324	40.631561	0.033	STN200245
14499	-74.156601	40.632412	0.033	STN200247
14503	-74.147141	40.631088	0.033	STN200251
14508	-74.140182	40.636066	0.033	STN200257
14512	-74.122726	40.634048	0.033	STN200263
14515	-74.117325	40.634499	0.033	STN200266
14519	-74.108528	40.634647	0.033	STN200270
14522	-74.101791	40.634464	0.033	STN200273
14551	-74.129761	40.63385	0.033	STN200315
14558	-74.144638	40.634502	0.033	STN200323
14569	-74.131294	40.574024	0.033	STN200342
14571	-74.147224	40.571815	0.033	STN200350
14573	-74.152946	40.557034	0.033	STN200358
14577	-74.148605	40.544922	0.033	STN200363
14580	-74.150391	40.537521	0.033	STN200368
14584	-74.16272	40.541832	0.033	STN200375
14585	-74.165039	40.544189	0.033	STN200377
14587	-74.166451	40.547585	0.033	STN200379
14592	-74.168968	40.557308	0.033	STN200384
14596	-74.166733	40.575634	0.033	STN200388
14598	-74.166664	40.585079	0.033	STN200391
14599	-74.167397	40.589016	0.033	STN200392
14601	-74.163025	40.592571	0.033	STN200394
14603	-74.162933	40.600838	0.033	STN200397
14604	-74.162308	40.604488	0.033	STN200399
14621	-74.135773	40.634724	0.033	STN200428
14624	-74.148987	40.625217	0.033	STN200434
14627	-74.155594	40.61829	0.033	STN200439
14629	-74.157669	40.614597	0.033	STN200441
14635	-74.161987	40.595181	0.033	STN200450
14640	-74.168526	40.57996	0.033	STN200455
14661	-74.146088	40.542675	0.033	STN200484
14668	-74.155579	40.563969	0.033	STN200496
14676	-74.132195	40.622864	0.033	STN200528
14679	-74.131264	40.616596	0.033	STN200531
14683	-74.126541	40.61274	0.033	STN200535
14687	-74.116402	40.613468	0.033	STN200539
14689	-74.111031	40.61412	0.033	STN200541
14690	-74.107559	40.614861	0.033	STN200542
14695	-74.093567	40.624477	0.033	STN200548
14696	-74.091339	40.626759	0.033	STN200549
14697	-74.088814	40.63028	0.033	STN200550
14720	-74.131226	40.626198	0.033	STN200596
14722	-74.13028	40.630787	0.033	STN200598
14725	-74.094307	40.616482	0.033	STN200616
14726	-74.091049	40.618507	0.033	STN200618
14729	-74.094467	40.619759	0.033	STN200621
14735	-74.109787	40.620483	0.033	STN200646
14736	-74.096977	40.610191	0.033	STN200652
14741	-74.072334	40.598518	0.033	STN200664
14743	-74.103912	40.609844	0.033	STN200678
14749	-74.07814	40.598576	0.033	STN200698
14753	-74.099518	40.612717	0.033	STN200710
14755	-74.104706	40.617897	0.033	STN200714
14761	-74.091957	40.639683	0.033	STN200748
14766	-74.087303	40.637756	0.033	STN200753
14769	-74.086494	40.642399	0.033	STN200756
14773	-74.080704	40.644718	0.033	STN200761
14775	-74.078438	40.642338	0.033	STN200763
14780	-74.097237	40.634178	0.033	STN200775
14810	-74.11438	40.632847	0.033	STN200844
14813	-74.112701	40.637398	0.033	STN200847
14815	-74.107735	40.638336	0.033	STN200850
14816	-74.101639	40.639683	0.033	STN200853
14845	-74.245308	40.504238	0.033	STN200967
14847	-74.24173	40.504719	0.033	STN200969
14849	-74.234978	40.506077	0.033	STN200971
14852	-74.223923	40.50848	0.033	STN200974
14853	-74.210541	40.511528	0.033	STN200977
14854	-74.206284	40.514256	0.033	STN200978
14855	-74.202873	40.516457	0.033	STN200979
14857	-74.196922	40.519112	0.033	STN200981
14862	-74.174385	40.526623	0.033	STN200987
14865	-74.166832	40.526966	0.033	STN200991
14868	-74.158089	40.530621	0.033	STN200994
14872	-74.141029	40.546558	0.033	STN201006
14874	-74.136902	40.549747	0.033	STN201008
14876	-74.132805	40.552494	0.033	STN201010
14878	-74.127632	40.556808	0.033	STN201012
14880	-74.125153	40.559101	0.033	STN201014
14881	-74.119667	40.560574	0.033	STN201016
14883	-74.113388	40.566685	0.033	STN201020
14889	-74.099419	40.580315	0.033	STN201030
14892	-74.094688	40.584068	0.033	STN201033
14897	-74.087143	40.592464	0.033	STN201039
14899	-74.072273	40.601475	0.033	STN201049
14902	-74.07621	40.607605	0.033	STN201053
14904	-74.07122	40.611374	0.033	STN201055
14908	-74.07946	40.624504	0.033	STN201062
14912	-74.078606	40.634613	0.033	STN201078
14919	-74.07711	40.620232	0.033	STN201086
14921	-74.073448	40.615307	0.033	STN201088
14924	-74.076286	40.603912	0.033	STN201093
14933	-74.092422	40.586365	0.033	STN201109
14943	-74.110123	40.57029	0.033	STN201121
14948	-74.116768	40.56374	0.033	STN201126
14969	-74.178261	40.526798	0.033	STN201179
14971	-74.188652	40.523121	0.033	STN201182
14978	-74.215759	40.510231	0.033	STN201189
14981	-74.229897	40.50787	0.033	STN201192
14991	-74.069016	40.609077	0.033	STN201224
14996	-74.085579	40.633972	0.033	STN201238
15014	-74.138199	40.627544	0.033	STN201317
15021	-74.145203	40.617054	0.033	STN201324
15028	-74.131363	40.601524	0.033	STN201360
15030	-74.138741	40.589138	0.033	STN201366
15031	-74.130371	40.58263	0.033	STN201369
15032	-74.127525	40.579636	0.033	STN201370
15034	-74.121277	40.575161	0.033	STN201374
15039	-74.125305	40.568764	0.033	STN201383
15041	-74.126907	40.564453	0.033	STN201387
15043	-74.123512	40.562408	0.033	STN201389
15072	-74.132286	40.612309	0.033	STN201480
15077	-74.141418	40.62455	0.033	STN201492
15080	-74.135132	40.625423	0.033	STN201495
15089	-74.113464	40.629204	0.033	STN201504
15091	-74.108917	40.630043	0.033	STN201506
15095	-74.099113	40.631351	0.033	STN201510
15097	-74.092934	40.631088	0.033	STN201512
15099	-74.1661	40.636116	0.033	STN201525
15121	-74.156204	40.626064	0.033	STN201568
15132	-74.100853	40.591282	0.033	STN201598
15133	-74.098373	40.594604	0.033	STN201600
15135	-74.094498	40.596321	0.033	STN201602
15136	-74.091904	40.598412	0.033	STN201604
15138	-74.091309	40.602009	0.033	STN201606
15153	-74.085136	40.614979	0.033	STN201647
15157	-74.092384	40.607189	0.033	STN201651
15168	-74.09053	40.570824	0.033	STN201680
15169	-74.130348	40.598591	0.033	STN201684
15171	-74.125587	40.598076	0.033	STN201686
15173	-74.120552	40.602055	0.033	STN201688
15175	-74.120743	40.604832	0.033	STN201690
15177	-74.121056	40.608711	0.033	STN201692
15181	-74.12307	40.615883	0.033	STN201696
15183	-74.123314	40.61903	0.033	STN201698
15188	-74.117538	40.637951	0.033	STN201712
15200	-74.122643	40.613197	0.033	STN201737
15216	-74.191963	40.590881	0.033	STN201934
15217	-74.18811	40.59314	0.033	STN201936
15225	-74.15905	40.60762	0.033	STN201949
15227	-74.15377	40.608685	0.033	STN201951
15230	-74.146477	40.610188	0.033	STN201961
15233	-74.138092	40.611839	0.033	STN201965
15242	-74.162918	40.60722	0.033	STN202041
15244	-74.169624	40.605587	0.033	STN202043
15247	-74.180344	40.598392	0.033	STN202048
15249	-74.184906	40.595154	0.033	STN202051
15257	-74.245865	40.514576	0.033	STN202067
15259	-74.240089	40.519024	0.033	STN202069
15260	-74.239273	40.528511	0.033	STN202073
15261	-74.237144	40.538284	0.033	STN202076
15262	-74.237442	40.541264	0.033	STN202078
15264	-74.230522	40.545387	0.033	STN202080
15265	-74.226166	40.547932	0.033	STN202083
15270	-74.181602	40.565174	0.033	STN202094
15271	-74.177193	40.563465	0.033	STN202095
15274	-74.162277	40.560898	0.033	STN202099
15280	-74.11451	40.579365	0.033	STN202123
15291	-74.085403	40.622368	0.033	STN202179
15294	-74.086121	40.618587	0.033	STN202182
15312	-74.191994	40.562572	0.033	STN202237
15313	-74.19812	40.558578	0.033	STN202239
15315	-74.203995	40.55669	0.033	STN202241
15328	-74.203133	40.532734	0.033	STN202277
15330	-74.205032	40.536728	0.033	STN202279
15335	-74.194641	40.555756	0.033	STN202294
15338	-74.180641	40.536137	0.033	STN202305
15340	-74.186195	40.534184	0.033	STN202307
15342	-74.1903	40.532558	0.033	STN202329
15347	-74.177139	40.539913	0.033	STN202334
15348	-74.17617	40.544777	0.033	STN202335
15350	-74.102005	40.566673	0.033	STN202384
15353	-74.106514	40.568813	0.033	STN202387
15356	-74.113708	40.572643	0.033	STN202390
15367	-74.097862	40.564526	0.033	STN202491
15371	-74.112259	40.561623	0.033	STN202503
15377	-74.165237	40.630585	0.033	STN202537
15387	-74.073471	40.643654	0.033	STN202569
15391	-74.107323	40.584091	0.033	STN202581
15393	-74.174873	40.602177	0.033	STN202588
15405	-74.153137	40.566708	0.033	STN202611
15406	-74.083534	40.646618	0.033	STN202613
15416	-74.191353	40.527	0.033	STN202632
15443	-74.14901	40.585621	0.033	STN202700
15445	-74.141167	40.596855	0.033	STN202703
15447	-74.139305	40.600689	0.033	STN202705
15457	-74.154541	40.588757	0.033	STN202718
15459	-74.158897	40.590637	0.033	STN202720
15467	-74.130966	40.640167	0.033	STN202744
15482	-74.160629	40.584267	0.033	STN202840
15483	-74.162575	40.581512	0.033	STN202841
15484	-74.163536	40.578094	0.033	STN202842
15492	-74.186485	40.564148	0.033	STN202861
15498	-74.190857	40.552353	0.033	STN202887
15499	-74.187935	40.550411	0.033	STN202888
15501	-74.192886	40.545967	0.033	STN202890
15502	-74.201225	40.542465	0.033	STN202892
15504	-74.202492	40.529522	0.033	STN202894
15506	-74.200752	40.524967	0.033	STN202899
15514	-74.197227	40.543461	0.033	STN202910
15519	-74.169548	40.570877	0.033	STN202917
15521	-74.17527	40.55191	0.033	STN202921
15529	-74.138458	40.57283	0.033	STN202933
15533	-74.145737	40.589035	0.033	STN202937
15535	-74.102943	40.615528	0.033	STN202941
15537	-74.125046	40.626957	0.033	STN202978
15539	-74.16642	40.627594	0.033	STN202985
15566	-74.113503	40.623325	0.033	STN203039
15573	-74.123337	40.62933	0.033	STN203048
15580	-74.180664	40.627705	0.033	STN203061
15584	-74.199394	40.586575	0.033	STN203067
15589	-74.168007	40.552063	0.033	STN203075
15597	-74.098289	40.620899	0.033	STN203092
15613	-74.100189	40.56171	0.033	STN203130
15618	-74.154861	40.561195	0.033	STN203147
15622	-74.105408	40.561825	0.033	STN203151
15631	-74.138596	40.616077	0.033	STN203161
15649	-74.073914	40.623837	0.033	STN203205
15661	-74.081375	40.581165	0.033	STN203232
15667	-74.068993	40.603428	0.033	STN203344
15673	-74.1409	40.62965	0.033	STN203363
15680	-74.168495	40.621696	0.033	STN203383
15682	-74.190697	40.602039	0.033	STN203386
15691	-74.171074	40.636002	0.033	STN203402
15692	-74.15065	40.551678	0.033	STN203404
15699	-74.058784	40.604248	0.033	STN203412
15705	-74.171188	40.639328	0.033	STN203420
15711	-74.153969	40.534088	0.033	STN203431
15718	-74.239128	40.5322	0.033	STN203450
15739	-74.251289	40.502983	0.033	STN203483
15740	-74.252014	40.507484	0.033	STN203485
15741	-74.086662	40.583916	0.033	STN203487
15744	-74.134575	40.565441	0.033	STN203496
15750	-74.083504	40.603642	0.033	STN203504
15758	-74.068245	40.592484	0.033	STN203513
15762	-74.210152	40.546631	0.033	STN203519
15766	-74.219292	40.54538	0.033	STN203524
15767	-74.220383	40.548214	0.033	STN203525
15772	-74.211098	40.549847	0.033	STN203533
15780	-74.239197	40.524776	0.033	STN203544
15788	-74.107437	40.578781	0.033	STN203553
15790	-74.116394	40.555614	0.033	STN203556
15796	-74.110115	40.564194	0.033	STN203562
15802	-74.160423	40.617748	0.033	STN203568
15803	-74.21328	40.554913	0.033	STN203569
15807	-74.184128	40.602478	0.033	STN203574
15808	-74.172348	40.616077	0.033	STN203575
15812	-74.195923	40.539886	0.033	STN203580
15813	-74.194374	40.536819	0.033	STN203581
15816	-74.180946	40.546894	0.033	STN203585
15820	-74.163795	40.586857	0.033	STN203594
15823	-74.160744	40.555779	0.033	STN203600
15826	-74.152	40.617516	0.033	STN203603
15831	-74.14045	40.607262	0.033	STN203609
15832	-74.136749	40.60746	0.033	STN203610
15833	-74.131706	40.607693	0.033	STN203611
15836	-74.116692	40.609337	0.033	STN203614
15839	-74.119781	40.621655	0.033	STN203617
15841	-74.134621	40.572727	0.033	STN203626
15847	-74.088226	40.608788	0.033	STN203638
15857	-74.133522	40.586121	0.033	STN203651
15862	-74.134331	40.593048	0.033	STN203662
15865	-74.208115	40.541805	0.033	STN203665
15866	-74.184555	40.541653	0.033	STN203666
15867	-74.126831	40.576233	0.033	STN203672
15887	-74.085579	40.596222	0.033	STN203700
15909	-74.059639	40.600388	0.033	STN203743
15918	-74.171761	40.627476	0.033	STN203760
15923	-74.12767	40.608971	0.033	STN203767
15939	-74.184242	40.548492	0.033	STN203812
15940	-74.17585	40.556648	0.033	STN203814
15960	-74.176613	40.610626	0.033	STN203853
15970	-74.217773	40.531376	0.033	STN203882
15975	-74.171089	40.560841	0.033	STN203902
15983	-74.205063	40.525513	0.033	STN203951
15985	-74.211372	40.52449	0.033	STN203958
15990	-74.22364	40.523392	0.033	STN203986
15992	-74.199989	40.54871	0.033	STN250011
15995	-74.217918	40.537495	0.033	STN250036
15996	-74.217308	40.52124	0.033	STN250037
15997	-74.216454	40.52803	0.033	STN250038
16000	-74.232498	40.516739	0.033	STN250042
16001	-74.239632	40.512039	0.033	STN250043
16002	-74.242844	40.510422	0.033	STN250044
16005	-74.24675	40.50901	0.033	STN250048
16009	-74.202126	40.553448	0.033	STN250053
16021	-74.029808	40.619537	0.033	STN308032
16023	-73.97876	40.753349	0.033	STN400018
16025	-73.974197	40.759605	0.033	STN400022
16058	-73.978706	40.736874	0.033	STN401833
16122	-74.013969	40.705261	0.033	STN404190
16175	-74.013527	40.713448	0.033	STN405031
16216	-74.019234	40.625027	0.033	STN805032
16218	-74.019928	40.637447	0.033	STN805034
16222	-74.003952	40.679867	0.033	STN805038
16227	-74.10746	40.671684	0.033	STN805054
16231	-74.215485	40.524158	0.033	STN805079
16242	-74.178787	40.624847	0.033	STN805114
16243	-74.193764	40.633835	0.033	STN805115
16248	-74.086418	40.586937	0.033	STN805124
16251	-74.177933	40.606625	0.033	STN805138
16257	-74.212082	40.530067	0.033	STN805149
16258	-74.223763	40.526917	0.033	STN805150
16273	-74.151634	40.598827	0.033	STN805166
16277	-74.016678	40.635365	0.033	STN901108
16279	-74.002312	40.706646	0.033	STN901110
16280	-73.996208	40.708862	0.033	STN901111
16286	-74.010849	40.691059	0.033	STN901171
16296	-74.012756	40.707874	0.033	STN903095
16311	-74.163727	40.610229	0.033	STN905011
16328	-73.991783	40.770592	0.033	STN905057
16330	-74.210167	40.6427	0.033	STN905063
16338	-74.010742	40.726002	0.033	STN905090
16347	-74.140816	40.644947	0.033	STN905121
16354	-74.015762	40.706863	0.033	STN905148
16364	-74.226654	40.53006	0.033	STN905179
