ID 		 Origin_X 			 Origin_Y 		 Destination_X 		 Destination_Y 		 E_time 			 L_time 			 Max_Duration 			 Seats
1	-73.99037170410156	40.73469543457031	-73.98184204101562	40.73240661621094	-0.25	0.25	0.35	3
2	-73.98455047607422	40.6795654296875	-73.95027160644531	40.78892517089844	-0.25	0.25	0.35	3
3	-73.96062469482422	40.78133010864258	-73.97726440429688	40.758514404296875	-0.25	0.25	0.35	3
4	-73.99405670166016	40.71998977661133	-73.96636199951172	40.78987121582031	-0.25	0.6908333333333334	0.7908333333333333	3
5	-73.94715118408203	40.791046142578125	-73.92076873779297	40.865577697753906	-0.24966666666666668	0.43566666666666665	0.5353333333333333	3
6	-74.00614929199219	40.74491882324219	-73.9937973022461	40.74143981933594	-0.2495	0.3531666666666667	0.45266666666666666	3
7	-73.98902130126953	40.72153854370117	-73.98896026611328	40.72169876098633	-0.2495	0.25183333333333335	0.35133333333333333	3
8	-73.99199676513672	40.71857833862305	-74.00513458251953	40.73994445800781	-0.24916666666666668	0.48783333333333334	0.587	3
9	-73.97309112548828	40.79536056518555	-73.9783706665039	40.77315139770508	-0.24916666666666668	0.369	0.4681666666666666	3
10	-73.99484252929688	40.71849822998047	-73.98980712890625	40.734230041503906	-0.249	0.369	0.46799999999999997	3
11	-73.98916625976562	40.72658920288086	-74.00948333740234	40.71507263183594	-0.24883333333333332	0.4081666666666667	0.5069999999999999	3
12	-73.99713897705078	40.74721908569336	-74.00448608398438	40.75179672241211	-0.24866666666666667	0.3228333333333333	0.4215	3
13	-73.99713134765625	40.736961364746094	-73.92842102050781	40.75558090209961	-0.2485	0.5671666666666666	0.6656666666666666	3
14	-73.99939727783203	40.743900299072266	-73.98887634277344	40.74531936645508	-0.24833333333333332	0.35250000000000004	0.4508333333333333	3
15	-73.99165344238281	40.75455856323242	-73.9906005859375	40.75611877441406	-0.248	0.2695	0.3675	3
16	-73.99027252197266	40.772010803222656	-73.99504089355469	40.769771575927734	-0.24766666666666667	0.2896666666666667	0.3873333333333333	3
17	-73.9821548461914	40.774879455566406	-73.98136138916016	40.74411392211914	-0.24733333333333332	0.8	0.8973333333333333	3
18	-74.00267791748047	40.73063659667969	-73.98042297363281	40.72621154785156	-0.24716666666666667	0.47650000000000003	0.5736666666666667	3
19	-73.98174285888672	40.71915817260742	-73.93882751464844	40.82918167114258	-0.24716666666666667	0.48766666666666664	0.5848333333333333	3
20	-73.96125793457031	40.796199798583984	-73.9500503540039	40.78731155395508	-0.24683333333333332	0.3551666666666667	0.45199999999999996	3
21	-73.89412689208984	40.636573791503906	-73.89250183105469	40.63483428955078	-0.2465	0.5383333333333333	0.6348333333333334	3
22	-73.97567749023438	40.74909973144531	-73.97364807128906	40.78369140625	-0.24633333333333332	0.452	0.5483333333333333	3
23	-73.98184967041016	40.716880798339844	-73.96932983398438	40.769378662109375	-0.24633333333333332	0.47633333333333333	0.5726666666666667	3
24	-73.99586486816406	40.76777267456055	-74.00960540771484	40.70992660522461	-0.2455	0.5401666666666667	0.6356666666666666	3
25	-73.97650146484375	40.73356246948242	-73.85426330566406	40.891788482666016	-0.24533333333333335	0.6251666666666666	0.7204999999999999	3
26	-73.99058532714844	40.745880126953125	-73.96988677978516	40.801265716552734	-0.245	0.5078333333333334	0.6028333333333333	3
27	-73.99234771728516	40.743438720703125	-73.99642181396484	40.746063232421875	-0.245	0.301	0.39599999999999996	3
28	-73.97295379638672	40.75571823120117	-73.97881317138672	40.68455123901367	-0.24466666666666667	0.7003333333333334	0.7949999999999999	3
29	-73.99375915527344	40.75162124633789	-73.9908676147461	40.75608825683594	-0.24466666666666667	0.4061666666666667	0.5008333333333332	3
30	-73.96375274658203	40.77116012573242	-73.97560119628906	40.75273895263672	-0.244	0.41700000000000004	0.511	3
31	-73.97679138183594	40.733699798583984	-73.89214324951172	40.75072479248047	-0.24366666666666667	0.5375	0.6311666666666667	3
32	-73.9698715209961	40.76850891113281	-73.94934844970703	40.78776550292969	-0.2435	0.39016666666666666	0.48366666666666663	3
33	-74.00437927246094	40.742252349853516	-73.98422241210938	40.738197326660156	-0.24333333333333335	0.43416666666666665	0.5275	3
34	-73.97415924072266	40.79573059082031	-73.96251678466797	40.804931640625	-0.24266666666666667	0.3358333333333333	0.4285	3
35	-73.98963928222656	40.734397888183594	-73.97879028320312	40.72411346435547	-0.24216666666666667	0.45633333333333337	0.5485	3
36	-73.97915649414062	40.740509033203125	-73.988525390625	40.73464584350586	-0.242	0.30633333333333335	0.3983333333333333	3
37	-73.98213958740234	40.77168655395508	-73.97445678710938	40.76248550415039	-0.24183333333333334	0.40016666666666667	0.492	3
38	-73.99739837646484	40.72074890136719	-73.99918365478516	40.7279052734375	-0.24166666666666667	0.35483333333333333	0.4465	3
39	-73.98387145996094	40.742408752441406	-74.00236511230469	40.726348876953125	-0.24133333333333334	0.3833333333333333	0.4746666666666666	3
40	-73.9850845336914	40.74716567993164	-73.95803833007812	40.717491149902344	-0.24116666666666667	0.6211666666666666	0.7123333333333333	3
41	-73.9841537475586	40.76485824584961	-73.97802734375	40.762935638427734	-0.24083333333333334	0.5356666666666667	0.6265000000000001	3
42	-73.98772430419922	40.75056838989258	-74.03556823730469	40.71357345581055	-0.24066666666666667	0.5373333333333333	0.628	3
43	-73.78180694580078	40.64486312866211	-73.93797302246094	40.72632598876953	-0.23333333333333334	0.5509999999999999	0.6343333333333333	3
44	-73.97962951660156	40.743255615234375	-73.91187286376953	40.76462936401367	-0.23316666666666666	0.46799999999999997	0.5511666666666666	3
45	-74.01099395751953	40.7088737487793	-73.98805236816406	40.74932098388672	-0.23233333333333334	0.6890000000000001	0.7713333333333333	3
46	-73.99197387695312	40.726478576660156	-74.00308227539062	40.722049713134766	-0.23216666666666666	0.334	0.4161666666666667	3
47	-73.9949722290039	40.76023483276367	-74.00152587890625	40.73585510253906	-0.232	0.5355	0.6174999999999999	3
48	-73.98082733154297	40.779640197753906	-73.9714126586914	40.798587799072266	-0.23183333333333334	0.3561666666666667	0.438	3
49	-73.99944305419922	40.729835510253906	-73.96417999267578	40.80315399169922	-0.23166666666666666	0.8591666666666666	0.9408333333333333	3
50	-73.981689453125	40.76839065551758	-73.97975158691406	40.75553894042969	-0.23166666666666666	0.6565000000000001	0.7381666666666666	3
51	-73.97794342041016	40.78367614746094	-73.9555892944336	40.773441314697266	-0.2315	0.3673333333333333	0.4488333333333333	3
52	-73.9777603149414	40.752281188964844	-73.95682525634766	40.768070220947266	-0.23133333333333334	0.5581666666666667	0.6395	3
53	-73.98516082763672	40.744529724121094	-73.96546173095703	40.76285171508789	-0.23116666666666666	0.4095	0.49066666666666664	3
54	-73.99230194091797	40.749290466308594	-74.32032775878906	40.720523834228516	-0.231	0.8865	0.9674999999999999	3
55	-73.78192138671875	40.64476013183594	-73.979248046875	40.661869049072266	-0.231	0.7723333333333333	0.8533333333333333	3
56	-73.95264434814453	40.77649688720703	-74.0056381225586	40.70912170410156	-0.23083333333333333	0.4691666666666667	0.55	3
57	-73.97743225097656	40.75831604003906	-73.98344421386719	40.76686096191406	-0.23066666666666666	0.4693333333333334	0.55	3
58	-73.96659088134766	40.75758743286133	-73.96577453613281	40.75434875488281	-0.23016666666666666	0.3	0.38016666666666665	3
59	-73.99769592285156	40.7376594543457	-73.99124145507812	40.734981536865234	-0.23016666666666666	0.302	0.38216666666666665	3
60	-73.9646987915039	40.79679870605469	-74.00220489501953	40.749237060546875	-0.23	0.48983333333333334	0.5698333333333333	3
61	-74.00189971923828	40.73940658569336	-73.97486877441406	40.744388580322266	-0.22983333333333333	0.4595	0.5393333333333333	3
62	-73.99662780761719	40.72460174560547	-73.86997985839844	40.75529098510742	-0.22983333333333333	0.7068333333333334	0.7866666666666666	3
63	-73.94828033447266	40.782630920410156	-73.93846130371094	40.79228973388672	-0.22966666666666666	0.4041666666666667	0.48383333333333334	3
64	-73.9722671508789	40.759864807128906	-73.87660217285156	40.74866485595703	-0.22933333333333333	0.6365000000000001	0.7158333333333333	3
65	-73.97940063476562	40.739768981933594	-73.99954986572266	40.74251937866211	-0.22933333333333333	0.6098333333333333	0.6891666666666667	3
66	-73.97964477539062	40.760196685791016	-73.974853515625	40.75374221801758	-0.229	0.4168333333333334	0.49583333333333335	3
67	-73.97683715820312	40.764591217041016	-73.9541015625	40.80475997924805	-0.229	0.47350000000000003	0.5525	3
68	-73.97439575195312	40.763877868652344	-73.999267578125	40.7281608581543	-0.22883333333333333	0.8336666666666667	0.9125	3
69	-73.9898681640625	40.7293701171875	-73.98392486572266	40.74564743041992	-0.22883333333333333	0.489	0.5678333333333333	3
70	-74.0024185180664	40.73323440551758	-73.9245834350586	40.691917419433594	-0.2285	0.74	0.8185	3
71	-73.94184875488281	40.82948303222656	-73.93864440917969	40.839866638183594	-0.2285	0.33466666666666667	0.4131666666666667	3
72	-74.00708770751953	40.71913146972656	-73.98757934570312	40.7498893737793	-0.228	0.6719999999999999	0.75	3
73	-73.98499298095703	40.77389144897461	-73.93649291992188	40.84777069091797	-0.22783333333333333	0.4708333333333333	0.5486666666666666	3
74	-73.99803161621094	40.719669342041016	-73.9839096069336	40.7318000793457	-0.22783333333333333	0.5026666666666666	0.5805	3
75	-74.00284576416016	40.73115158081055	-73.97352600097656	40.74871063232422	-0.22766666666666666	0.552	0.6296666666666666	3
76	-73.99577331542969	40.75932312011719	-73.994873046875	40.750301361083984	-0.2275	0.4021666666666667	0.4796666666666667	3
77	-73.99897003173828	40.73460006713867	-73.98368072509766	40.72577667236328	-0.2275	0.38516666666666666	0.46266666666666667	3
78	-73.97333526611328	40.76407241821289	-73.974853515625	40.76173400878906	-0.22716666666666666	0.3051666666666667	0.3823333333333333	3
79	-73.99783325195312	40.74491500854492	-73.99201202392578	40.738502502441406	-0.227	0.3536666666666667	0.43066666666666664	3
80	-73.98835754394531	40.72014236450195	-73.9688491821289	40.79058074951172	-0.227	1.0095	1.0865	3
81	-74.01483917236328	40.71460723876953	-73.9875259399414	40.74550247192383	-0.22683333333333333	0.5925	0.6693333333333333	3
82	-73.97856903076172	40.72957229614258	-73.9554443359375	40.768348693847656	-0.22683333333333333	0.455	0.5318333333333334	3
83	-73.95992279052734	40.773502349853516	-73.88846588134766	40.81656265258789	-0.22666666666666666	0.5265	0.6031666666666666	3
84	-74.00257873535156	40.73963928222656	-74.002197265625	40.74522018432617	-0.2265	0.3743333333333333	0.4508333333333333	3
85	-73.97644805908203	40.75837707519531	-73.97643280029297	40.7451057434082	-0.2265	0.38616666666666666	0.46266666666666667	3
86	-73.97149658203125	40.756011962890625	-74.0155029296875	40.7178955078125	-0.22633333333333333	0.5231666666666667	0.5994999999999999	3
87	-74.00405883789062	40.73818588256836	-73.97371673583984	40.79133224487305	0.5211666666666667	1.2225000000000001	0.5513333333333333	3
88	-73.98554992675781	40.758018493652344	-73.98086547851562	40.764583587646484	0.5211666666666667	1.1215000000000002	0.45033333333333336	3
89	-73.97772216796875	40.786712646484375	-73.94766998291016	40.78458023071289	0.5211666666666667	1.1676666666666669	0.49650000000000005	3
90	-73.96310424804688	40.79892349243164	-73.93384552001953	40.79542541503906	0.5213333333333334	1.2188333333333334	0.5474999999999999	3
91	-73.99193572998047	40.759315490722656	-73.97669982910156	40.69437789916992	0.5213333333333334	1.3745	0.7031666666666666	3
92	-74.00093078613281	40.73637008666992	-74.006591796875	40.708229064941406	0.5213333333333334	1.1564999999999999	0.4851666666666665	3
93	-74.00298309326172	40.71812057495117	-73.98078155517578	40.74671936035156	0.5215000000000001	1.2073333333333331	0.5358333333333332	3
94	-73.97763061523438	40.76401901245117	-73.95133972167969	40.79104995727539	0.5216666666666667	1.155	0.4833333333333333	3
95	-74.00727844238281	40.715660095214844	-73.9876937866211	40.71427917480469	0.5218333333333334	1.1048333333333333	0.43299999999999994	3
96	-73.9555435180664	40.768470764160156	-73.9422607421875	40.78654098510742	0.5218333333333334	1.0763333333333334	0.4045000000000001	3
97	-73.97716522216797	40.742923736572266	-73.9866714477539	40.7493896484375	0.5221666666666667	1.091	0.4188333333333333	3
98	-73.98629760742188	40.74856185913086	-73.98172760009766	40.730159759521484	0.5221666666666667	1.2568333333333332	0.5846666666666666	3
99	-73.99771881103516	40.75638198852539	-73.9542007446289	40.80592727661133	0.5223333333333334	1.2178333333333333	0.5454999999999999	3
100	-73.9807357788086	40.68874740600586	-73.94464874267578	40.68703842163086	0.5223333333333334	1.2036666666666667	0.5313333333333332	3
101	-73.98883056640625	40.758209228515625	-73.96803283691406	40.75632858276367	0.5223333333333334	1.1403333333333334	0.46799999999999986	3
102	-73.97791290283203	40.74583053588867	-73.96981048583984	40.7575569152832	0.5225000000000001	1.0838333333333332	0.4113333333333331	3
103	-73.95831298828125	40.78163528442383	-73.96470642089844	40.76015853881836	0.5225000000000001	1.1505	0.47799999999999987	3
104	-73.87316131591797	40.7740478515625	-73.86026000976562	40.73835372924805	0.5225000000000001	1.1555	0.4829999999999999	3
105	-73.9839096069336	40.73775863647461	-73.95591735839844	40.77207946777344	0.5225000000000001	1.2863333333333333	0.6138333333333332	3
106	-73.95476531982422	40.77909851074219	-73.94806671142578	40.772796630859375	0.5225000000000001	1.091	0.41849999999999987	3
107	-73.99321746826172	40.74140930175781	-73.98368072509766	40.72576904296875	0.5226666666666667	1.1548333333333334	0.48216666666666663	3
108	-73.98822784423828	40.72317123413086	-73.98001861572266	40.73493194580078	0.5228333333333334	1.0681666666666667	0.3953333333333333	3
109	-73.9405746459961	40.83344268798828	-73.94667053222656	40.80069351196289	0.5228333333333334	1.2215	0.5486666666666666	3
110	-74.00790405273438	40.73756790161133	-74.00322723388672	40.73308563232422	0.5233333333333334	1.1333333333333333	0.45999999999999985	3
111	-73.99016571044922	40.74592971801758	-73.98048400878906	40.742435455322266	0.5233333333333334	1.1016666666666666	0.42833333333333323	3
112	-73.99415588378906	40.76152801513672	-73.94303894042969	40.83637237548828	0.5235000000000001	1.2038333333333333	0.5303333333333332	3
113	-73.98680877685547	40.73963928222656	-73.96028900146484	40.69050979614258	0.5236666666666667	1.3503333333333334	0.6766666666666666	3
114	-74.00878143310547	40.740638732910156	-73.9876937866211	40.72138977050781	0.5236666666666667	1.2535	0.5798333333333333	3
115	-73.98712158203125	40.73321533203125	-73.98976135253906	40.747032165527344	0.5238333333333334	1.121	0.4471666666666666	3
116	-73.95596313476562	40.77963638305664	-73.98194122314453	40.77616882324219	0.5238333333333334	1.1368333333333331	0.46299999999999986	3
117	-73.99520111083984	40.74976348876953	-73.98506164550781	40.7321891784668	0.5238333333333334	1.2045	0.5306666666666665	3
118	-73.95270538330078	40.71419143676758	-73.94857025146484	40.72346115112305	0.5241666666666667	1.1345	0.46033333333333326	3
119	-73.9885482788086	40.723262786865234	-73.98141479492188	40.72481155395508	0.5243333333333334	1.0676666666666668	0.3933333333333333	3
120	-73.96680450439453	40.77256393432617	-73.97773742675781	40.766231536865234	0.5243333333333334	1.0701666666666667	0.39583333333333326	3
121	-73.96882629394531	40.75456619262695	-73.97831726074219	40.73084259033203	0.5243333333333334	1.138	0.46366666666666656	3
122	-73.9981460571289	40.72901153564453	-73.97412872314453	40.74406433105469	0.5245000000000001	1.1711666666666667	0.4966666666666666	3
123	-73.97344970703125	40.75502014160156	-73.97651672363281	40.76245880126953	0.5246666666666667	1.1385	0.4638333333333332	3
124	-73.9747543334961	40.7536735534668	-73.90083312988281	40.73973083496094	0.5248333333333334	1.3056666666666668	0.6308333333333334	3
125	-73.97250366210938	40.79615020751953	-73.9295425415039	40.86418914794922	0.525	1.1538333333333335	0.47883333333333333	3
126	-74.00577545166016	40.733070373535156	-73.97281646728516	40.75589370727539	0.5251666666666667	1.2201666666666666	0.5449999999999999	3
127	-73.94188690185547	40.798301696777344	-73.95193481445312	40.76941680908203	0.5251666666666667	1.1723333333333334	0.49716666666666676	3
128	-73.98129272460938	40.7641716003418	-73.9911880493164	40.743099212646484	0.5251666666666667	1.1561666666666666	0.481	3
129	-74.00083923339844	40.728912353515625	-73.98535919189453	40.72049331665039	0.5253333333333334	1.151	0.47566666666666657	3
130	-73.94003295898438	40.7939453125	-73.94766998291016	40.781246185302734	0.5255000000000001	1.0876666666666666	0.41216666666666646	3
131	-73.97698974609375	40.74299621582031	-73.99324798583984	40.746822357177734	0.5255000000000001	1.1558333333333333	0.4803333333333333	3
132	-73.9646987915039	40.791481018066406	-73.9675064086914	40.76026153564453	0.526	1.1501666666666668	0.4741666666666666	3
133	-73.95365905761719	40.782142639160156	-73.9584732055664	40.77833557128906	0.5261666666666667	1.0765000000000002	0.40033333333333343	3
134	-73.98946380615234	40.74742126464844	-73.98236083984375	40.746238708496094	0.5261666666666667	1.1076666666666668	0.4315	3
135	-74.00243377685547	40.730369567871094	-74.0054702758789	40.71128463745117	0.5263333333333334	1.1896666666666667	0.5133333333333331	3
136	-73.97244262695312	40.74980163574219	-73.97850799560547	40.745147705078125	0.5265000000000001	1.0573333333333332	0.38083333333333325	3
137	-74.00279235839844	40.72587966918945	-73.95455932617188	40.686378479003906	0.5265000000000001	1.3	0.6234999999999999	3
138	-73.98112487792969	40.753692626953125	-73.9959945678711	40.7598762512207	0.5335	1.1093333333333333	0.4258333333333333	3
139	-73.9917984008789	40.72605895996094	-73.98130798339844	40.72486877441406	0.5336666666666666	1.1226666666666667	0.43900000000000006	3
140	-73.96866607666016	40.754859924316406	-74.00344848632812	40.74860763549805	0.5338333333333333	1.2075	0.5236666666666666	3
141	-73.98101806640625	40.78173065185547	-73.96707153320312	40.80343246459961	0.5338333333333333	1.1543333333333332	0.47050000000000003	3
142	-73.99687957763672	40.76290512084961	-74.00999450683594	40.73777389526367	0.534	1.1388333333333334	0.4548333333333332	3
143	-73.98535919189453	40.759700775146484	-73.99893188476562	40.730682373046875	0.5341666666666667	1.2258333333333333	0.5416666666666666	3
144	-73.9789810180664	40.74468994140625	-73.98072814941406	40.73054122924805	0.5341666666666667	1.1166666666666667	0.4325	3
145	-73.98628997802734	40.740299224853516	-73.95104217529297	40.77920150756836	0.5343333333333333	1.2096666666666667	0.5253333333333333	3
146	-73.9808349609375	40.76439666748047	-73.93920135498047	40.790748596191406	0.5345	1.2395	0.5549999999999999	3
147	-73.9774169921875	40.752227783203125	-73.99197387695312	40.749717712402344	0.5348333333333333	1.1013333333333333	0.4165	3
148	-73.99021911621094	40.7318000793457	-73.81977844238281	40.7127685546875	0.535	1.3918333333333333	0.7068333333333332	3
149	-74.00418090820312	40.74758529663086	-73.98320007324219	40.731544494628906	0.535	1.2003333333333333	0.5153333333333332	3
150	-73.95240020751953	40.710853576660156	-73.99421691894531	40.763282775878906	0.535	1.5588333333333333	0.8738333333333332	3
151	-73.97544860839844	40.786991119384766	-73.966796875	40.78887939453125	0.5351666666666667	1.0745	0.3893333333333334	3
152	-73.98538208007812	40.77864074707031	-73.98339080810547	40.74496841430664	0.5351666666666667	1.2753333333333332	0.5901666666666665	3
153	-73.97754669189453	40.74216079711914	-73.98848724365234	40.758968353271484	0.5353333333333333	1.2189999999999999	0.5336666666666666	3
154	-74.00614929199219	40.74032211303711	-74.00410461425781	40.75187301635742	0.5355	1.301	0.6154999999999999	3
155	-73.99075317382812	40.733978271484375	-73.97785949707031	40.74556350708008	0.5355	1.1218333333333335	0.43633333333333335	3
156	-73.97032165527344	40.788978576660156	-73.95369720458984	40.766971588134766	0.5356666666666666	1.2003333333333333	0.5146666666666666	3
157	-73.94954681396484	40.77176284790039	-73.96369934082031	40.75725173950195	9.053166666666668	9.726	0.5228333333333332	3
158	-73.96369934082031	40.75725173950195	-73.96369934082031	40.75725173950195	9.976	15.75	5.773999999999999	4
159	-73.98726654052734	40.74432373046875	-73.97976684570312	40.760555267333984	9.053333333333335	9.737833333333333	0.5344999999999981	3
160	-74.00877380371094	40.713890075683594	-73.99676513671875	40.723995208740234	9.053333333333335	9.756833333333333	0.5534999999999982	3
161	-73.99676513671875	40.723995208740234	-73.99676513671875	40.723995208740234	10.006833333333333	15.75	5.743166666666667	4
162	-73.9652099609375	40.79120635986328	-73.97584533691406	40.760135650634766	9.053500000000001	9.902166666666668	0.6986666666666664	3
163	-73.99658966064453	40.7428092956543	-73.98961639404297	40.757415771484375	9.053500000000001	9.709833333333332	0.5063333333333307	3
164	-73.98961639404297	40.757415771484375	-73.98961639404297	40.757415771484375	9.959833333333332	15.75	5.790166666666668	4
165	-73.9751205444336	40.75225830078125	-73.98383331298828	40.74715042114258	9.053500000000001	9.636333333333333	0.4328333333333315	3
166	-73.97188568115234	40.78183364868164	-73.9693832397461	40.78534698486328	9.053500000000001	9.576166666666666	0.37266666666666415	3
167	-73.99788665771484	40.682857513427734	-73.97223663330078	40.74979782104492	9.053500000000001	9.925333333333333	0.7218333333333312	3
168	-73.99120330810547	40.74973678588867	-73.98949432373047	40.73994827270508	9.053666666666667	9.723833333333333	0.5201666666666668	3
169	-73.98949432373047	40.73994827270508	-73.98949432373047	40.73994827270508	9.973833333333333	15.75	5.776166666666667	4
170	-74.01063537597656	40.717437744140625	-74.00794982910156	40.75130081176758	9.053666666666667	9.704666666666666	0.5009999999999998	3
171	-74.00794982910156	40.75130081176758	-74.00794982910156	40.75130081176758	9.954666666666666	15.75	5.795333333333334	4
172	-73.97779846191406	40.73419189453125	-74.00101470947266	40.72420883178711	9.053666666666667	9.789	0.5853333333333332	3
173	-74.00101470947266	40.72420883178711	-74.00101470947266	40.72420883178711	10.039	15.75	5.711	4
174	-73.98064422607422	40.78244400024414	-73.98381042480469	40.76136016845703	9.053833333333333	9.800500000000001	0.5966666666666679	3
175	-73.98381042480469	40.76136016845703	-73.98381042480469	40.76136016845703	10.050500000000001	15.75	5.699499999999999	4
176	-73.99336242675781	40.74690246582031	-73.98306274414062	40.76579284667969	9.053833333333333	9.784166666666666	0.5803333333333324	3
177	-73.98306274414062	40.76579284667969	-73.98306274414062	40.76579284667969	10.034166666666666	15.75	5.715833333333334	4
178	-73.93569946289062	40.761070251464844	-73.937744140625	40.7536735534668	9.053833333333333	9.634833333333333	0.4309999999999995	3
179	-73.9610366821289	40.79672622680664	-73.95339965820312	40.778480529785156	9.053833333333333	9.785833333333333	0.5819999999999993	3
180	-73.95339965820312	40.778480529785156	-73.95339965820312	40.778480529785156	10.035833333333333	15.75	5.714166666666667	4
181	-73.9882583618164	40.75381088256836	-73.98554992675781	40.747093200683594	9.054	9.622833333333334	0.41883333333333395	3
182	-73.99082946777344	40.750526428222656	-73.98933410644531	40.73408126831055	9.054	9.741833333333332	0.5378333333333319	3
183	-73.98933410644531	40.73408126831055	-73.98933410644531	40.73408126831055	9.991833333333332	15.75	5.758166666666668	4
184	-73.96990966796875	40.78459167480469	-73.9435043334961	40.801605224609375	9.054166666666667	9.739166666666666	0.5349999999999987	3
185	-73.98110961914062	40.779388427734375	-73.94001770019531	40.84123229980469	9.054166666666667	9.806500000000002	0.6023333333333344	3
186	-73.9649429321289	40.79513168334961	-73.93946075439453	40.804630279541016	9.054166666666667	9.734333333333332	0.5301666666666648	3
187	-73.99271392822266	40.75522232055664	-73.99132537841797	40.738807678222656	9.054333333333334	9.7755	0.5711666666666652	3
188	-73.99132537841797	40.738807678222656	-73.99132537841797	40.738807678222656	10.0255	15.75	5.724500000000001	4
189	-73.96843719482422	40.79944610595703	-73.96643829345703	40.794395446777344	9.054333333333334	9.670666666666666	0.4663333333333316	3
190	-73.9719009399414	40.79478073120117	-73.938720703125	40.84856033325195	9.054333333333334	9.667	0.4626666666666658	3
191	-73.938720703125	40.84856033325195	-73.938720703125	40.84856033325195	9.917	15.75	5.833	4
192	-73.94605255126953	40.79247283935547	-73.99317169189453	40.719764709472656	9.0545	10.068833333333334	0.8643333333333331	3
193	-73.99317169189453	40.719764709472656	-73.99317169189453	40.719764709472656	10.318833333333334	15.75	5.431166666666666	4
194	-73.98194122314453	40.75214385986328	-73.97282409667969	40.75810623168945	9.0545	9.7865	0.5819999999999993	3
195	-73.97282409667969	40.75810623168945	-73.97282409667969	40.75810623168945	10.0365	15.75	5.7135	4
196	-73.99176025390625	40.74924850463867	-73.98931121826172	40.743812561035156	9.0545	9.701166666666666	0.4966666666666647	3
197	-73.98988342285156	40.735252380371094	-73.98124694824219	40.736366271972656	9.0545	9.707833333333333	0.5033333333333324	3
198	-73.98124694824219	40.736366271972656	-73.98124694824219	40.736366271972656	9.957833333333333	15.75	5.792166666666667	4
199	-73.99557495117188	40.754817962646484	-73.94874572753906	40.77069854736328	9.054666666666668	10.240333333333332	1.0356666666666645	3
200	-73.9845199584961	40.74574661254883	-73.97261047363281	40.761558532714844	9.054666666666668	9.784	0.5793333333333329	3
201	-73.98094177246094	40.7443733215332	-73.9813461303711	40.75947570800781	9.054666666666668	9.790666666666667	0.5859999999999989	3
202	-74.01615142822266	40.70991134643555	-73.99156188964844	40.73992156982422	9.054666666666668	9.940333333333333	0.7356666666666655	3
203	-74.00508880615234	40.73099899291992	-73.96195983886719	40.77328109741211	9.054666666666668	10.057666666666668	0.8530000000000001	3
204	-73.9869384765625	40.73944091796875	-73.97518920898438	40.75590133666992	9.054833333333335	9.707999999999998	0.5031666666666638	3
205	-73.99188232421875	40.74993896484375	-73.97618865966797	40.740779876708984	9.054833333333335	9.8895	0.6846666666666653	3
206	-74.00878143310547	40.71905517578125	-73.99854278564453	40.72859191894531	9.054833333333335	9.707333333333333	0.5024999999999981	3
207	-73.99854278564453	40.72859191894531	-73.99854278564453	40.72859191894531	9.957333333333333	15.75	5.792666666666667	4
208	-74.00081634521484	40.752349853515625	-73.9905014038086	40.7401008605957	9.054833333333335	9.7425	0.5376666666666651	3
209	-73.95657348632812	40.76701736450195	-73.97697448730469	40.76251983642578	9.055000000000001	9.9095	0.704499999999998	3
210	-73.97697448730469	40.76251983642578	-73.97697448730469	40.76251983642578	10.1595	15.75	5.5905000000000005	4
211	-74.00275421142578	40.728641510009766	-73.78350067138672	40.643699645996094	9.055000000000001	10.305166666666667	1.1001666666666652	3
212	-74.00020599365234	40.67845153808594	-73.98304748535156	40.73482131958008	9.055166666666667	10.002833333333333	0.7976666666666666	3
213	-73.98304748535156	40.73482131958008	-73.98304748535156	40.73482131958008	10.252833333333333	15.75	5.497166666666667	4
214	-73.95172882080078	40.76948928833008	-73.91217041015625	40.758941650390625	9.055166666666667	9.924999999999999	0.7198333333333323	3
215	-73.91217041015625	40.758941650390625	-73.91217041015625	40.758941650390625	10.174999999999999	15.75	5.575000000000001	4
216	-73.9881362915039	40.738006591796875	-73.98253631591797	40.763240814208984	9.055166666666667	9.902833333333334	0.697666666666667	3
217	-73.98641967773438	40.73462677001953	-74.01580810546875	40.71603775024414	9.055333333333333	9.839666666666668	0.6343333333333344	3
218	-74.01580810546875	40.71603775024414	-74.01580810546875	40.71603775024414	10.089666666666668	15.75	5.660333333333332	4
219	-73.95587158203125	40.77930450439453	-73.98916625976562	40.74135971069336	9.055333333333333	10.172166666666666	0.9668333333333322	3
220	-73.99958038330078	40.73851013183594	-74.00247192382812	40.73403549194336	9.0555	9.588666666666667	0.3831666666666663	3
221	-74.00247192382812	40.73403549194336	-74.00247192382812	40.73403549194336	9.838666666666667	15.75	5.911333333333333	4
222	-73.99021911621094	40.756256103515625	-73.98146057128906	40.745216369628906	9.0555	9.867	0.6615000000000005	3
223	-73.98146057128906	40.745216369628906	-73.98146057128906	40.745216369628906	10.117	15.75	5.632999999999999	4
224	-73.94956970214844	40.781150817871094	-73.97589111328125	40.776458740234375	9.0555	9.705333333333332	0.4998333333333317	3
225	-73.97589111328125	40.776458740234375	-73.97589111328125	40.776458740234375	9.955333333333332	15.75	5.794666666666668	4
226	-73.95365142822266	40.76694107055664	-73.9445571899414	40.8089714050293	9.0555	9.971666666666668	0.7661666666666672	3
227	-73.9445571899414	40.8089714050293	-73.9445571899414	40.8089714050293	10.221666666666668	15.75	5.528333333333332	4
228	-73.9927749633789	40.74300003051758	-73.97705841064453	40.739044189453125	9.055666666666667	9.770166666666666	0.5644999999999992	3
229	-73.97705841064453	40.739044189453125	-73.97705841064453	40.739044189453125	10.020166666666666	15.75	5.729833333333334	4
230	-73.9615478515625	40.75778579711914	-73.97261047363281	40.75890350341797	9.055666666666667	9.823833333333333	0.6181666666666658	3
231	-73.77691650390625	40.64506912231445	-73.9745101928711	40.67134094238281	11.2755	12.570166666666667	1.144666666666668	3
232	-73.95556640625	40.76822280883789	-73.95545196533203	40.775394439697266	11.2755	11.889999999999999	0.4644999999999996	3
233	-73.94540405273438	40.7864875793457	-73.95191955566406	40.77785110473633	11.2755	11.855666666666666	0.4301666666666669	3
234	-73.99430847167969	40.75092315673828	-73.98749542236328	40.76837158203125	11.275666666666666	11.991833333333332	0.5661666666666662	3
235	-73.99051666259766	40.756710052490234	-73.98169708251953	40.74591827392578	11.275666666666666	12.068999999999999	0.643333333333333	3
236	-73.98234558105469	40.77301025390625	-73.99173736572266	40.75426483154297	11.275833333333333	11.987166666666665	0.5613333333333322	3
237	-73.98414611816406	40.74888610839844	-73.98943328857422	40.74457931518555	11.275833333333333	11.836	0.41016666666666735	3
238	0.0	0.0	-73.97789001464844	40.752193450927734	11.276	11.920499999999999	0.49449999999999894	3
239	-73.95539093017578	40.77692413330078	-73.95506286621094	40.78848648071289	11.276	11.902333333333333	0.47633333333333316	3
240	-73.968994140625	40.79082107543945	-73.97919464111328	40.78487014770508	11.276	11.859333333333334	0.4333333333333339	3
241	-73.98419189453125	40.746219635009766	-73.9775390625	40.755008697509766	11.276	11.934833333333334	0.5088333333333338	3
242	-73.98448181152344	40.73289108276367	-73.98761749267578	40.72433090209961	11.276	11.857999999999999	0.43199999999999894	3
243	-73.95478820800781	40.765403747558594	-73.95807647705078	40.76887893676758	11.276	11.867166666666668	0.44116666666666793	3
244	-73.993408203125	40.72945022583008	-74.0110855102539	40.701988220214844	11.276166666666665	12.004333333333333	0.5781666666666684	3
245	-73.97830963134766	40.76232147216797	-73.99057006835938	40.750858306884766	11.276166666666665	11.991333333333332	0.5651666666666667	3
246	-73.97695922851562	40.76475524902344	-73.99242401123047	40.74833297729492	11.276333333333332	12.054333333333334	0.6280000000000022	3
247	-73.99081420898438	40.770843505859375	-73.99647521972656	40.74455261230469	11.276333333333332	12.157833333333334	0.7315000000000026	3
248	-73.97402954101562	40.76233673095703	-74.00336456298828	40.72516632080078	11.276499999999999	12.190166666666666	0.7636666666666677	3
249	-73.9932632446289	40.742000579833984	-73.98263549804688	40.735477447509766	11.276499999999999	11.975833333333334	0.5493333333333353	3
250	-73.97710418701172	40.75192642211914	-73.99773406982422	40.722808837890625	11.283333333333333	12.202	0.7686666666666667	3
251	-73.95684051513672	40.76662063598633	-73.95503234863281	40.77735137939453	11.283333333333333	11.971666666666668	0.5383333333333343	3
252	-73.98528289794922	40.76417922973633	-73.98542022705078	40.752838134765625	11.2835	11.971333333333334	0.5378333333333337	3
253	-73.97240447998047	40.74932098388672	-73.99603271484375	40.73805618286133	11.2835	12.038666666666666	0.6051666666666659	3
254	-73.98501586914062	40.74202346801758	-73.9749755859375	40.7416877746582	11.2835	11.919833333333333	0.48633333333333295	3
255	-73.94590759277344	40.80137252807617	-73.95209503173828	40.79285430908203	11.283666666666667	11.824333333333334	0.3906666666666666	3
256	-74.0142593383789	40.70444869995117	-74.00579071044922	40.751041412353516	11.283833333333334	12.019833333333334	0.5860000000000006	3
257	-73.97223663330078	40.75685501098633	-73.79060363769531	40.644142150878906	11.284	12.292166666666667	0.858166666666666	3
258	-74.0025863647461	40.739540100097656	-73.99099731445312	40.74542236328125	11.284	11.951833333333333	0.5178333333333324	3
259	-73.97334289550781	40.75957107543945	-73.97928619384766	40.78689956665039	11.284166666666666	12.2045	0.7703333333333336	3
260	-73.981689453125	40.77940368652344	-73.98340606689453	40.766998291015625	11.284166666666666	11.968833333333334	0.5346666666666685	3
261	-73.98201751708984	40.75232696533203	-73.96084594726562	40.775089263916016	11.284166666666666	12.037833333333333	0.6036666666666676	3
262	-73.980224609375	40.760746002197266	-73.95948791503906	40.77493667602539	11.284333333333333	11.9895	0.5551666666666669	3
263	-73.98224639892578	40.7642707824707	-73.9903793334961	40.75103759765625	11.284333333333333	11.873000000000001	0.4386666666666684	3
264	-73.98536682128906	40.741371154785156	-73.99250793457031	40.73735809326172	11.284333333333333	11.939833333333334	0.5055000000000017	3
265	-73.98372650146484	40.73432159423828	-74.00476837158203	40.741798400878906	11.284333333333333	12.1895	0.755166666666668	3
266	-73.9875259399414	40.755409240722656	-73.96633911132812	40.76882553100586	11.2845	12.142999999999999	0.7084999999999994	3
267	-73.96952819824219	40.757179260253906	-73.95413208007812	40.7641487121582	11.2845	12.0015	0.5670000000000005	3
268	-73.97211456298828	40.75967025756836	-73.96968078613281	40.7579345703125	11.284666666666666	12.223	0.7883333333333343	3
269	-73.99140167236328	40.749916076660156	-73.96427917480469	40.76469421386719	11.284666666666666	12.286166666666666	0.8515	3
270	-73.97419738769531	40.762630462646484	-74.00560760498047	40.750938415527344	11.284666666666666	12.072666666666667	0.6380000000000002	3
271	-73.97250366210938	40.75341796875	-73.96437072753906	40.80722427368164	11.284833333333333	12.2255	0.790666666666667	3
272	-73.98332977294922	40.756290435791016	-73.99295806884766	40.73395919799805	11.284833333333333	12.101166666666666	0.6663333333333327	3
273	-73.98776245117188	40.77009582519531	-73.97140502929688	40.79756164550781	11.284833333333333	12.039833333333334	0.6050000000000008	3
274	-73.95767974853516	40.773773193359375	-73.95396423339844	40.783756256103516	11.285	11.875833333333334	0.4408333333333342	3
275	-73.94863891601562	40.781982421875	-73.95549774169922	40.77951431274414	11.285166666666667	11.843	0.40783333333333294	3
276	-73.9683609008789	40.77057647705078	-73.98326873779297	40.756011962890625	11.285333333333334	11.991	0.5556666666666658	3
277	-74.00811767578125	40.73891830444336	-73.97736358642578	40.764625549316406	11.285333333333334	12.192333333333334	0.757	3
278	-73.96111297607422	40.75667953491211	-73.95570373535156	40.76264953613281	11.285333333333334	11.8385	0.4031666666666659	3
279	-73.98401641845703	40.746368408203125	-74.00491333007812	40.75199890136719	11.285333333333334	12.223666666666666	0.7883333333333326	3
280	-74.0028076171875	40.76049041748047	-74.0158462524414	40.71445083618164	11.285333333333334	12.001333333333333	0.5659999999999993	3
281	-73.95423126220703	40.778343200683594	-73.96578979492188	40.75297927856445	11.2855	11.9695	0.5339999999999993	3
282	-73.96955108642578	40.785057067871094	-73.96891021728516	40.767459869384766	11.2855	11.975166666666667	0.5396666666666657	3
283	-73.97761535644531	40.787208557128906	-73.9811782836914	40.781185150146484	11.285666666666666	11.841166666666668	0.4055000000000021	3
284	0.0	0.0	0.0	0.0	11.285833333333333	11.8705	0.4346666666666671	3
285	-73.99420166015625	40.75102233886719	-73.96464538574219	40.76151657104492	11.285833333333333	12.289666666666667	0.8538333333333344	3
286	-73.96466064453125	40.76414489746094	-73.95419311523438	40.7703971862793	11.286	11.9075	0.47150000000000103	3
287	-73.9544906616211	40.764305114746094	-73.96378326416016	40.764408111572266	11.286	12.074	0.6380000000000002	3
288	-73.97911071777344	40.744266510009766	-73.97566986083984	40.751426696777344	11.286166666666666	11.869	0.4328333333333333	3
289	-73.95799255371094	40.7606315612793	-73.97613525390625	40.752140045166016	11.286166666666666	11.902333333333333	0.4661666666666665	3
290	-73.96995544433594	40.76106262207031	-73.96681213378906	40.766502380371094	11.286333333333333	11.859	0.42266666666666663	3
291	-73.99115753173828	40.72772979736328	-73.96176147460938	40.811988830566406	11.286333333333333	12.653166666666667	1.216833333333334	3
292	-73.99153900146484	40.73162841796875	-73.99555969238281	40.73937225341797	11.2865	11.921666666666667	0.48516666666666663	3
293	-73.96395111083984	40.7744255065918	-73.97355651855469	40.763641357421875	11.2865	11.973166666666668	0.5366666666666674	3
294	0.0	0.0	0.0	0.0	11.286666666666667	11.935166666666667	0.4985000000000003	3
295	-73.98856353759766	40.748779296875	-73.9620132446289	40.77933883666992	11.286666666666667	12.343	0.9063333333333329	3
296	-73.95643615722656	40.774288177490234	-73.97298431396484	40.789485931396484	11.286666666666667	12.003833333333333	0.5671666666666656	3
297	-73.98857116699219	40.735321044921875	-73.9903564453125	40.75507736206055	11.286999999999999	12.2175	0.7805000000000003	3
298	-73.97329711914062	40.756778717041016	-73.87347412109375	40.77421569824219	11.286999999999999	12.208833333333333	0.7718333333333337	3
299	-73.95278930664062	40.76668167114258	-73.94098663330078	40.793399810791016	11.286999999999999	12.008	0.5710000000000001	3
300	-73.96629333496094	40.76776885986328	-73.97411346435547	40.75851821899414	11.287166666666666	11.9385	0.5013333333333335	3
301	-73.9527359008789	40.78647232055664	-73.99193572998047	40.73103713989258	11.287166666666666	12.271166666666668	0.8340000000000017	3
302	-73.97395324707031	40.744041442871094	-73.9881820678711	40.749908447265625	11.287166666666666	11.943166666666666	0.5060000000000006	3
303	-73.98217010498047	40.77641677856445	-73.98126220703125	40.7751350402832	11.287333333333333	11.817333333333334	0.3800000000000011	3
304	-73.97820281982422	40.75117111206055	-73.99009704589844	40.75122833251953	11.2875	12.4385	1.001	3
305	-73.99365997314453	40.767066955566406	-73.97653198242188	40.75468063354492	11.2875	12.1235	0.6860000000000003	3
306	-73.95809173583984	40.773040771484375	-73.95259857177734	40.780601501464844	11.2875	11.856333333333334	0.41883333333333395	3
307	-73.9554443359375	40.78276443481445	-73.96117401123047	40.77165985107422	11.287666666666667	11.902000000000001	0.4643333333333345	3
308	-73.96357727050781	40.7654914855957	-73.97331237792969	40.78274917602539	11.287666666666667	11.9545	0.5168333333333329	3
309	-73.97638702392578	40.73963928222656	-73.9817886352539	40.74639129638672	11.287833333333333	12.036	0.5981666666666662	3
310	-73.9832763671875	40.73469924926758	-73.99690246582031	40.7336311340332	11.287833333333333	11.909	0.4711666666666673	3
311	-73.98753356933594	40.71965408325195	-74.00448608398438	40.72255325317383	11.287833333333333	11.955333333333332	0.5174999999999986	3
312	-73.95301818847656	40.77760696411133	-73.96466064453125	40.77022933959961	11.288	11.906166666666667	0.4681666666666672	3
313	-73.98230743408203	40.74546813964844	-73.98841094970703	40.76428985595703	11.288	12.2505	0.8125000000000003	3
314	-73.97178649902344	40.759944915771484	-74.00677490234375	40.74174880981445	11.288166666666667	12.201666666666666	0.7634999999999991	3
315	-73.99207305908203	40.72517776489258	-73.97250366210938	40.75395202636719	11.288166666666667	12.091333333333333	0.6531666666666659	3
316	-73.9709701538086	40.76266098022461	-73.9979476928711	40.74052047729492	11.288166666666667	12.200166666666666	0.761999999999999	3
317	-73.95747375488281	40.7825927734375	-73.97523498535156	40.77733612060547	11.288499999999999	11.9215	0.4830000000000009	3
318	-73.96316528320312	40.75798416137695	-73.96189880371094	40.779598236083984	11.288499999999999	12.071833333333332	0.6333333333333332	3
319	-73.98578643798828	40.76778030395508	-73.98509979248047	40.7570915222168	11.288666666666666	11.9415	0.5028333333333336	3
320	-73.9713363647461	40.76176834106445	-73.97447204589844	40.756019592285156	11.288666666666666	11.886	0.44733333333333325	3
321	-73.978759765625	40.76670837402344	-73.95345306396484	40.764976501464844	11.288833333333333	12.126000000000001	0.6871666666666684	3
322	-73.98450469970703	40.764705657958984	-74.00862884521484	40.72261047363281	11.289	12.100999999999999	0.6619999999999994	3
323	-74.01668548583984	40.70915222167969	-74.00679779052734	40.73366928100586	11.289	11.922666666666666	0.4836666666666666	3
324	-73.9664535522461	40.80475997924805	-74.00011444091797	40.7484245300293	19.7595	20.570666666666668	0.6611666666666686	3
325	-73.93696594238281	40.764530181884766	-73.93695068359375	40.76454162597656	21.275499999999997	21.801333333333336	0.37583333333333824	3
326	-73.95277404785156	40.776344299316406	-73.9802474975586	40.74250411987305	21.752833333333335	22.383666666666667	0.48083333333333156	3
327	-73.98552703857422	40.738521575927734	-74.00323486328125	40.7315559387207	20.555500000000002	21.28366666666667	0.5781666666666666	3
328	-73.98664093017578	40.76261520385742	-73.98297119140625	40.731422424316406	20.555500000000002	21.4525	0.7469999999999984	3
329	-74.00841522216797	40.71413040161133	-73.97066497802734	40.692054748535156	20.555500000000002	21.267666666666667	0.5621666666666648	3
330	-73.98066711425781	40.767398834228516	-73.98078918457031	40.773258209228516	20.555500000000002	21.109833333333334	0.4043333333333322	3
331	-73.96228790283203	40.779090881347656	-73.96612548828125	40.763038635253906	20.555666666666667	21.251333333333335	0.5456666666666677	3
332	-73.98762512207031	40.73589324951172	-73.98211669921875	40.72806167602539	20.555666666666667	21.184333333333335	0.4786666666666676	3
333	-73.9625015258789	40.758853912353516	-73.95502471923828	40.7690315246582	20.555833333333332	21.09	0.38416666666666754	3
334	-73.98585510253906	40.744239807128906	-73.97721862792969	40.72640609741211	20.555833333333332	21.273166666666665	0.5673333333333325	3
335	-73.97899627685547	40.7405891418457	-73.9853744506836	40.73183059692383	20.556	21.101666666666667	0.3956666666666656	3
336	-73.98396301269531	40.69520950317383	-73.9493179321289	40.78139114379883	20.556	21.342666666666666	0.6366666666666653	3
337	0.0	0.0	-74.3531265258789	40.639949798583984	20.556166666666666	21.07133333333333	0.36516666666666564	3
338	-73.9964599609375	40.737220764160156	-73.99785614013672	40.74606704711914	20.556166666666666	21.153	0.44683333333333264	3
339	-73.9806900024414	40.74447250366211	-73.99775695800781	40.735145568847656	20.556333333333335	21.204666666666665	0.49833333333332985	3
340	-73.97045135498047	40.763912200927734	-74.00679016113281	40.730567932128906	20.5565	21.406666666666666	0.7001666666666665	3
341	-73.99040222167969	40.73051071166992	-73.98735809326172	40.72161865234375	20.5565	21.28966666666667	0.5831666666666692	3
342	-73.9780502319336	40.783573150634766	-73.96208953857422	40.76776885986328	20.5565	21.221166666666665	0.5146666666666654	3
343	-73.9563217163086	40.77159118652344	-73.99594116210938	40.72669219970703	20.55666666666667	21.37366666666667	0.6670000000000001	3
344	-73.97297668457031	40.78546905517578	-73.96955871582031	40.798011779785156	20.55666666666667	21.157666666666664	0.4509999999999955	3
345	-73.97381591796875	40.76461410522461	-73.97772216796875	40.75038528442383	20.556833333333334	21.190666666666665	0.48383333333333167	3
346	-73.98562622070312	40.72307586669922	-74.00491333007812	40.739898681640625	20.556833333333334	21.287833333333335	0.5810000000000016	3
347	-74.00518798828125	40.719852447509766	-74.00267028808594	40.685264587402344	20.557000000000002	21.3675	0.6604999999999975	3
348	-73.99501037597656	40.74008560180664	-73.98871612548828	40.73653030395508	20.557000000000002	21.166666666666668	0.45966666666666567	3
349	-73.9908676147461	40.750892639160156	-73.97582244873047	40.74882125854492	20.557166666666667	21.21683333333333	0.5096666666666628	3
350	-73.82735443115234	40.716064453125	-73.79022216796875	40.643646240234375	20.557166666666667	21.239333333333335	0.5321666666666672	3
351	-73.97869110107422	40.7619514465332	-73.97734069824219	40.753501892089844	20.557166666666667	21.2675	0.560333333333331	3
352	-73.97782897949219	40.773170471191406	-73.98001098632812	40.780731201171875	20.557333333333332	21.118333333333332	0.4109999999999999	3
353	-73.98849487304688	40.76420593261719	-73.98077392578125	40.74492263793945	20.557333333333332	21.350333333333335	0.6430000000000028	3
354	-74.0089340209961	40.709842681884766	-73.98338317871094	40.730342864990234	20.5575	21.309166666666666	0.6016666666666651	3
355	-73.99541473388672	40.730712890625	-73.98790740966797	40.72260665893555	20.5575	21.240666666666666	0.5331666666666649	3
356	-73.99343872070312	40.757259368896484	-73.98825073242188	40.74338912963867	20.5575	21.17216666666667	0.4646666666666682	3
357	-73.99099731445312	40.751060485839844	-73.97633361816406	40.74811935424805	20.557833333333335	21.183333333333334	0.4754999999999988	3
358	-73.97213745117188	40.78654479980469	-73.9616928100586	40.77995300292969	20.558	21.124166666666667	0.4161666666666676	3
359	-73.96871185302734	40.799259185791016	-73.97699737548828	40.75960159301758	20.558	21.416666666666668	0.708666666666668	3
360	-74.0030288696289	40.73360061645508	-73.97530364990234	40.74946975708008	20.558	21.386666666666667	0.6786666666666669	3
361	-73.99861145019531	40.76083755493164	-73.99067687988281	40.760982513427734	20.558	21.12	0.41200000000000114	3
362	-73.98355102539062	40.750179290771484	-74.00259399414062	40.73430633544922	20.55816666666667	21.238	0.529833333333331	3
363	-73.95668029785156	40.77497863769531	-73.98223876953125	40.761810302734375	20.55816666666667	21.33833333333333	0.6301666666666627	3
364	-74.00157928466797	40.735694885253906	-73.97967529296875	40.75224685668945	20.55816666666667	21.285833333333336	0.5776666666666678	3
365	-73.9883804321289	40.737735748291016	-73.9798355102539	40.71805191040039	20.558333333333334	21.304166666666667	0.5958333333333335	3
366	-73.9912338256836	40.75041580200195	-73.98600006103516	40.727840423583984	20.558333333333334	21.3015	0.5931666666666672	3
367	-73.98355865478516	40.7554931640625	-73.9800796508789	40.758094787597656	20.558333333333334	21.22233333333333	0.5139999999999979	3
368	-73.99152374267578	40.75008010864258	-73.98161315917969	40.73731994628906	20.558333333333334	21.159	0.4506666666666653	3
369	-74.0024185180664	40.73352813720703	-73.99087524414062	40.71788787841797	20.558333333333334	21.340666666666664	0.6323333333333302	3
370	-73.9811782836914	40.75033187866211	-73.98335266113281	40.756324768066406	20.558500000000002	21.1255	0.4169999999999966	3
371	-74.00215148925781	40.733760833740234	-74.0038833618164	40.737396240234375	20.558500000000002	21.10216666666667	0.3936666666666667	3
372	-74.00151062011719	40.735809326171875	-73.99785614013672	40.71956253051758	20.558500000000002	21.187	0.4784999999999989	3
373	-73.9796142578125	40.776092529296875	-73.95278930664062	40.78032302856445	20.558500000000002	21.207833333333333	0.4993333333333311	3
374	-73.98635864257812	40.759273529052734	-73.98472595214844	40.74850845336914	20.558500000000002	21.185666666666666	0.47716666666666396	3
375	-73.9942626953125	40.75108337402344	-73.95862579345703	40.772403717041016	20.558666666666667	21.386666666666667	0.6779999999999994	3
376	-73.9828109741211	40.745059967041016	-74.01294708251953	40.7016716003418	20.558666666666667	21.21783333333333	0.509166666666664	3
377	-73.7835464477539	40.64863967895508	-73.97428894042969	40.75693130493164	20.558666666666667	21.641333333333332	0.9326666666666646	3
378	-73.94985961914062	40.78072738647461	-73.9726333618164	40.74361038208008	20.558833333333332	21.206833333333332	0.49799999999999967	3
379	-73.98906707763672	40.76326370239258	-73.9947738647461	40.76020050048828	20.558833333333332	21.142333333333333	0.4335000000000008	3
380	-73.98978424072266	40.75734329223633	-73.97734069824219	40.76342010498047	20.559	21.192666666666668	0.4836666666666666	3
381	-73.98583984375	40.75722885131836	-73.97859191894531	40.75320053100586	20.559	21.16916666666667	0.46016666666666806	3
382	-73.96204376220703	40.779449462890625	-73.97648620605469	40.763885498046875	20.559	21.18616666666667	0.4771666666666675	3
383	-73.98677825927734	40.75608444213867	-73.98458099365234	40.74825668334961	20.559166666666666	21.1545	0.4453333333333326	3
384	-73.9619140625	40.77071762084961	-73.9679946899414	40.76250076293945	20.559166666666666	21.108500000000003	0.39933333333333676	3
385	-74.00747680664062	40.705101013183594	-73.96251678466797	40.709999084472656	20.559166666666666	21.268833333333333	0.5596666666666671	3
386	-73.9856185913086	40.759037017822266	-73.99083709716797	40.759376525878906	20.559333333333335	21.236	0.5266666666666658	3
387	-73.97339630126953	40.7644157409668	-73.9647216796875	40.768333435058594	20.5595	21.122833333333332	0.41333333333333255	3
388	-74.00900268554688	40.73939895629883	-73.98731994628906	40.72835922241211	20.5595	21.306	0.596500000000001	3
389	-73.99105072021484	40.75438690185547	-73.9793701171875	40.74966812133789	20.5595	21.1545	0.44499999999999884	3
390	-74.00846099853516	40.749881744384766	-73.99201202392578	40.73551940917969	20.55966666666667	21.2065	0.4968333333333298	3
391	-73.98477935791016	40.72443389892578	-73.98368072509766	40.66538619995117	20.55966666666667	21.534333333333336	0.8246666666666677	3
392	-74.00906372070312	40.73038864135742	-74.00640106201172	40.739219665527344	20.55966666666667	21.1235	0.4138333333333314	3
393	-73.99100494384766	40.72408676147461	-74.00865936279297	40.73237991333008	20.559833333333334	21.217499999999998	0.5076666666666639	3
394	-73.97669982910156	40.75408935546875	-73.98039245605469	40.78229904174805	20.566666666666666	21.304333333333336	0.5876666666666693	3
395	-73.98324584960938	40.77115249633789	-73.9567642211914	40.77999496459961	20.56683333333333	21.202166666666667	0.4853333333333353	3
396	-73.98702239990234	40.73369598388672	-73.97262573242188	40.75332260131836	20.56683333333333	21.3505	0.6336666666666687	3
397	-73.99466705322266	40.75056076049805	-73.94849395751953	40.7742919921875	20.567	21.466666666666665	0.7496666666666648	3
398	-73.95143127441406	40.778343200683594	-73.97504425048828	40.74599838256836	20.567	21.22283333333333	0.5058333333333301	3
399	-73.97955322265625	40.74937057495117	-73.95572662353516	40.77238845825195	20.567	21.257166666666667	0.5401666666666664	3
400	-73.95381927490234	40.78208923339844	-73.96536254882812	40.76607131958008	20.567	21.153666666666666	0.436666666666666	3
401	-73.98316192626953	40.756431579589844	-73.97928619384766	40.765228271484375	20.567	21.334333333333333	0.6173333333333332	3
402	0.0	0.0	0.0	0.0	20.567166666666665	21.23966666666667	0.522500000000003	3
403	-74.0023422241211	40.7264404296875	-73.97653198242188	40.74501037597656	20.567166666666665	21.306166666666666	0.5890000000000007	3
404	-73.98515319824219	40.72771072387695	-73.97786712646484	40.74616622924805	20.567166666666665	21.285666666666668	0.5685000000000023	3
405	-73.96723175048828	40.793670654296875	-73.95359802246094	40.81454086303711	20.567166666666665	21.153499999999998	0.43633333333333224	3
406	-73.9568862915039	40.7797966003418	-73.98065948486328	40.73023986816406	20.567333333333334	21.321166666666667	0.6038333333333327	3
407	-73.99320983886719	40.74967575073242	-73.93978881835938	40.81325149536133	20.567333333333334	21.458166666666667	0.7408333333333331	3
408	-73.7822036743164	40.64468002319336	-73.98780822753906	40.779441833496094	20.567333333333334	21.940166666666666	1.2228333333333326	3
409	-74.01531982421875	40.7140998840332	-74.01693725585938	40.70627212524414	20.5675	21.170333333333335	0.4528333333333364	3
410	-73.96141815185547	40.75953674316406	-73.97967529296875	40.74726867675781	20.5675	21.2555	0.5380000000000024	3
411	-73.98177337646484	40.73651885986328	-73.98685455322266	40.7297477722168	20.567666666666668	21.1205	0.40283333333333216	3
412	-73.994140625	40.751346588134766	-73.96466827392578	40.712257385253906	20.567833333333333	21.490166666666667	0.7723333333333343	3
413	-73.98097229003906	40.754119873046875	-73.96995544433594	40.76223373413086	20.568	21.221166666666665	0.5031666666666638	3
414	-73.9875259399414	40.7418098449707	-73.98748779296875	40.74946594238281	20.568	21.1525	0.43449999999999844	3
415	-73.96430969238281	40.767940521240234	-73.98916625976562	40.736759185791016	20.568	21.26833333333333	0.5503333333333295	3
416	-73.96378326416016	40.76136016845703	-73.93050384521484	40.81208038330078	20.568166666666666	21.3565	0.638333333333334	3
417	-74.00126647949219	40.71813201904297	-73.9857177734375	40.72706985473633	20.568166666666666	21.21933333333333	0.5011666666666649	3
418	-74.00518035888672	40.73723602294922	-73.9988021850586	40.732181549072266	20.56833333333333	21.200333333333333	0.4820000000000014	3
419	-73.95972442626953	40.781272888183594	-73.97920989990234	40.78352737426758	20.56833333333333	21.175833333333333	0.4575000000000017	3
420	-73.985595703125	40.72909164428711	-73.9516372680664	40.76645278930664	20.568666666666665	21.290333333333336	0.5716666666666711	3
421	-73.99713134765625	40.736732482910156	-73.99542999267578	40.74945831298828	20.568666666666665	21.1755	0.4568333333333342	3
422	-73.95281219482422	40.7782096862793	-73.94456481933594	40.8062629699707	20.568833333333334	21.238500000000002	0.5196666666666679	3
423	-73.9784164428711	40.76188278198242	-73.9864730834961	40.73946762084961	20.568833333333334	21.301833333333335	0.5830000000000005	3
424	-73.97734069824219	40.77248764038086	-73.97229766845703	40.76523971557617	20.569	21.151666666666664	0.43266666666666465	3
425	-73.96630096435547	40.76171875	-73.97451782226562	40.74405288696289	20.569	21.254166666666666	0.5351666666666673	3
426	-73.97360229492188	40.769283294677734	-73.97360229492188	40.769283294677734	20.569	21.170333333333335	0.45133333333333636	3
427	-74.00495910644531	40.751739501953125	-73.87100982666016	40.77424621582031	20.569333333333333	21.442	0.7226666666666673	3
