ID 		 Origin_X 			 Origin_Y 		 Destination_X 		 Destination_Y 		 E_time 			 L_time 			 Max_Duration 			 Seats
1	-73.99823760986328	40.745426177978516	-73.99474334716797	40.7501106262207	-0.25	0.28983333333333333	0.3898333333333333	3
2	-73.98751068115234	40.74135971069336	-73.98969268798828	40.74723815917969	-0.25	0.35183333333333333	0.4518333333333333	3
3	-73.98426818847656	40.72509765625	-73.99564361572266	40.73268127441406	-0.25	0.25	0.35	3
4	-73.98043823242188	40.6887092590332	-73.93438720703125	40.66886901855469	-0.24966666666666668	0.5015000000000001	0.6011666666666666	3
5	-73.987548828125	40.732452392578125	-73.98971557617188	40.72059631347656	-0.2495	0.4033333333333333	0.5028333333333332	3
6	-73.99373626708984	40.751651763916016	-73.9887466430664	40.75851058959961	-0.2495	0.3335	0.433	3
7	-73.9847640991211	40.742496490478516	-73.97459411621094	40.75665283203125	-0.24933333333333332	0.3363333333333334	0.43566666666666665	3
8	-74.01026153564453	40.71477127075195	-73.98821258544922	40.77935028076172	-0.24916666666666668	0.5418333333333334	0.641	3
9	-73.98145294189453	40.744041442871094	-74.00418090820312	40.731201171875	-0.249	0.42183333333333334	0.5208333333333333	3
10	-73.95767211914062	40.73056411743164	-73.94349670410156	40.71467208862305	-0.249	0.354	0.45299999999999996	3
11	-73.99867248535156	40.7347297668457	-73.98445129394531	40.76462936401367	-0.249	0.4355	0.5345	3
12	-73.98697662353516	40.753875732421875	-73.9777603149414	40.74840545654297	-0.24883333333333332	0.42433333333333334	0.5231666666666667	3
13	-73.9628677368164	40.7581787109375	-73.95832824707031	40.768638610839844	-0.24883333333333332	0.3355	0.43433333333333335	3
14	-73.9611587524414	40.770103454589844	-73.9726791381836	40.753517150878906	-0.24883333333333332	0.38616666666666666	0.485	3
15	-73.99321746826172	40.72230911254883	-73.9820785522461	40.73191833496094	-0.24883333333333332	0.38483333333333336	0.48366666666666663	3
16	-73.78202056884766	40.64513397216797	-73.88005828857422	40.7358283996582	-0.24866666666666667	0.5883333333333334	0.687	3
17	-74.00143432617188	40.73595428466797	-73.99568176269531	40.742496490478516	-0.24866666666666667	0.373	0.4716666666666666	3
18	-73.98973083496094	40.72962951660156	-73.96800994873047	40.77016067504883	-0.2485	0.5001666666666666	0.5986666666666667	3
19	-74.00204467773438	40.732688903808594	-73.9941635131836	40.719730377197266	-0.2485	0.48566666666666664	0.5841666666666666	3
20	-74.0062484741211	40.733970642089844	-73.9928207397461	40.74851608276367	-0.24833333333333332	0.42183333333333334	0.5201666666666667	3
21	-73.9771957397461	40.760353088378906	-73.9488296508789	40.77771759033203	-0.24833333333333332	0.4261666666666667	0.5245	3
22	-73.94645690917969	40.77708053588867	-73.95816802978516	40.78062057495117	-0.24833333333333332	0.31866666666666665	0.417	3
23	-73.87313079833984	40.77412033081055	-73.924072265625	40.7017707824707	-0.24833333333333332	0.5251666666666667	0.6234999999999999	3
24	-73.98902130126953	40.71918869018555	-73.98677062988281	40.750308990478516	-0.24833333333333332	0.4885	0.5868333333333333	3
25	-73.98018646240234	40.765682220458984	-73.95587158203125	40.68937301635742	-0.248	0.755	0.853	3
26	-73.99531555175781	40.75200653076172	-74.00533294677734	40.739227294921875	-0.248	0.35450000000000004	0.4525	3
27	-73.95865631103516	40.76076126098633	-73.9731674194336	40.79102325439453	-0.248	0.4833333333333333	0.5813333333333333	3
28	-73.98780059814453	40.71828079223633	-73.93157196044922	40.70518112182617	-0.248	0.474	0.572	3
29	-73.9947280883789	40.72483825683594	-73.98006439208984	40.72666549682617	-0.24783333333333332	0.3546666666666667	0.4525	3
30	-73.99478149414062	40.74536895751953	-73.99292755126953	40.714778900146484	-0.24783333333333332	0.5676666666666667	0.6655	3
31	-73.87088012695312	40.77373504638672	-73.98158264160156	40.735687255859375	-0.24766666666666667	0.5431666666666667	0.6408333333333334	3
32	-73.98888397216797	40.75837707519531	-73.98224639892578	40.723655700683594	-0.24766666666666667	0.5871666666666667	0.6848333333333334	3
33	-73.78215789794922	40.64462661743164	-73.95188903808594	40.67781066894531	-0.24766666666666667	0.6861666666666667	0.7838333333333334	3
34	-73.8729476928711	40.77415466308594	-73.9434814453125	40.82254409790039	-0.2475	0.5418333333333334	0.6393333333333333	3
35	-73.78175354003906	40.644771575927734	-73.9940185546875	40.726600646972656	-0.2475	0.7184999999999999	0.816	3
36	-73.9867172241211	40.732181549072266	-74.00630187988281	40.73347091674805	-0.24733333333333332	0.4095	0.5068333333333332	3
37	-73.96553802490234	40.80607986450195	-73.95426940917969	40.80588150024414	-0.24733333333333332	0.3378333333333333	0.43516666666666665	3
38	-73.86289978027344	40.76906967163086	-73.92689514160156	40.76155471801758	-0.24716666666666667	0.4531666666666667	0.5503333333333333	3
39	-73.98832702636719	40.749080657958984	-73.97477722167969	40.753639221191406	-0.24716666666666667	0.35033333333333333	0.4475	3
40	-73.98767852783203	40.73339080810547	-73.99069213867188	40.756099700927734	-0.247	0.48916666666666664	0.5861666666666666	3
41	-73.99093627929688	40.74875259399414	-73.9870834350586	40.72955322265625	-0.247	0.43533333333333335	0.5323333333333333	3
42	-73.96932983398438	40.68950271606445	-73.9839096069336	40.72700500488281	-0.24683333333333332	0.5025	0.5993333333333333	3
43	-73.99244689941406	40.74763107299805	-74.0054931640625	40.720428466796875	-0.24683333333333332	0.39316666666666666	0.49	3
44	-73.96205139160156	40.76311111450195	-73.97119903564453	40.75123977661133	-0.24683333333333332	0.3185	0.41533333333333333	3
45	-73.99312591552734	40.741294860839844	-73.98738861083984	40.728885650634766	-0.24666666666666667	0.392	0.48866666666666664	3
46	-73.96783447265625	40.79310989379883	-73.94998168945312	40.82965850830078	-0.24666666666666667	0.43866666666666665	0.5353333333333333	3
47	-73.96356201171875	40.757110595703125	-73.95797729492188	40.7671012878418	-0.24666666666666667	0.2911666666666667	0.3878333333333333	3
48	-73.99089050292969	40.7182502746582	-73.97734832763672	40.751766204833984	-0.2465	0.44033333333333335	0.5368333333333333	3
49	-73.98916625976562	40.726932525634766	-73.99217987060547	40.737815856933594	-0.2465	0.3883333333333333	0.48483333333333334	3
50	-73.98088073730469	40.7675895690918	-73.9801025390625	40.75069046020508	-0.2465	0.37383333333333335	0.47033333333333327	3
51	-73.97825622558594	40.72496032714844	-73.93974304199219	40.79022979736328	-0.2465	0.5013333333333334	0.5978333333333333	3
52	-73.99736022949219	40.71913146972656	-73.99446105957031	40.70294952392578	-0.24633333333333332	0.504	0.6003333333333334	3
53	-73.99356842041016	40.72148132324219	-73.96601104736328	40.77024459838867	-0.24616666666666667	0.6016666666666666	0.6978333333333333	3
54	-73.96856689453125	40.75557327270508	-73.9087142944336	40.74927520751953	-0.24616666666666667	0.7176666666666667	0.8138333333333332	3
55	-73.99909210205078	40.72984313964844	-73.980224609375	40.72639465332031	-0.24616666666666667	0.40900000000000003	0.5051666666666667	3
56	-74.00704956054688	40.741493225097656	-73.92805480957031	40.76766586303711	-0.24616666666666667	0.638	0.7341666666666666	3
57	-73.96261596679688	40.76319885253906	-73.89750671386719	40.77330780029297	-0.24616666666666667	0.5343333333333333	0.6305	3
58	-73.99154663085938	40.73979949951172	-73.97815704345703	40.751399993896484	-0.24616666666666667	0.35283333333333333	0.44899999999999995	3
59	-73.99193572998047	40.72635269165039	-73.99234008789062	40.73789978027344	-0.246	0.43666666666666665	0.5326666666666666	3
60	-73.9967269897461	40.725608825683594	-73.94911193847656	40.77330017089844	-0.246	0.49283333333333335	0.5888333333333333	3
61	-73.90275573730469	40.747013092041016	-73.95291900634766	40.76972961425781	-0.24583333333333332	0.5346666666666666	0.6305000000000001	3
62	-73.98107147216797	40.74284362792969	-73.98894500732422	40.74835205078125	-0.24583333333333332	0.38516666666666666	0.481	3
63	-73.98867797851562	40.748573303222656	-73.98648071289062	40.75016784667969	-0.24583333333333332	0.33533333333333337	0.43116666666666664	3
64	-73.9652099609375	40.76266098022461	-73.96675109863281	40.80786895751953	-0.24583333333333332	0.6371666666666667	0.7330000000000001	3
65	-73.9910659790039	40.750545501708984	-73.99382019042969	40.74134063720703	-0.24566666666666667	0.324	0.41966666666666663	3
66	-73.99433135986328	40.750972747802734	-73.9780044555664	40.7554817199707	-0.24566666666666667	0.4255	0.5211666666666667	3
67	-73.99658966064453	40.72214126586914	-74.00405883789062	40.736141204833984	-0.24566666666666667	0.403	0.49866666666666665	3
68	-73.98320770263672	40.74580001831055	-74.00847625732422	40.650482177734375	-0.2455	0.809	0.9045000000000001	3
69	-73.95867156982422	40.712825775146484	-73.9662857055664	40.68500518798828	-0.24533333333333335	0.5015000000000001	0.5968333333333333	3
70	-73.9991226196289	40.71369934082031	-73.9921875	40.664249420166016	-0.24533333333333335	0.5096666666666667	0.605	3
71	-73.97480010986328	40.782989501953125	-73.96231842041016	40.76063919067383	-0.24533333333333335	0.4348333333333333	0.5301666666666667	3
72	-73.99202728271484	40.750274658203125	-73.97967529296875	40.75246047973633	-0.24516666666666667	0.4531666666666667	0.5483333333333333	3
73	-73.9899673461914	40.735111236572266	-74.0052719116211	40.74027633666992	-0.24516666666666667	0.45633333333333337	0.5515	3
74	-73.98506164550781	40.747100830078125	-73.95365905761719	40.77096176147461	-0.24516666666666667	0.45616666666666666	0.5513333333333333	3
75	-73.97123718261719	40.755489349365234	-73.91290283203125	40.74412155151367	4.750166666666667	5.373666666666666	0.47349999999999903	3
76	-73.91290283203125	40.74412155151367	-73.91290283203125	40.74412155151367	5.623666666666666	15.75	10.126333333333335	4
77	-74.00669860839844	40.70513916015625	-74.00687408447266	40.705230712890625	4.7505	5.254666666666667	0.3541666666666673	3
78	-73.98757934570312	40.72442626953125	-73.98257446289062	40.76460266113281	4.750666666666667	5.4685	0.5678333333333331	3
79	0.0	0.0	0.0	0.0	4.750666666666667	5.251333333333333	0.35066666666666657	3
80	-73.98635864257812	40.74760055541992	-73.9835205078125	40.76518249511719	4.7515	5.370333333333333	0.4688333333333329	3
81	-74.00260925292969	40.749908447265625	-73.80184936523438	40.75851058959961	4.751666666666667	5.758166666666667	0.8564999999999999	3
82	-73.9723892211914	40.749759674072266	-73.98931884765625	40.774879455566406	4.752	5.8405	0.9384999999999998	3
83	-73.98975372314453	40.72949981689453	-73.90689849853516	40.77358627319336	4.7523333333333335	5.5225	0.6201666666666664	3
84	-73.9829330444336	40.73896026611328	-73.9618911743164	40.768028259277344	4.752666666666666	5.3245	0.42183333333333317	3
85	-73.98749542236328	40.748191833496094	-73.97789764404297	40.74254608154297	4.753	5.337166666666667	0.4341666666666665	3
86	0.0	0.0	0.0	0.0	4.753333333333333	5.572166666666666	0.6688333333333331	3
87	0.0	0.0	0.0	0.0	5.822166666666666	15.75	9.927833333333334	4
88	-73.98561096191406	40.763912200927734	-73.9872817993164	40.76533889770508	4.753833333333334	5.292333333333334	0.38849999999999996	3
89	-74.01545715332031	40.70945358276367	-73.87109375	40.77408981323242	4.754166666666666	5.601	0.6968333333333335	3
90	-73.98531341552734	40.76331329345703	-73.95365142822266	40.811256408691406	4.754333333333333	5.4078333333333335	0.5035000000000002	3
91	-73.95365142822266	40.811256408691406	-73.95365142822266	40.811256408691406	5.6578333333333335	15.75	10.092166666666667	4
92	-74.00232696533203	40.74982833862305	-73.99249267578125	40.76020812988281	4.754833333333333	5.307333333333333	0.4025000000000002	3
93	-73.99249267578125	40.76020812988281	-73.99249267578125	40.76020812988281	5.557333333333333	15.75	10.192666666666668	4
94	-73.9461441040039	40.78531265258789	-73.95564270019531	40.779300689697266	4.755333333333334	5.291333333333333	0.38599999999999957	3
95	-73.95564270019531	40.779300689697266	-73.95564270019531	40.779300689697266	5.541333333333333	15.75	10.208666666666666	4
96	-73.98739624023438	40.719879150390625	-73.95567321777344	40.82040023803711	4.755333333333334	5.6850000000000005	0.7796666666666668	3
97	-73.95567321777344	40.82040023803711	-73.95567321777344	40.82040023803711	5.9350000000000005	15.75	9.815	4
98	-73.98381805419922	40.7215461730957	-73.9824447631836	40.742618560791016	4.755833333333333	5.3916666666666675	0.4858333333333341	3
99	-73.9824447631836	40.742618560791016	-73.9824447631836	40.742618560791016	5.6416666666666675	15.75	10.108333333333333	4
100	-73.99591827392578	40.76728057861328	-73.99466705322266	40.765830993652344	4.756	5.355499999999999	0.449499999999999	3
101	-74.01026153564453	40.71194839477539	-73.90801239013672	40.6988410949707	4.756	5.6018333333333326	0.6958333333333323	3
102	-73.90801239013672	40.6988410949707	-73.90801239013672	40.6988410949707	5.8518333333333326	15.75	9.898166666666668	4
103	-73.98843383789062	40.764251708984375	-73.94491577148438	40.800960540771484	4.756166666666667	5.4685	0.5623333333333326	3
104	-73.94491577148438	40.800960540771484	-73.94491577148438	40.800960540771484	5.7185	15.75	10.031500000000001	4
105	-73.97880554199219	40.734580993652344	-73.98737335205078	40.74696731567383	4.756333333333333	5.3735	0.46716666666666684	3
106	-73.98737335205078	40.74696731567383	-73.98737335205078	40.74696731567383	5.6235	15.75	10.1265	4
107	-73.98843383789062	40.731231689453125	-73.98738861083984	40.77086639404297	4.7565	5.440666666666667	0.534166666666667	3
108	-73.98738861083984	40.77086639404297	-73.98738861083984	40.77086639404297	5.690666666666667	15.75	10.059333333333333	4
109	-73.95960998535156	40.76353073120117	-73.95960998535156	40.76353073120117	4.7565	5.424666666666667	0.518166666666667	3
110	-73.95960998535156	40.76353073120117	-73.95960998535156	40.76353073120117	5.674666666666667	15.75	10.075333333333333	4
111	-74.00260162353516	40.749908447265625	-74.00287628173828	40.73991012573242	4.756666666666667	5.335	0.4283333333333331	3
112	-73.98506164550781	40.71904754638672	-74.01200103759766	40.701683044433594	4.756833333333334	5.386833333333334	0.47999999999999987	3
113	-74.01200103759766	40.701683044433594	-74.01200103759766	40.701683044433594	5.636833333333334	15.75	10.113166666666666	4
114	-74.00183868408203	40.730350494384766	-73.92405700683594	40.69340133666992	4.756833333333334	5.637333333333333	0.7304999999999996	3
115	-74.00847625732422	40.71654510498047	-74.00818634033203	40.710018157958984	11.9045	12.553	0.4985000000000003	3
116	-73.97095489501953	40.755775451660156	-73.97188568115234	40.761966705322266	11.9045	12.474666666666666	0.42016666666666536	3
117	-73.96247863769531	40.7663688659668	-73.9949722290039	40.760135650634766	11.9045	12.638666666666666	0.5841666666666651	3
118	-73.98616027832031	40.75166702270508	-73.98846435546875	40.73698043823242	11.904666666666667	12.587166666666667	0.5324999999999992	3
119	-73.98402404785156	40.738189697265625	-74.00630187988281	40.7332763671875	11.904666666666667	12.591666666666667	0.5369999999999994	3
120	-73.97792053222656	40.75419616699219	-73.96208190917969	40.76869583129883	11.904666666666667	12.673333333333332	0.6186666666666646	3
121	-73.98480987548828	40.75276184082031	-73.9786376953125	40.765079498291016	11.904833333333334	12.607	0.552166666666665	3
122	-73.97467803955078	40.74208068847656	-73.98827362060547	40.7410888671875	11.904833333333334	12.5875	0.5326666666666661	3
123	-73.98587036132812	40.75886535644531	-74.00833892822266	40.71253204345703	11.905000000000001	12.874333333333334	0.8193333333333331	3
124	-73.97379302978516	40.7540168762207	-73.98253631591797	40.74251937866211	11.905000000000001	12.585500000000001	0.5305000000000003	3
125	-73.9950180053711	40.75536346435547	-74.0062026977539	40.70994567871094	11.905000000000001	12.825333333333333	0.7703333333333319	3
126	-73.87300872802734	40.774139404296875	-73.97491455078125	40.73708724975586	11.905000000000001	12.734666666666666	0.6796666666666645	3
127	-73.96949005126953	40.76613235473633	-73.95327758789062	40.7646598815918	11.905000000000001	12.587333333333333	0.5323333333333323	3
128	-73.9832534790039	40.755191802978516	-73.95899200439453	40.78007125854492	11.905000000000001	12.819666666666667	0.7646666666666654	3
129	-73.97689819335938	40.75205612182617	-73.96601867675781	40.769493103027344	11.905166666666666	12.688833333333333	0.6336666666666669	3
130	-73.99861145019531	40.76070022583008	-73.9874267578125	40.74974060058594	11.905166666666666	12.571833333333332	0.516666666666666	3
131	-73.9620132446289	40.77625274658203	-73.965576171875	40.79381561279297	11.905333333333333	12.601166666666666	0.5458333333333328	3
132	-74.00361633300781	40.74988555908203	-73.99341583251953	40.74321365356445	11.905333333333333	12.656166666666667	0.6008333333333343	3
133	-73.98511505126953	40.71889877319336	-74.0057373046875	40.73283386230469	11.905333333333333	12.590166666666667	0.5348333333333336	3
134	-73.9861068725586	40.74031066894531	-73.87275695800781	40.774261474609375	11.905333333333333	12.771666666666667	0.7163333333333334	3
135	-73.98777770996094	40.748130798339844	-73.99810028076172	40.75177764892578	11.905333333333333	12.600666666666667	0.545333333333334	3
136	-73.99903869628906	40.7393684387207	-74.0077896118164	40.74686813354492	11.905333333333333	12.505833333333333	0.45050000000000023	3
137	-74.00513458251953	40.71969223022461	-74.00936889648438	40.71506881713867	11.9055	12.553	0.49750000000000083	3
138	-73.96894836425781	40.79084396362305	-73.98107147216797	40.774253845214844	11.9055	12.567499999999999	0.511999999999999	3
139	-73.98159790039062	40.72098159790039	-74.00141906738281	40.731239318847656	11.9055	12.587666666666667	0.5321666666666672	3
140	-73.98290252685547	40.77479553222656	-73.99726104736328	40.73344039916992	11.905666666666667	12.875666666666667	0.8200000000000006	3
141	-73.97474670410156	40.77793884277344	-73.96649932861328	40.76477813720703	11.905666666666667	12.604333333333333	0.5486666666666661	3
142	-73.95185089111328	40.777748107910156	-73.85809326171875	40.725128173828125	11.905666666666667	12.855833333333333	0.8001666666666661	3
143	-73.99945068359375	40.734169006347656	-74.01009368896484	40.71992874145508	11.905833333333334	12.587333333333333	0.5314999999999998	3
144	-73.9775161743164	40.76675033569336	-73.86698913574219	40.7687873840332	11.905833333333334	12.955833333333333	0.8999999999999989	3
145	-73.95814514160156	40.778987884521484	-73.96569061279297	40.76860809326172	11.906	12.487333333333332	0.43133333333333146	3
146	-73.99939727783203	40.75371170043945	-73.98649597167969	40.74267578125	11.906	12.768999999999998	0.7129999999999977	3
147	-74.0025405883789	40.721656799316406	-74.00653839111328	40.73175811767578	11.906	12.523333333333333	0.4673333333333328	3
148	-73.97071838378906	40.76133346557617	-73.98865509033203	40.74454116821289	11.906	12.656666666666666	0.6006666666666657	3
149	0.0	0.0	0.0	0.0	11.906166666666667	12.883666666666667	0.8274999999999991	3
150	-73.95700073242188	40.766334533691406	-73.95638275146484	40.778202056884766	11.906166666666667	12.550333333333334	0.494166666666667	3
151	-73.98780059814453	40.74264907836914	-73.88529968261719	40.77296829223633	11.906166666666667	13.070333333333332	1.0141666666666649	3
152	-73.97968292236328	40.75246047973633	-73.97537994384766	40.75803756713867	11.906333333333334	12.502833333333333	0.4464999999999989	3
153	-73.99427795410156	40.75102233886719	-73.9735336303711	40.7550163269043	11.906333333333334	12.691666666666666	0.6353333333333321	3
154	-74.00127410888672	40.73109817504883	-73.99193572998047	40.74409866333008	11.906333333333334	12.7035	0.6471666666666657	3
155	-73.95555877685547	40.78271484375	-73.97463989257812	40.76139450073242	11.906500000000001	12.642166666666666	0.5856666666666651	3
156	-74.00564575195312	40.73819351196289	-73.99543762207031	40.75945281982422	11.906500000000001	12.756333333333334	0.6998333333333328	3
157	-73.95675659179688	40.7750129699707	-73.94596862792969	40.777591705322266	11.906500000000001	12.488333333333333	0.43183333333333207	3
158	-73.97154998779297	40.76051712036133	-73.95816040039062	40.78172302246094	11.906666666666666	12.602833333333333	0.5461666666666666	3
159	-73.98239135742188	40.75099563598633	-73.9951400756836	40.759971618652344	11.906666666666666	12.725166666666667	0.6685000000000002	3
160	-73.9814453125	40.75753402709961	-73.96804809570312	40.75945281982422	11.906666666666666	12.638166666666667	0.5815000000000005	3
161	-73.95465087890625	40.78934860229492	-73.8617935180664	40.7684211730957	11.906666666666666	12.854166666666666	0.7974999999999998	3
162	-73.98566436767578	40.72712326049805	-73.98820495605469	40.73780822753906	11.906666666666666	12.5515	0.49483333333333446	3
163	-73.98982238769531	40.75654602050781	-73.97002410888672	40.754215240478516	11.906666666666666	12.607166666666666	0.5504999999999999	3
164	-73.97746276855469	40.753299713134766	-73.97341918945312	40.76267623901367	11.906833333333333	12.623000000000001	0.5661666666666679	3
165	-73.96430969238281	40.773040771484375	-73.94963073730469	40.77703094482422	11.906833333333333	12.525666666666668	0.46883333333333466	3
166	-73.9731674194336	40.7598991394043	-73.96654510498047	40.76728439331055	11.907	12.534666666666666	0.47766666666666635	3
167	-73.97578430175781	40.75074005126953	-73.9460678100586	40.780269622802734	11.907166666666667	12.690666666666667	0.6335000000000001	3
168	-73.98519134521484	40.75322723388672	-73.98284912109375	40.756446838378906	11.907333333333334	12.426	0.36866666666666636	3
169	-73.98892974853516	40.758758544921875	-74.01004028320312	40.72093963623047	11.907333333333334	12.700666666666667	0.643333333333333	3
170	-74.01560974121094	40.71100616455078	-74.00839233398438	40.70295333862305	11.9075	12.666666666666666	0.6091666666666654	3
171	-73.97344207763672	40.754661560058594	-73.98783874511719	40.76499938964844	11.9075	12.9735	0.9159999999999989	3
172	-73.96878814697266	40.76375961303711	-73.95441436767578	40.78409957885742	11.907666666666668	12.576	0.518333333333333	3
173	-73.95248413085938	40.77860641479492	-73.94775390625	40.77057647705078	11.907666666666668	12.509	0.4513333333333328	3
174	-73.98928833007812	40.73601531982422	-73.98593139648438	40.75621795654297	11.907666666666668	12.871666666666668	0.8140000000000004	3
175	-73.96355438232422	40.77717971801758	-73.95842742919922	40.772186279296875	11.907666666666668	12.6	0.5423333333333321	3
176	-73.9977035522461	40.73602294921875	-73.98222351074219	40.75742721557617	11.907833333333334	12.854833333333334	0.7969999999999992	3
177	-74.0093002319336	40.70330047607422	-74.0118637084961	40.71378707885742	11.907833333333334	12.655333333333333	0.5974999999999987	3
178	-73.98056030273438	40.77975082397461	-74.01370239257812	40.7147216796875	11.907833333333334	13.107333333333333	1.0494999999999988	3
179	-73.95711517333984	40.77999496459961	0.0	0.0	11.908166666666666	12.408166666666666	0.35	3
180	-73.87325286865234	40.77391052246094	-73.99491119384766	40.71842956542969	11.908166666666666	12.857833333333334	0.7996666666666673	3
181	-73.95924377441406	40.77156066894531	-73.95448303222656	40.786537170410156	11.908166666666666	12.602	0.543833333333334	3
182	-73.96573638916016	40.75867462158203	-73.97518157958984	40.74140167236328	11.908333333333333	12.5555	0.4971666666666671	3
183	-73.97044372558594	40.761558532714844	-73.96337890625	40.771629333496094	11.908333333333333	12.503666666666666	0.4453333333333326	3
184	-73.96794128417969	40.765621185302734	-73.9916763305664	40.759788513183594	11.9085	12.688666666666666	0.6301666666666662	3
185	-73.98307800292969	40.75447082519531	-74.0072021484375	40.717918395996094	11.9085	12.741	0.6824999999999996	3
186	-73.98468017578125	40.7281379699707	-73.99684143066406	40.7253303527832	11.908666666666667	12.584666666666667	0.5260000000000001	3
187	-73.86338806152344	40.76966857910156	-73.98213958740234	40.7610969543457	11.908666666666667	12.987833333333333	0.9291666666666657	3
188	-73.96184539794922	40.77632141113281	-73.97872161865234	40.784996032714844	11.908666666666667	12.552166666666668	0.49350000000000127	3
189	-73.98056030273438	40.78310012817383	-73.97090911865234	40.79692459106445	11.908833333333334	12.6005	0.5416666666666664	3
190	-74.0009536743164	40.741668701171875	-74.00853729248047	40.73815155029297	11.908833333333334	12.568166666666666	0.5093333333333326	3
191	-73.98236083984375	40.77336120605469	-73.97891998291016	40.76335144042969	11.908833333333334	12.555166666666667	0.49633333333333274	3
192	-73.98847198486328	40.733890533447266	-73.99723052978516	40.73756408691406	11.909	12.5425	0.4834999999999997	3
193	-73.99422454833984	40.7507438659668	-73.9692153930664	40.761051177978516	11.909	12.752333333333333	0.6933333333333319	3
194	-73.96099853515625	40.77199172973633	-73.95298767089844	40.78322982788086	11.909	12.556000000000001	0.4970000000000002	3
195	-73.98912811279297	40.77672576904297	-73.98408508300781	40.771453857421875	11.909166666666668	12.467	0.40783333333333294	3
196	-74.01559448242188	40.71086502075195	-73.98526000976562	40.753414154052734	11.909166666666668	12.891333333333332	0.8321666666666644	3
197	-73.97866821289062	40.75360107421875	-73.9731674194336	40.75825881958008	11.909166666666668	12.5085	0.44933333333333214	3
198	-73.98176574707031	40.75212478637695	-74.01022338867188	40.719688415527344	11.909333333333334	12.709666666666665	0.6503333333333309	3
199	-73.98597717285156	40.74053192138672	-73.98464965820312	40.753990173339844	11.909333333333334	12.700166666666666	0.6408333333333317	3
200	-73.95356750488281	40.77097702026367	-74.00035858154297	40.738834381103516	11.9095	12.859833333333333	0.800333333333333	3
201	-73.96315002441406	40.77691650390625	-73.97920227050781	40.77688217163086	11.9095	12.5205	0.46100000000000063	3
202	-73.96922302246094	40.76332473754883	-73.92735290527344	40.73811721801758	11.909666666666666	12.639	0.5793333333333329	3
203	-73.99446868896484	40.73152542114258	-73.99671936035156	40.72355270385742	9.75	10.307833333333335	0.4078333333333347	3
204	-73.9869613647461	40.76605987548828	-73.98209381103516	40.76845932006836	9.750166666666667	10.308833333333334	0.4086666666666673	3
205	-74.00785827636719	40.70541000366211	-73.99179077148438	40.74269104003906	9.750333333333334	10.457833333333333	0.5574999999999996	3
206	-73.9885482788086	40.73796081542969	-73.99220275878906	40.74934005737305	9.7505	10.3345	0.4339999999999996	3
207	-73.97823333740234	40.75238037109375	-73.87110900878906	40.77425003051758	9.7505	10.642833333333332	0.7423333333333314	3
208	-73.9981689453125	40.7380485534668	-74.00888061523438	40.73546600341797	9.750666666666667	10.342833333333333	0.4421666666666656	3
209	0.0	0.0	0.0	0.0	9.750666666666667	10.823833333333333	0.9231666666666655	3
210	-73.97895050048828	40.76342010498047	-73.9881820678711	40.722694396972656	9.751	10.450833333333332	0.5498333333333324	3
211	-73.97106170654297	40.75196838378906	-73.98210144042969	40.77450180053711	9.751	10.406666666666666	0.5056666666666668	3
212	-73.98185729980469	40.7703971862793	0.0	0.0	9.751166666666666	10.543166666666666	0.6419999999999998	3
213	-73.96159362792969	40.755863189697266	-73.95771789550781	40.765472412109375	9.751166666666666	10.303166666666668	0.40200000000000136	3
214	-73.98229217529297	40.768768310546875	-73.98724365234375	40.7562255859375	15.75	16.353166666666667	0.4531666666666666	3
215	-73.989013671875	40.76854705810547	-73.96952819824219	40.800201416015625	15.75	16.471999999999998	0.5719999999999977	3
216	-73.96602630615234	40.76224136352539	-73.9603271484375	40.766239166259766	15.75	16.284833333333335	0.384833333333335	3
217	-73.94686126708984	40.77988815307617	-73.96016693115234	40.77212905883789	15.750166666666665	16.374833333333335	0.4746666666666698	3
218	-74.00086212158203	40.741943359375	-73.99797821044922	40.751163482666016	15.750333333333334	16.320166666666665	0.4198333333333316	3
219	-73.9821548461914	40.7752571105957	-73.975830078125	40.78719711303711	15.750333333333334	16.318166666666666	0.4178333333333327	3
220	-73.96690368652344	40.76142501831055	-73.95052337646484	40.77568817138672	15.750333333333334	16.355666666666668	0.45533333333333414	3
221	-73.78942108154297	40.646488189697266	-73.9922103881836	40.68260955810547	15.750333333333334	15.316666666666666	-0.5836666666666673	3
222	-73.97955322265625	40.7406005859375	-73.97898864746094	40.772220611572266	15.750333333333334	16.555833333333332	0.6554999999999985	3
223	-73.96192932128906	40.7595100402832	-73.98650360107422	40.77531814575195	15.750333333333334	16.490166666666667	0.5898333333333333	3
224	-73.98714447021484	40.75078582763672	-73.94953155517578	40.78194046020508	15.750499999999999	16.509333333333334	0.6088333333333352	3
225	-73.87310791015625	40.774192810058594	-73.98558044433594	40.66876983642578	15.750499999999999	16.785333333333334	0.884833333333335	3
226	-73.98209381103516	40.777069091796875	-73.96443176269531	40.758174896240234	15.750666666666667	16.468666666666664	0.5679999999999964	3
227	-73.97602081298828	40.760440826416016	-74.00684356689453	40.73435592651367	15.750666666666667	16.467333333333332	0.566666666666665	3
228	-74.00355529785156	40.7238883972168	-73.870361328125	40.773502349853516	15.750833333333333	16.743000000000002	0.8421666666666695	3
229	-73.98046112060547	40.748416900634766	-73.99091339111328	40.73431396484375	15.750833333333333	16.340999999999998	0.44016666666666493	3
230	-73.87456512451172	40.77413558959961	-73.98149871826172	40.784061431884766	15.750833333333333	16.702833333333334	0.8020000000000017	3
231	-73.9962387084961	40.739627838134766	-74.01166534423828	40.715850830078125	15.750833333333333	16.467499999999998	0.566666666666665	3
232	-73.98556518554688	40.76827621459961	-73.96495819091797	40.756675720214844	15.751000000000001	16.47133333333333	0.570333333333329	3
233	-73.97480010986328	40.75118637084961	-73.97933197021484	40.742122650146484	15.751000000000001	16.319333333333333	0.41833333333333156	3
234	-73.95777130126953	40.77452087402344	-74.0015869140625	40.74570846557617	15.751000000000001	16.702333333333332	0.8013333333333307	3
235	-73.94908905029297	40.78173065185547	-73.9883041381836	40.74370574951172	15.751166666666666	16.558833333333332	0.6576666666666661	3
236	-73.95213317871094	40.77723693847656	-73.95262145996094	40.76985168457031	15.751166666666666	16.326333333333334	0.4251666666666679	3
237	-74.00643157958984	40.73339080810547	-73.98329162597656	40.76629638671875	15.751333333333335	16.459333333333333	0.5579999999999984	3
238	-73.96967315673828	40.80033874511719	-74.00408172607422	40.72977828979492	15.751333333333335	16.576166666666666	0.6748333333333306	3
239	-73.95099639892578	40.77461624145508	-73.94878387451172	40.78266906738281	15.751333333333335	16.2875	0.38616666666666644	3
240	-73.97042083740234	40.78901672363281	-73.96814727783203	40.75981903076172	15.7515	16.493166666666667	0.5916666666666671	3
241	-73.9853286743164	40.723670959472656	-73.99518585205078	40.72749328613281	15.7515	16.317166666666665	0.4156666666666652	3
242	-73.95219421386719	40.784725189208984	-73.964111328125	40.773799896240234	15.7515	16.350333333333335	0.4488333333333351	3
243	-73.97863006591797	40.777767181396484	-73.9827651977539	40.77223205566406	15.7515	16.291333333333334	0.38983333333333403	3
244	-73.95428466796875	40.77852249145508	-73.94003295898438	40.79703140258789	15.751666666666665	16.370833333333334	0.4691666666666684	3
245	-73.99154663085938	40.7465705871582	-74.00218963623047	40.7557373046875	15.751666666666665	16.37366666666667	0.4720000000000034	3
246	-73.95093536376953	40.78608322143555	-73.96617889404297	40.76512145996094	15.751833333333334	16.350833333333334	0.4490000000000002	3
247	-73.96377563476562	40.77706527709961	-73.99703979492188	40.731536865234375	15.751833333333334	16.621166666666667	0.7193333333333335	3
248	-73.9676284790039	40.75617218017578	-73.98056030273438	40.73223876953125	15.751999999999999	16.3715	0.46950000000000214	3
249	-73.97286224365234	40.7806396484375	-73.98577880859375	40.75748062133789	15.751999999999999	16.434166666666666	0.5321666666666672	3
250	-74.0096664428711	40.705711364746094	-73.790283203125	40.64677810668945	15.752166666666668	17.042	1.1398333333333341	3
251	-73.9850845336914	40.78010940551758	-73.9874496459961	40.780399322509766	15.752333333333333	16.259833333333333	0.35750000000000026	3
252	-73.96806335449219	40.76244354248047	-73.9800033569336	40.78606033325195	15.752500000000001	16.456666666666667	0.5541666666666657	3
253	-73.99468994140625	40.718868255615234	-73.9772720336914	40.75556945800781	15.752500000000001	16.49266666666667	0.5901666666666671	3
254	-73.79043579101562	40.646793365478516	-73.79043579101562	40.646793365478516	15.752666666666666	16.255	0.3523333333333326	3
255	-73.95248413085938	40.778167724609375	-73.96062469482422	40.7706184387207	15.752666666666666	16.334666666666667	0.4320000000000007	3
256	-73.87496185302734	40.77394104003906	-73.97468566894531	40.73286056518555	15.752666666666666	16.58683333333333	0.6841666666666647	3
257	-73.9951171875	40.74029541015625	-73.9752426147461	40.67185592651367	15.752666666666666	16.925666666666668	1.023000000000002	3
258	-73.97256469726562	40.759437561035156	-73.9808120727539	40.74789810180664	15.752833333333335	16.321666666666665	0.4188333333333304	3
259	-73.95586395263672	40.7683219909668	-73.95467376708984	40.779029846191406	15.753	16.3015	0.39850000000000063	3
260	-74.01493072509766	40.71246337890625	-73.96414184570312	40.757240295410156	15.753	16.57	0.6670000000000001	3
261	-73.9693832397461	40.76940155029297	-73.9607925415039	40.77921676635742	15.753	16.354000000000003	0.4510000000000026	3
262	-73.86383819580078	40.76982879638672	-73.98085021972656	40.749393463134766	15.753166666666665	16.569166666666668	0.6660000000000025	3
263	-73.98485565185547	40.759986877441406	-73.95994567871094	40.798484802246094	15.753166666666665	16.492833333333333	0.5896666666666682	3
264	-73.98253631591797	40.76292037963867	-73.99443817138672	40.750240325927734	15.753166666666665	16.391	0.487833333333333	3
265	-73.97447967529297	40.7421760559082	-73.9884033203125	40.737186431884766	15.753166666666665	16.3565	0.45333333333333525	3
266	-73.9619140625	40.776588439941406	-73.96067810058594	40.772682189941406	15.753333333333334	16.317	0.4136666666666663	3
267	-73.98283386230469	40.745243072509766	-73.95003509521484	40.786399841308594	15.753333333333334	16.550666666666668	0.6473333333333343	3
268	-74.00121307373047	40.75175857543945	-73.9847412109375	40.751930236816406	15.753499999999999	16.3595	0.4560000000000016	3
269	-73.98247528076172	40.77473831176758	-73.9622573852539	40.80537796020508	15.753666666666668	16.390833333333333	0.4871666666666655	3
270	-73.95623779296875	40.77872085571289	-73.97642517089844	40.744327545166016	15.753666666666668	16.423333333333336	0.5196666666666679	3
271	-73.96942138671875	40.769466400146484	-73.97791290283203	40.78646469116211	15.753833333333333	16.436833333333333	0.5329999999999998	3
272	-73.9419937133789	40.80139923095703	-73.96605682373047	40.757999420166016	15.753833333333333	16.487000000000002	0.5831666666666692	3
273	-73.9846420288086	40.724613189697266	-73.97977447509766	40.76076126098633	15.754000000000001	16.584333333333333	0.680333333333332	3
274	-73.98260498046875	40.731239318847656	-73.97591400146484	40.76054763793945	15.754000000000001	16.4415	0.5375	3
275	-73.97810363769531	40.75243377685547	-73.97370910644531	40.78938293457031	15.754166666666666	16.486666666666668	0.5825000000000017	3
276	-73.9880599975586	40.720008850097656	-73.7938232421875	40.657291412353516	15.754166666666666	16.8875	0.9833333333333328	3
277	-73.99827575683594	40.74521255493164	-73.99549102783203	40.721580505371094	15.754333333333335	16.491333333333333	0.5869999999999983	3
278	-74.00437927246094	40.73107147216797	-73.98214721679688	40.68328857421875	15.754333333333335	16.623333333333335	0.7189999999999998	3
279	-73.98155975341797	40.73712158203125	-73.98758697509766	40.728641510009766	15.754333333333335	16.300666666666668	0.3963333333333331	3
280	-73.9908676147461	40.74213409423828	-73.98963165283203	40.73914337158203	15.7545	16.339499999999997	0.4349999999999973	3
281	-73.9996109008789	40.72221755981445	-74.00257873535156	40.73427200317383	15.7545	16.424833333333336	0.5203333333333354	3
282	-73.96887969970703	40.78606033325195	-73.98206329345703	40.7730598449707	15.7545	16.340333333333334	0.4358333333333334	3
283	-73.95117950439453	40.78578186035156	-73.95931243896484	40.77457046508789	15.754666666666665	16.30966666666667	0.40500000000000325	3
284	-74.00460815429688	40.72201156616211	-73.78363800048828	40.643638610839844	15.754666666666665	17.218833333333333	1.3141666666666674	3
285	-73.98298645019531	40.77177047729492	-73.9911117553711	40.750404357910156	15.754833333333334	16.4225	0.5176666666666655	3
286	-73.98979949951172	40.72553634643555	-73.86467742919922	40.77024459838867	15.754833333333334	16.651666666666664	0.7468333333333298	3
287	-73.98282623291016	40.767425537109375	-73.99209594726562	40.77056121826172	15.754833333333334	16.35	0.4451666666666675	3
288	-73.99547576904297	40.739288330078125	-73.98995971679688	40.75156784057617	15.754833333333334	16.336666666666666	0.43183333333333207	3
289	-73.9913558959961	40.717132568359375	-73.98983001708984	40.73188400268555	15.754999999999999	16.340166666666665	0.4351666666666659	3
290	-73.97953796386719	40.74623107910156	-73.9693374633789	40.75777053833008	15.754999999999999	16.374333333333333	0.4693333333333335	3
291	-73.99176788330078	40.750274658203125	-73.96979522705078	40.7572021484375	15.755166666666668	16.485166666666668	0.5800000000000004	3
292	-73.9703369140625	40.76487731933594	-73.96399688720703	40.77395248413086	15.755166666666668	16.288666666666668	0.38350000000000006	3
293	-74.0164794921875	40.70473861694336	-73.98970794677734	40.75735092163086	15.755166666666668	16.53366666666667	0.6285000000000011	3
294	-74.01519012451172	40.7047233581543	-73.99957275390625	40.71406555175781	15.755166666666668	16.403333333333332	0.49816666666666476	3
295	-73.98265075683594	40.771663665771484	-73.9840087890625	40.73025131225586	15.755333333333333	16.570166666666665	0.6648333333333326	3
296	-74.00283813476562	40.760108947753906	-73.99143981933594	40.723628997802734	15.755333333333333	16.571166666666667	0.6658333333333338	3
297	-73.97906494140625	40.72416305541992	-73.95470428466797	40.771484375	15.755500000000001	16.569333333333333	0.6638333333333314	3
298	-73.98793029785156	40.74335861206055	-73.79794311523438	40.64476776123047	15.755500000000001	16.772333333333332	0.8668333333333308	3
299	-73.99542236328125	40.744510650634766	-74.00491333007812	40.73006820678711	15.755500000000001	16.300833333333333	0.39533333333333187	3
300	-73.87452697753906	40.774078369140625	-73.98915100097656	40.714054107666016	15.755833333333332	16.6705	0.7646666666666689	3
301	-73.99757385253906	40.73277282714844	-73.99742126464844	40.72457504272461	15.755833333333332	16.338666666666665	0.4328333333333333	3
302	-74.0044937133789	40.74222946166992	-74.00179290771484	40.75199890136719	15.755833333333332	16.33983333333333	0.4339999999999996	3
303	-74.00572967529297	40.72663497924805	-74.01123046875	40.715415954589844	15.756166666666665	16.336333333333332	0.4301666666666669	3
304	-73.87088012695312	40.77363967895508	-73.87622833251953	40.773292541503906	15.756166666666665	16.291666666666668	0.3855000000000025	3
305	-73.9537124633789	40.775230407714844	-73.95208740234375	40.76955795288086	15.756333333333334	16.308666666666667	0.4023333333333333	3
306	-73.96434020996094	40.7564697265625	-73.9525375366211	40.77819061279297	15.756333333333334	16.359	0.45266666666666777	3
307	-73.99412536621094	40.75114059448242	-73.9862289428711	40.75582504272461	15.756499999999999	16.342666666666666	0.43616666666666715	3
308	-73.94971466064453	40.77208709716797	-73.98243713378906	40.7724723815918	15.756499999999999	16.492833333333333	0.5863333333333344	3
309	-73.99073028564453	40.756290435791016	-73.97271728515625	40.75347900390625	15.756499999999999	16.4715	0.5649999999999998	3
310	-73.99337005615234	40.72231674194336	-73.97460174560547	40.75677490234375	15.756833333333333	16.458666666666666	0.5518333333333331	3
311	-73.98949432373047	40.7357063293457	-73.98760986328125	40.76011657714844	15.756833333333333	16.5005	0.593666666666666	3
312	-74.00446319580078	40.74734115600586	-73.9900894165039	40.737911224365234	15.756833333333333	16.4255	0.5186666666666667	3
313	-73.99383544921875	40.75699996948242	-73.97933197021484	40.76694107055664	15.757000000000001	16.424	0.516999999999998	3
314	-74.00065612792969	40.73719787597656	-73.99239349365234	40.72471618652344	15.757000000000001	16.4045	0.4974999999999973	3
315	-73.9529800415039	40.77252197265625	-73.98226928710938	40.773746490478516	15.757000000000001	16.47133333333333	0.5643333333333288	3
316	-73.95935821533203	40.77143859863281	-73.97530364990234	40.76054763793945	15.757166666666667	16.419	0.5118333333333339	3
317	-73.99342346191406	40.74211883544922	-73.96910095214844	40.76026916503906	15.757166666666667	16.420166666666667	0.5130000000000002	3
318	-73.97502899169922	40.75115203857422	-73.9669418334961	40.75662612915039	15.757166666666667	16.354833333333335	0.44766666666666877	3
319	-73.98076629638672	40.77485275268555	-73.98527526855469	40.7802619934082	15.757166666666667	16.37066666666667	0.4635000000000019	3
