ID 		 Origin_X 			 Origin_Y 		 Destination_X 		 Destination_Y 		 E_time 			 L_time 			 Max_Walk
1	-73.98078155517578	40.72991180419922	-73.94447326660156	40.716678619384766	-0.25	0.25	0.804
2	-73.99346923828125	40.718990325927734	-73.96224212646484	40.65733337402344	-0.25	0.25	0.804
3	-73.98011779785156	40.74304962158203	-73.91349029541016	40.76314163208008	-0.25	0.5549999999999999	0.804
4	-73.97942352294922	40.74461364746094	-73.99203491210938	40.753944396972656	-0.24983333333333332	0.4425	0.804
5	-73.99834442138672	40.72389602661133	-73.995849609375	40.68840026855469	-0.24966666666666668	0.43466666666666665	0.804
6	-73.96932983398438	40.7635383605957	-73.99568939208984	40.7442512512207	-0.2495	0.5081666666666667	0.804
7	-74.00430297851562	40.74224090576172	-74.00736236572266	40.70693588256836	-0.24933333333333332	0.48866666666666664	0.804
8	-73.98516082763672	40.768951416015625	-73.99022674560547	40.7617301940918	-0.24916666666666668	0.3695	0.804
9	-73.98210144042969	40.774696350097656	-73.97093963623047	40.79670715332031	-0.249	0.324	0.804
10	-73.95303344726562	40.672115325927734	-73.986572265625	40.710594177246094	-0.24883333333333332	0.5891666666666667	0.804
11	-73.99906921386719	40.72017288208008	-73.973388671875	40.756561279296875	-0.24866666666666667	0.5585	0.804
12	-73.9974136352539	40.73667526245117	-73.98566436767578	40.73268127441406	-0.24866666666666667	0.304	0.804
13	-73.96391296386719	40.71217346191406	-73.95133209228516	40.71220016479492	-0.2485	0.36966666666666664	0.804
14	-73.95440673828125	40.77806854248047	-73.94892883300781	40.78858184814453	-0.24833333333333332	0.2866666666666667	0.804
15	-73.99559783935547	40.744239807128906	-73.98545837402344	40.76871109008789	-0.24766666666666667	0.46699999999999997	0.804
16	-73.94010925292969	40.75115203857422	-73.93002319335938	40.767051696777344	-0.2475	0.3551666666666667	0.804
17	-74.00806427001953	40.742069244384766	-74.00228881835938	40.742164611816406	-0.24716666666666667	0.569	0.804
18	-73.98165893554688	40.773738861083984	-73.99596405029297	40.75383758544922	-0.24716666666666667	0.9538333333333333	0.804
19	-73.96305847167969	40.77501678466797	-73.95174407958984	40.77880096435547	-0.247	0.3406666666666667	0.804
20	-73.98223876953125	40.7577018737793	-73.90930938720703	40.8620491027832	-0.24666666666666667	0.7341666666666666	0.804
21	-73.94641876220703	40.78913879394531	-73.91590118408203	40.85154724121094	-0.2465	0.7848333333333333	0.804
22	-73.94969177246094	40.78461837768555	-73.97103118896484	40.75101852416992	-0.24633333333333332	0.4728333333333333	0.804
23	-73.96588134765625	40.68856430053711	-73.96269226074219	40.67192840576172	-0.24566666666666667	0.3735	0.804
24	-73.97876739501953	40.7451057434082	-73.9922103881836	40.74930953979492	-0.2455	0.39	0.804
25	-73.96937561035156	40.78523635864258	-73.94556427001953	40.77798080444336	-0.24516666666666667	0.39083333333333337	0.804
26	-73.9743423461914	40.75666046142578	-73.98148345947266	40.75371551513672	-0.245	0.5541666666666667	0.804
27	-73.93352508544922	40.80292892456055	-73.94567108154297	40.78598403930664	-0.24483333333333335	0.3095	0.804
28	-73.9969482421875	40.72050094604492	-73.95818328857422	40.7217903137207	-0.24466666666666667	0.47	0.804
29	-73.97831726074219	40.763179779052734	-73.9216079711914	40.74137496948242	-0.24433333333333335	0.4226666666666667	0.804
30	-73.97602081298828	40.74456024169922	-73.96649169921875	40.753662109375	-0.24383333333333335	0.3501666666666667	0.804
31	-73.98428344726562	40.7480583190918	-73.9920883178711	40.60917663574219	-0.24366666666666667	0.8173333333333334	0.804
32	-73.96617889404297	40.76222229003906	-73.89775848388672	40.743141174316406	-0.24333333333333335	0.48383333333333334	0.804
33	-73.9913330078125	40.72389221191406	-73.98368835449219	40.72151565551758	-0.24333333333333335	0.37216666666666665	0.804
34	-73.99420166015625	40.726470947265625	-74.0147476196289	40.71620178222656	-0.2425	0.4028333333333333	0.804
35	-74.00148010253906	40.727439880371094	-73.95645141601562	40.768150329589844	-0.24216666666666667	0.5541666666666667	0.804
36	-73.95392608642578	40.766944885253906	-73.9244613647461	40.861392974853516	-0.24183333333333334	0.4691666666666667	0.804
37	-73.78082275390625	40.64518356323242	-73.8908462524414	40.74300765991211	-0.24166666666666667	0.5745	0.804
38	-73.98404693603516	40.755279541015625	-73.99514770507812	40.72063446044922	-0.24133333333333334	0.7416666666666667	0.804
39	-73.9957504272461	40.74409103393555	-74.00975036621094	40.71276092529297	-0.24133333333333334	0.43633333333333335	0.804
40	-73.97100067138672	40.79764175415039	-73.95369720458984	40.78512954711914	-0.241	0.39049999999999996	0.804
41	-73.78713989257812	40.64405059814453	-73.94842529296875	40.730735778808594	-0.24083333333333334	0.7223333333333333	0.804
42	-73.97965240478516	40.776119232177734	-73.96468353271484	40.80675506591797	-0.2405	0.4246666666666667	0.804
43	-73.96527862548828	40.80104064941406	-73.94747924804688	40.81517028808594	-0.23316666666666666	0.37483333333333335	0.804
44	-73.98442077636719	40.76723861694336	-73.97859954833984	40.7542610168457	-0.23283333333333334	0.5881666666666667	0.804
45	-73.98074340820312	40.746910095214844	-73.9908676147461	40.75115966796875	-0.23233333333333334	0.323	0.804
46	-74.00213623046875	40.76063919067383	-73.97289276123047	40.74345016479492	-0.232	0.5726666666666667	0.804
47	-74.00226593017578	40.730369567871094	-73.9516830444336	40.77349853515625	-0.232	0.637	0.804
48	-73.99807739257812	40.73796844482422	-74.0041275024414	40.74279022216797	-0.23183333333333334	0.33716666666666667	0.804
49	-73.93270874023438	40.75286102294922	-73.96361541748047	40.75764083862305	-0.23166666666666666	0.3833333333333333	0.804
50	-74.00348663330078	40.74156951904297	-74.00235748291016	40.726341247558594	-0.2315	0.3843333333333333	0.804
51	-73.99256896972656	40.73961639404297	-73.99531555175781	40.72181701660156	-0.2315	0.4358333333333333	0.804
52	-73.99425506591797	40.73199462890625	-73.9786376953125	40.75138854980469	-0.23116666666666666	0.6181666666666666	0.804
53	-73.98229217529297	40.7513313293457	-73.99134063720703	40.75033950805664	-0.231	0.3423333333333333	0.804
54	-73.93431854248047	40.75148391723633	-73.9725112915039	40.764915466308594	-0.231	0.40016666666666667	0.804
55	-73.95953369140625	40.782745361328125	-73.99375915527344	40.745582580566406	-0.23083333333333333	0.8228333333333333	0.804
56	-73.99561309814453	40.764671325683594	-73.99214935302734	40.7641487121582	-0.23066666666666666	0.30866666666666664	0.804
57	-73.92774200439453	40.697872161865234	-73.96121215820312	40.69827651977539	-0.2305	0.43466666666666665	0.804
58	-73.95474243164062	40.765506744384766	-73.98191833496094	40.766231536865234	-0.23016666666666666	0.5	0.804
59	-73.9675521850586	40.756858825683594	-73.97830963134766	40.74861145019531	-0.23	0.37066666666666664	0.804
60	-73.97010803222656	40.75979995727539	-73.9893569946289	40.74298858642578	-0.23	0.4726666666666667	0.804
61	-73.9552230834961	40.804378509521484	-73.96369934082031	40.79800033569336	-0.22983333333333333	0.3566666666666667	0.804
62	-74.00466918945312	40.71595764160156	-73.98986053466797	40.73404312133789	-0.22966666666666666	0.41733333333333333	0.804
63	-73.99861145019531	40.7381706237793	-73.99459075927734	40.75054931640625	-0.2295	0.4036666666666667	0.804
64	-73.95974731445312	40.801292419433594	-73.95064544677734	40.822933197021484	-0.22933333333333333	0.4086666666666666	0.804
65	-73.97293090820312	40.752601623535156	-73.95585632324219	40.77605056762695	-0.22933333333333333	0.343	0.804
66	-73.99504089355469	40.76044845581055	-73.93881225585938	40.79938507080078	-0.229	0.5753333333333333	0.804
67	-74.0009536743164	40.730838775634766	-74.0172348022461	40.704917907714844	-0.229	0.45666666666666667	0.804
68	-73.9551773071289	40.77317428588867	-73.95623016357422	40.772037506103516	-0.22883333333333333	0.28883333333333333	0.804
69	-73.96961212158203	40.757713317871094	-73.90223693847656	40.70281219482422	-0.2285	0.6755	0.804
70	-73.97177124023438	40.75983810424805	-73.98751831054688	40.748722076416016	-0.2285	0.4241666666666667	0.804
71	-74.0105209350586	40.71841049194336	-73.99134826660156	40.745208740234375	-0.2285	0.45933333333333337	0.804
72	-73.99446868896484	40.71897888183594	-73.95662689208984	40.67439270019531	-0.22783333333333333	0.49049999999999994	0.804
73	-73.8626937866211	40.76873016357422	-73.87529754638672	40.77035903930664	-0.22783333333333333	0.3398333333333333	0.804
74	-73.79447937011719	40.65715026855469	-73.88738250732422	40.65415954589844	-0.22783333333333333	0.87	0.804
75	-73.97858428955078	40.76258087158203	-73.96331024169922	40.79871368408203	-0.22766666666666666	0.569	0.804
76	-74.00505065917969	40.73995590209961	-73.98983764648438	40.729434967041016	-0.2275	0.3913333333333333	0.804
77	-73.97367095947266	40.78451919555664	-73.98818969726562	40.731971740722656	-0.22716666666666666	0.69	0.804
78	-73.9784927368164	40.762176513671875	-73.9610824584961	40.66745376586914	-0.227	0.8385	0.804
79	-73.9555892944336	40.7640495300293	-73.96797943115234	40.762413024902344	-0.227	0.38866666666666666	0.804
80	-73.99267578125	40.72039031982422	-74.00337219238281	40.708168029785156	-0.227	0.3556666666666667	0.804
81	-73.94416809082031	40.7880744934082	-73.98552703857422	40.747257232666016	-0.22683333333333333	0.534	0.804
82	-73.99903106689453	40.73421859741211	-73.99922180175781	40.729026794433594	-0.22683333333333333	0.3411666666666667	0.804
83	-73.99394226074219	40.7567138671875	-74.00363159179688	40.75147247314453	-0.22666666666666666	0.6555	0.804
84	-73.99676513671875	40.74243927001953	-73.94156646728516	40.85139083862305	-0.2265	0.8178333333333333	0.804
85	-74.00428009033203	40.72182083129883	-73.99907684326172	40.734031677246094	-0.2265	0.39166666666666666	0.804
86	-73.99796295166016	40.76055908203125	-73.9866714477539	40.7550048828125	0.521	1.1233333333333335	0.804
87	-73.99456787109375	40.752403259277344	-73.99042510986328	40.71910858154297	0.5211666666666667	1.2526666666666666	0.804
88	-73.98638916015625	40.756675720214844	-73.9848403930664	40.748226165771484	0.5211666666666667	1.0706666666666669	0.804
89	-74.00717163085938	40.713130950927734	-73.97846984863281	40.75279998779297	0.5211666666666667	1.2001666666666666	0.804
90	-73.98069763183594	40.764827728271484	-74.01263427734375	40.70158004760742	0.5213333333333334	1.2870000000000001	0.804
91	-73.96826934814453	40.757408142089844	-73.9461898803711	40.77561950683594	0.5213333333333334	1.1411666666666667	0.804
92	-73.96844482421875	40.760475158691406	-73.9814224243164	40.76581573486328	0.5213333333333334	1.1006666666666667	0.804
93	-73.99041748046875	40.75624084472656	-74.00760650634766	40.74081039428711	0.5215000000000001	1.1758333333333333	0.804
94	-73.97783660888672	40.76344299316406	-73.91304779052734	40.74778366088867	0.5218333333333334	1.2905000000000002	0.804
95	-73.92159271240234	40.766563415527344	-73.960205078125	40.76189422607422	0.5218333333333334	1.2251666666666665	0.804
96	-74.00426483154297	40.75193405151367	-73.98834991455078	40.74892044067383	0.5221666666666667	1.1366666666666667	0.804
97	-73.98344421386719	40.686466217041016	-73.95050811767578	40.706947326660156	0.5221666666666667	1.1746666666666667	0.804
98	-73.98858642578125	40.72124099731445	-73.9915771484375	40.75012969970703	0.5221666666666667	1.1873333333333331	0.804
99	-73.98672485351562	40.766563415527344	-73.99659729003906	40.73543167114258	0.5223333333333334	1.1891666666666665	0.804
100	-73.97785949707031	40.75484085083008	-73.98908233642578	40.75798034667969	0.5223333333333334	1.1241666666666665	0.804
101	-74.00057220458984	40.72979736328125	-73.98717498779297	40.73420715332031	0.5223333333333334	1.1931666666666665	0.804
102	-73.99525451660156	40.719871520996094	-73.98331451416016	40.72209548950195	0.5225000000000001	1.1361666666666665	0.804
103	-73.95589447021484	40.77215576171875	-73.95470428466797	40.77738571166992	0.5225000000000001	1.0846666666666667	0.804
104	-73.98635864257812	40.756591796875	-73.99098205566406	40.75080871582031	0.5225000000000001	1.0510000000000002	0.804
105	-73.99858856201172	40.72441482543945	-74.01359558105469	40.70232391357422	0.5225000000000001	1.154	0.804
106	-73.98745727539062	40.728851318359375	-73.99568176269531	40.7491455078125	0.5225000000000001	1.2078333333333333	0.804
107	-73.98609161376953	40.75623321533203	-73.98275756835938	40.76917266845703	0.5228333333333334	1.0903333333333332	0.804
108	-74.00028228759766	40.73019027709961	-73.80242156982422	40.705570220947266	0.5228333333333334	1.525	0.804
109	-73.98783874511719	40.738121032714844	-73.97537231445312	40.757991790771484	0.523	1.1378333333333333	0.804
110	-73.92477416992188	40.7617301940918	-73.92401885986328	40.769927978515625	0.5233333333333334	1.091	0.804
111	-74.00098419189453	40.73091125488281	-73.97134399414062	40.7977294921875	0.5235000000000001	1.404	0.804
112	-73.9921875	40.74878692626953	-73.99711608886719	40.68885803222656	0.5236666666666667	1.3215	0.804
113	-73.98744201660156	40.74870300292969	-73.94847106933594	40.77638244628906	0.5236666666666667	1.2383333333333333	0.804
114	-73.92353820800781	40.7611198425293	-73.91326904296875	40.7618293762207	0.5236666666666667	1.1006666666666667	0.804
115	-73.97815704345703	40.72513961791992	-74.00370788574219	40.72243118286133	0.5238333333333334	1.2205	0.804
116	-73.99983978271484	40.72840881347656	-74.0045166015625	40.707191467285156	0.5238333333333334	1.205	0.804
117	-73.9800796508789	40.761070251464844	-73.95437622070312	40.77745819091797	0.524	1.1598333333333333	0.804
118	-73.99182891845703	40.726131439208984	-73.99182891845703	40.72230911254883	0.5241666666666667	1.1345	0.804
119	-73.919189453125	40.759071350097656	-73.9256820678711	40.76740264892578	0.5243333333333334	1.105	0.804
120	-73.9964599609375	40.75990295410156	-73.93894958496094	40.851802825927734	0.5243333333333334	1.3516666666666668	0.804
121	-73.95516967773438	40.76890563964844	-74.07196807861328	40.601722717285156	0.5243333333333334	1.486	0.804
122	-73.98052978515625	40.73056411743164	-73.96531677246094	40.755149841308594	0.5246666666666667	1.1265	0.804
123	-73.98188018798828	40.75790023803711	-73.98054504394531	40.770790100097656	0.5248333333333334	1.0745	0.804
124	-74.00373840332031	40.738460540771484	-73.92988586425781	40.700836181640625	0.525	1.4751666666666667	0.804
125	-73.95475769042969	40.77751159667969	-73.90719604492188	40.74162673950195	0.5251666666666667	1.2696666666666665	0.804
126	-73.9871826171875	40.72930145263672	-74.00141143798828	40.72782897949219	0.5251666666666667	1.1176666666666666	0.804
127	-73.95439147949219	40.77865219116211	-73.95291137695312	40.7724609375	0.5251666666666667	1.0585	0.804
128	-73.98641204833984	40.73051071166992	-73.98976135253906	40.72574996948242	0.5253333333333334	1.072	0.804
129	-73.9743423461914	40.7535285949707	-73.9007797241211	40.739627838134766	0.5255000000000001	1.2893333333333334	0.804
130	-73.97291564941406	40.74345016479492	-73.96726989746094	40.76029968261719	0.5255000000000001	1.1338333333333332	0.804
131	-73.9863510131836	40.75834655761719	-73.9751205444336	40.75766372680664	0.5258333333333334	1.1241666666666665	0.804
132	-73.99513244628906	40.755279541015625	-74.00563049316406	40.74099349975586	0.5261666666666667	1.1585	0.804
133	-73.98751831054688	40.7327995300293	-73.97557067871094	40.74803924560547	0.5261666666666667	1.1016666666666666	0.804
134	-73.98329162597656	40.76231002807617	-73.9901351928711	40.74299240112305	0.5263333333333334	1.1576666666666666	0.804
135	-73.98890686035156	40.73681640625	-73.98876190185547	40.77416229248047	0.5263333333333334	1.3076666666666668	0.804
136	-73.99246978759766	40.68984603881836	-73.99481964111328	40.69502639770508	0.5265000000000001	1.0561666666666667	0.804
137	-73.98404693603516	40.74931335449219	-73.96482849121094	40.71260070800781	0.5265000000000001	1.3058333333333334	0.804
138	-73.96697235107422	40.752933502197266	-73.96026611328125	40.76176834106445	0.5336666666666666	1.0591666666666666	0.804
139	-73.99449920654297	40.727535247802734	-73.99462127685547	40.72806167602539	0.5338333333333333	1.0901666666666667	0.804
140	-73.94764709472656	40.809906005859375	-73.9767837524414	40.787994384765625	0.5338333333333333	1.2758333333333334	0.804
141	-73.98865509033203	40.722496032714844	-73.99220275878906	40.73088073730469	0.5338333333333333	1.1376666666666666	0.804
142	-73.98649597167969	40.75080108642578	-73.98607635498047	40.75761413574219	0.534	1.093	0.804
143	-74.00413513183594	40.7197380065918	-73.98947143554688	40.74561309814453	0.5341666666666667	1.1596666666666668	0.804
144	-73.78547668457031	40.6456298828125	-73.99128723144531	40.754940032958984	0.5343333333333333	1.5393333333333332	0.804
145	-73.97036743164062	40.7889518737793	-73.99395751953125	40.76387023925781	0.5343333333333333	1.1708333333333334	0.804
146	-73.9862289428711	40.74004364013672	-74.00851440429688	40.746517181396484	0.5346666666666666	1.189833333333333	0.804
147	-73.98802947998047	40.71882247924805	-73.96019744873047	40.80641555786133	0.535	1.4238333333333335	0.804
148	-73.99040222167969	40.75175857543945	-74.00641632080078	40.7384147644043	0.535	1.1575	0.804
149	-73.99208068847656	40.7180290222168	-73.96307373046875	40.67578887939453	0.535	1.2694999999999999	0.804
150	-74.00251770019531	40.730411529541016	-73.97480010986328	40.7326774597168	0.5351666666666667	1.17	0.804
151	-74.0055923461914	40.74073028564453	-73.99597930908203	40.7598991394043	0.5351666666666667	1.1248333333333334	0.804
152	-73.97709655761719	40.743141174316406	-73.95626068115234	40.767333984375	0.5353333333333333	1.1426666666666665	0.804
153	-73.99959564208984	40.73352813720703	-73.99404907226562	40.75128936767578	0.5353333333333333	1.1531666666666667	0.804
154	-74.0053939819336	40.740753173828125	-73.98456573486328	40.75321960449219	0.5355	1.1705	0.804
155	-73.79045104980469	40.644100189208984	-73.88681030273438	40.758480072021484	0.5355	1.3715	0.804
156	-73.9819564819336	40.758338928222656	-73.97084045410156	40.756019592285156	0.5356666666666666	1.1376666666666666	0.804
157	-73.9739990234375	40.74299240112305	-73.95480346679688	40.692562103271484	9.053333333333335	10.587833333333334	0.804
158	-73.94271087646484	40.79436111450195	-73.93535614013672	40.79618835449219	9.053333333333335	9.605833333333333	0.804
159	-73.99771118164062	40.724002838134766	-74.0052719116211	40.71913146972656	9.053333333333335	9.6405	0.804
160	-73.98202514648438	40.77247619628906	-73.95494842529297	40.78335952758789	9.053500000000001	9.809166666666668	0.804
161	-74.01598358154297	40.715091705322266	-74.0010757446289	40.721012115478516	9.053500000000001	9.719333333333333	0.804
162	-73.95571899414062	40.76820373535156	-73.97206115722656	40.78177261352539	9.053500000000001	9.705	0.804
163	-74.00592803955078	40.74522018432617	-73.96426391601562	40.807376861572266	9.053500000000001	10.156500000000001	0.804
164	-73.99626159667969	40.738037109375	-73.99027252197266	40.73168182373047	9.053666666666667	9.667499999999999	0.804
165	-73.9578628540039	40.76536560058594	-73.97076416015625	40.75789260864258	9.053666666666667	9.718333333333334	0.804
166	-73.96724700927734	40.76068878173828	-73.98075103759766	40.76766586303711	9.053666666666667	9.737333333333332	0.804
167	-73.97921752929688	40.784881591796875	-73.98188781738281	40.765708923339844	9.053666666666667	9.836833333333335	0.804
168	-73.98426055908203	40.75483322143555	-73.9769515991211	40.7585334777832	9.053833333333333	9.641166666666667	0.804
169	-73.96223449707031	40.77607727050781	-73.98980712890625	40.741180419921875	9.053833333333333	9.991999999999999	0.804
170	-73.97733306884766	40.75014114379883	-73.98046112060547	40.74761962890625	9.053833333333333	9.572833333333334	0.804
171	-73.96102142333984	40.76947021484375	-73.96350860595703	40.77423095703125	9.053833333333333	9.605666666666666	0.804
172	-73.99602508544922	40.686729431152344	-74.01582336425781	40.71446990966797	9.054	9.8405	0.804
173	-73.98930358886719	40.740478515625	-74.00837707519531	40.711029052734375	9.054166666666667	9.917166666666667	0.804
174	-73.96685028076172	40.76163864135742	-73.9534912109375	40.76723861694336	9.054166666666667	9.684000000000001	0.804
175	-73.9854507446289	40.744510650634766	-73.97112274169922	40.75926971435547	9.054166666666667	9.734666666666666	0.804
176	-73.9677734375	40.75600814819336	-73.97921752929688	40.75299072265625	9.054333333333334	9.740166666666665	0.804
177	-73.95632934570312	40.77143478393555	-73.9702377319336	40.75920104980469	9.054333333333334	9.7265	0.804
178	-73.96105194091797	40.76081085205078	-73.98296356201172	40.74802017211914	9.054333333333334	9.855	0.804
179	-73.9582290649414	40.77873992919922	-73.9611587524414	40.77465057373047	9.054333333333334	9.616666666666667	0.804
180	-73.9560317993164	40.781097412109375	-73.93888854980469	40.80495834350586	9.0545	9.709666666666665	0.804
181	-73.95364379882812	40.76662063598633	-73.99324035644531	40.747291564941406	9.0545	10.050500000000001	0.804
182	-73.97254943847656	40.74652099609375	-73.96790313720703	40.755531311035156	9.0545	9.640166666666666	0.804
183	-73.97547912597656	40.749813079833984	-73.97008514404297	40.756099700927734	9.0545	9.734333333333332	0.804
184	-73.9499282836914	40.772037506103516	-73.94992065429688	40.77203369140625	9.054666666666668	9.555666666666667	0.804
185	-73.97462463378906	40.751060485839844	-73.98721313476562	40.75628662109375	9.054666666666668	9.700166666666666	0.804
186	-73.95726013183594	40.77048873901367	-73.96286010742188	40.76816177368164	9.054666666666668	9.600833333333332	0.804
187	-73.99031066894531	40.750938415527344	-73.97059631347656	40.756080627441406	9.054666666666668	9.951666666666666	0.804
188	-73.99398040771484	40.75120162963867	-73.96849060058594	40.7907829284668	9.054833333333335	9.953999999999999	0.804
189	-73.97987365722656	40.73516082763672	-73.99079132080078	40.755157470703125	9.054833333333335	9.974666666666666	0.804
190	-73.99655151367188	40.737300872802734	-74.01409912109375	40.71392059326172	9.054833333333335	9.801666666666668	0.804
191	-73.9952392578125	40.749820709228516	-73.97733306884766	40.75545883178711	9.054833333333335	9.824833333333332	0.804
192	-74.01686096191406	40.70631790161133	-74.01053619384766	40.70880889892578	9.055000000000001	9.6405	0.804
193	-73.96696472167969	40.76984786987305	-73.98430633544922	40.769893646240234	9.055000000000001	9.742999999999999	0.804
194	-73.98223114013672	40.765132904052734	-73.9542007446289	40.767181396484375	9.055166666666667	9.875833333333334	0.804
195	-73.98362731933594	40.747642517089844	-73.78704833984375	40.64691162109375	9.055166666666667	10.106666666666666	0.804
196	-73.95570373535156	40.76848220825195	-73.95994567871094	40.778812408447266	9.055166666666667	9.675833333333333	0.804
197	-73.9938735961914	40.735260009765625	-74.01419067382812	40.70835876464844	9.055333333333333	10.059333333333335	0.804
198	-73.95574188232422	40.78190994262695	-73.96240997314453	40.75834274291992	9.055333333333333	9.943	0.804
199	-73.9789047241211	40.74076843261719	-74.01493072509766	40.71307373046875	9.055333333333333	9.875	0.804
200	-73.98578643798828	40.730953216552734	-73.96662139892578	40.766292572021484	9.0555	10.005333333333333	0.804
201	-73.95265197753906	40.7835807800293	-73.96455383300781	40.76481246948242	9.0555	9.806000000000001	0.804
202	-73.97713470458984	40.75194549560547	-73.87052917480469	40.77375793457031	9.0555	9.918333333333333	0.804
203	-74.01432800292969	40.709434509277344	-73.99480438232422	40.75040054321289	9.055666666666667	9.851833333333333	0.804
204	-74.00835418701172	40.73612594604492	-74.0101547241211	40.719749450683594	9.055666666666667	9.705166666666665	0.804
205	-74.00882720947266	40.71916961669922	-73.99072265625	40.69449234008789	9.055666666666667	9.788833333333333	0.804
1206	-73.94725799560547	40.77574920654297	-74.00447845458984	40.72858810424805	11.2755	12.106333333333334	0.804
1207	-73.97411346435547	40.78379821777344	-74.01397705078125	40.71416091918945	11.2755	12.101166666666666	0.804
1208	-73.98757934570312	40.761539459228516	-74.1771469116211	40.69487762451172	11.2755	12.234333333333332	0.804
1209	-73.9549331665039	40.77340316772461	-73.94933319091797	40.80198669433594	11.275666666666666	11.968666666666667	0.804
1210	-73.99992370605469	40.72153854370117	-73.99873352050781	40.71403884887695	11.275666666666666	11.867	0.804
1211	-73.97550964355469	40.79182434082031	-73.99286651611328	40.75791549682617	11.275833333333333	12.104166666666666	0.804
1212	-74.01567840576172	40.71148681640625	-73.96304321289062	40.71904373168945	11.275833333333333	12.154333333333334	0.804
1213	-73.9854965209961	40.744327545166016	-73.87259674072266	40.77438735961914	11.276	12.120833333333334	0.804
1214	-73.97765350341797	40.74557113647461	-74.00009155273438	40.743038177490234	11.276	12.254833333333334	0.804
1215	-73.98422241210938	40.75987243652344	-73.98401641845703	40.743221282958984	11.276	11.956999999999999	0.804
1216	-73.96244049072266	40.77900314331055	-73.97853088378906	40.77766036987305	11.276	11.905833333333334	0.804
1217	-73.96885681152344	40.758338928222656	-73.96037292480469	40.76985168457031	11.276	11.907666666666668	0.804
1218	-73.97270202636719	40.790000915527344	-73.98097229003906	40.77450942993164	11.276	11.908333333333333	0.804
1219	0.0	0.0	0.0	0.0	11.276166666666665	11.923833333333333	0.804
1220	-73.9626235961914	40.77001953125	-73.98236846923828	40.742759704589844	11.276166666666665	12.023833333333334	0.804
1221	-73.9945068359375	40.75087356567383	-74.00550842285156	40.75093460083008	11.276333333333332	11.9215	0.804
1222	-73.9590072631836	40.774749755859375	-73.97132873535156	40.76015090942383	11.276499999999999	11.936833333333334	0.804
1223	-73.95801544189453	40.773197174072266	-73.95472717285156	40.76551055908203	11.276499999999999	11.900166666666667	0.804
1224	-74.00003814697266	40.73283004760742	-73.98532104492188	40.74346160888672	11.276499999999999	12.101166666666666	0.804
1225	-73.97676086425781	40.78837966918945	-73.95398712158203	40.764060974121094	11.283333333333333	12.143166666666666	0.804
1226	-73.97807312011719	40.751991271972656	-73.9930191040039	40.76844024658203	11.2835	12.058	0.804
1227	-73.99108123779297	40.77179718017578	-73.99767303466797	40.74253845214844	11.2835	12.186666666666667	0.804
1228	-73.96013641357422	40.775726318359375	-73.95781707763672	40.768577575683594	11.2835	11.871	0.804
1229	-73.97787475585938	40.773746490478516	-73.97317504882812	40.76254653930664	11.283666666666667	11.955166666666665	0.804
1230	-73.97794342041016	40.78328323364258	-73.99272918701172	40.76835250854492	11.283833333333334	11.9565	0.804
1231	-73.78209686279297	40.64474868774414	-73.71510314941406	40.62858581542969	11.283833333333334	12.1545	0.804
1232	-73.98312377929688	40.75444030761719	-73.9811782836914	40.75886154174805	11.284	11.856333333333334	0.804
1233	-73.99408721923828	40.75904083251953	-74.00833892822266	40.71357345581055	11.284166666666666	12.085833333333333	0.804
1234	-73.98896789550781	40.753013610839844	-73.98894500732422	40.73476791381836	11.284166666666666	12.142666666666667	0.804
1235	-73.98873901367188	40.73657989501953	-74.0033187866211	40.747459411621094	11.284166666666666	12.156833333333333	0.804
1236	-74.00212860107422	40.72959518432617	-73.99842834472656	40.72318649291992	11.284166666666666	11.909	0.804
1237	-73.96669006347656	40.79351043701172	-73.97222137451172	40.790618896484375	11.284333333333333	11.8195	0.804
1238	-73.95177459716797	40.78172302246094	-73.97891998291016	40.75619125366211	11.284333333333333	12.125166666666667	0.804
1239	-73.96910095214844	40.57381057739258	-73.96746826171875	40.5643310546875	11.284333333333333	11.906500000000001	0.804
1240	-73.9734115600586	40.75222396850586	-73.97286224365234	40.758975982666016	11.2845	11.903166666666667	0.804
1241	-73.98616790771484	40.7581787109375	-73.87399291992188	40.77294158935547	11.2845	12.4835	0.804
1242	-73.98524475097656	40.72769546508789	-73.97652435302734	40.750553131103516	11.284666666666666	12.170833333333333	0.804
1243	-73.99165344238281	40.74665451049805	-73.9618911743164	40.76835632324219	11.284666666666666	12.2225	0.804
1244	-73.98928833007812	40.74195098876953	-74.00003814697266	40.72792053222656	11.284666666666666	11.970666666666666	0.804
1245	-74.01115417480469	40.72877883911133	-74.01679992675781	40.70542526245117	11.284666666666666	11.904	0.804
1246	-74.00835418701172	40.74608612060547	-73.99542236328125	40.74938201904297	11.284833333333333	11.968333333333334	0.804
1247	-73.96611022949219	40.76150131225586	-73.95918273925781	40.77349853515625	11.284833333333333	11.95	0.804
1248	-73.9937973022461	40.76715850830078	-73.99103546142578	40.76108169555664	11.285	11.852	0.804
1249	-73.96807098388672	40.75523376464844	-73.97167205810547	40.76201629638672	11.285166666666667	11.901166666666667	0.804
1250	-73.97052764892578	40.76176071166992	-73.96321105957031	40.80883026123047	11.285166666666667	12.204666666666666	0.804
1251	-74.00126647949219	40.7392463684082	-73.96540832519531	40.80576705932617	11.285333333333334	12.341833333333334	0.804
1252	-73.98218536376953	40.77471160888672	-73.95304107666016	40.79096603393555	11.285333333333334	12.041333333333332	0.804
1253	-74.01592254638672	40.715179443359375	-73.98632049560547	40.738590240478516	11.285333333333334	12.133833333333333	0.804
1254	-73.98702239990234	40.73923873901367	-73.973876953125	40.764320373535156	11.285333333333334	12.102	0.804
1255	-73.98145294189453	40.690101623535156	-73.97274780273438	40.69641876220703	11.285333333333334	11.919333333333332	0.804
1256	-73.99049377441406	40.74592971801758	-73.97129821777344	40.76362609863281	11.2855	12.175666666666666	0.804
1257	-73.97425842285156	40.75714874267578	-73.98269653320312	40.75095748901367	11.285666666666666	11.903	0.804
1258	-73.97492980957031	40.73289489746094	-74.00050354003906	40.719486236572266	11.285666666666666	12.042166666666667	0.804
1259	-74.00849151611328	40.73420333862305	-73.97227478027344	40.761844635009766	11.285833333333333	12.443166666666666	0.804
1260	-73.96649169921875	40.77311706542969	-73.9870834350586	40.744747161865234	11.286	12.033333333333333	0.804
1261	-73.9738540649414	40.76410675048828	-74.01170349121094	40.713890075683594	11.286	12.208499999999999	0.804
1262	-73.99067687988281	40.693172454833984	-73.93851470947266	40.70402145385742	11.286166666666666	12.405333333333333	0.804
1263	-73.98535919189453	40.763370513916016	-73.98107147216797	40.7504997253418	11.286166666666666	12.000666666666667	0.804
1264	-73.96878051757812	40.761131286621094	-73.97440338134766	40.75358581542969	11.286166666666666	11.854	0.804
1265	-74.00746154785156	40.7128791809082	-73.99688720703125	40.71644973754883	11.286333333333333	12.001833333333334	0.804
1266	-73.96305847167969	40.77248764038086	-73.95301055908203	40.783416748046875	11.286333333333333	11.956333333333333	0.804
1267	-74.00638580322266	40.7393684387207	-73.95128631591797	40.723716735839844	11.2865	12.5685	0.804
1268	-73.96757507324219	40.76887893676758	-73.96171569824219	40.77959442138672	11.2865	11.9745	0.804
1269	-73.97612762451172	40.748958587646484	-73.8724136352539	40.77442169189453	11.286666666666667	12.072666666666667	0.804
1270	-73.9551773071289	40.77297592163086	-73.96104431152344	40.7650260925293	11.286666666666667	11.969166666666666	0.804
1271	-74.01576232910156	40.710845947265625	-73.9908447265625	40.75385284423828	11.286833333333334	12.3045	0.804
1272	-73.95631408691406	40.787109375	-73.96212005615234	40.777252197265625	11.286999999999999	11.868	0.804
1273	-73.98787689208984	40.70046615600586	-74.01216888427734	40.70713806152344	11.286999999999999	11.953666666666665	0.804
1274	-73.9939193725586	40.7452507019043	-74.00419616699219	40.742427825927734	11.286999999999999	12.018333333333334	0.804
1275	-73.98743438720703	40.74175262451172	-73.98250579833984	40.754486083984375	11.287166666666666	12.057	0.804
1276	-73.97904968261719	40.78504943847656	-73.9802474975586	40.77970886230469	11.287166666666666	11.872833333333334	0.804
1277	-74.00235748291016	40.733646392822266	-73.96163177490234	40.77988052368164	11.287166666666666	12.467333333333334	0.804
1278	-73.98725128173828	40.72027587890625	-73.9682846069336	40.76401901245117	11.287333333333333	12.083333333333334	0.804
1279	-73.94337463378906	40.777313232421875	-73.95561981201172	40.762638092041016	11.2875	12.068	0.804
1280	-73.95620727539062	40.77984619140625	-73.95060729980469	40.775856018066406	11.2875	11.920666666666666	0.804
1281	-73.97511291503906	40.744529724121094	-73.95081329345703	40.783058166503906	11.2875	12.271833333333333	0.804
1282	-73.99150848388672	40.74982833862305	-73.94608306884766	40.773128509521484	11.287666666666667	12.351666666666667	0.804
1283	-73.97528076171875	40.789981842041016	-73.97247314453125	40.78654861450195	11.287666666666667	11.835333333333335	0.804
1284	-73.96443939208984	40.75645065307617	-73.99114227294922	40.747398376464844	11.287833333333333	12.220833333333333	0.804
1285	-73.99156188964844	40.749908447265625	-73.98725128173828	40.7611083984375	11.287833333333333	12.002333333333333	0.804
1286	-73.95654296875	40.77798843383789	-74.01417541503906	40.7138786315918	11.287833333333333	12.274000000000001	0.804
1287	-74.01364135742188	40.71384811401367	-73.98943328857422	40.757606506347656	11.288	12.259666666666666	0.804
1288	-74.00634002685547	40.75128173828125	-73.99447631835938	40.75069046020508	11.288	11.9255	0.804
1289	-73.99263763427734	40.7305793762207	-73.977294921875	40.73854446411133	11.288166666666667	12.021500000000001	0.804
1290	-73.96697998046875	40.76121139526367	-73.97630310058594	40.76457977294922	11.288166666666667	12.054666666666668	0.804
1291	-73.99102020263672	40.727840423583984	-74.01274108886719	40.70232009887695	11.288166666666667	12.090833333333334	0.804
1292	-73.9876937866211	40.75518035888672	-73.98373413085938	40.7527961730957	11.288499999999999	12.004666666666667	0.804
1293	-73.99166107177734	40.74449157714844	-73.9861831665039	40.75188064575195	11.288499999999999	11.725666666666667	0.804
1294	-73.9591293334961	40.77754592895508	-73.9642562866211	40.764625549316406	11.288666666666666	11.935333333333334	0.804
1295	-73.97251892089844	40.79344177246094	-73.96027374267578	40.80646896362305	11.288666666666666	11.951333333333332	0.804
1296	-73.9762954711914	40.74797058105469	-73.97967529296875	40.75935363769531	11.288833333333333	12.018333333333334	0.804
1297	0.0	0.0	0.0	0.0	11.289	11.933666666666667	0.804
1298	0.0	0.0	0.0	0.0	11.289	12.3875	0.804
299	-73.99117279052734	40.73749542236328	-73.99851989746094	40.74027633666992	20.487000000000002	21.01833333333333	0.804
300	-73.9859848022461	40.717689514160156	-73.91189575195312	40.699459075927734	21.674166666666668	22.404833333333332	0.804
301	-74.00269317626953	40.73951721191406	-73.98202514648438	40.76553726196289	20.555500000000002	21.341166666666666	0.804
302	-73.97295379638672	40.75517272949219	-73.95870208740234	40.7640266418457	20.555500000000002	21.153666666666666	0.804
303	-73.98573303222656	40.74681091308594	-73.99529266357422	40.76206970214844	20.555500000000002	21.237333333333336	0.804
304	-73.97843170166016	40.752323150634766	-73.94207763671875	40.71330261230469	20.555500000000002	21.437833333333334	0.804
305	-73.98350524902344	40.765804290771484	-73.92728424072266	40.822906494140625	20.555500000000002	21.483666666666668	0.804
306	-73.9528579711914	40.76807403564453	-73.96409606933594	40.76368713378906	20.555666666666667	21.125666666666667	0.804
307	-73.95704650878906	40.77764892578125	-73.98856353759766	40.7380485534668	20.555666666666667	21.307000000000002	0.804
308	-73.99160766601562	40.73517608642578	-74.00147247314453	40.72605514526367	20.555833333333332	21.209833333333332	0.804
309	-73.98322296142578	40.75606155395508	-73.956298828125	40.78558349609375	20.556	21.224666666666664	0.804
310	-73.9541244506836	40.778831481933594	-73.97235107421875	40.79582595825195	20.556	21.174833333333336	0.804
311	-73.98001098632812	40.75444030761719	-73.98001098632812	40.75444030761719	20.556	21.254333333333335	0.804
312	-73.98176574707031	40.746585845947266	-74.0044174194336	40.730464935302734	20.556166666666666	21.28666666666667	0.804
313	-73.98003387451172	40.7601203918457	-73.96965789794922	40.78961944580078	20.556166666666666	21.303	0.804
314	-73.978759765625	40.740882873535156	-73.98957061767578	40.7259407043457	20.556333333333335	21.17216666666667	0.804
315	-74.0025634765625	40.728973388671875	-73.98238372802734	40.740013122558594	20.5565	21.250333333333334	0.804
316	-73.96294403076172	40.76930236816406	-73.97145080566406	40.78191375732422	20.5565	21.1835	0.804
317	-73.86396789550781	40.76974868774414	-73.97779083251953	40.665103912353516	20.5565	21.592	0.804
318	-73.95513916015625	40.77939987182617	-73.95227813720703	40.77735900878906	20.55666666666667	21.089	0.804
319	-73.99958801269531	40.715301513671875	-73.9825668334961	40.75746154785156	20.55666666666667	21.434833333333334	0.804
320	-73.99990844726562	40.726890563964844	-73.98906707763672	40.72225570678711	20.556833333333334	21.192333333333334	0.804
321	-73.98261260986328	40.73942565917969	-74.01774597167969	40.709503173828125	20.556833333333334	21.309	0.804
322	-73.98143005371094	40.74219512939453	-73.94808197021484	40.778785705566406	20.557000000000002	21.268	0.804
323	-73.96224212646484	40.77898025512695	-73.9683609008789	40.753868103027344	20.557166666666667	21.2215	0.804
324	-73.96155548095703	40.798465728759766	-73.9863052368164	40.7670783996582	20.557166666666667	21.275	0.804
325	-73.96668243408203	40.76422119140625	-73.98762512207031	40.778255462646484	20.557166666666667	21.257	0.804
326	-73.99942016601562	40.7337532043457	-73.98475646972656	40.74524688720703	20.557333333333332	21.221999999999998	0.804
327	-74.00309753417969	40.73334884643555	-73.99456024169922	40.75053787231445	20.557333333333332	21.252166666666668	0.804
328	-73.96021270751953	40.77334213256836	-73.96790313720703	40.76284408569336	20.5575	21.136166666666668	0.804
329	-73.99456024169922	40.75052261352539	-73.97276306152344	40.751590728759766	20.5575	21.291500000000003	0.804
330	-73.99124145507812	40.750282287597656	-73.96195983886719	40.76131057739258	20.5575	21.3205	0.804
331	-73.98213958740234	40.768218994140625	-73.9696044921875	40.75448226928711	20.557833333333335	21.205666666666666	0.804
332	-73.9740982055664	40.75668716430664	-73.99413299560547	40.70332717895508	20.558	21.37066666666667	0.804
333	-74.00564575195312	40.705955505371094	-74.00639343261719	40.73963928222656	20.558	21.272166666666667	0.804
334	-73.97437286376953	40.7642707824707	-73.96405792236328	40.75469970703125	20.558	21.16766666666667	0.804
335	-73.9468002319336	40.78445053100586	-73.97840881347656	40.724727630615234	20.558	21.240166666666667	0.804
336	-73.95052337646484	40.67011260986328	-73.97940826416016	40.66164016723633	20.55816666666667	21.1905	0.804
337	-73.98951721191406	40.75033950805664	-73.98908996582031	40.76036071777344	20.55816666666667	21.389333333333333	0.804
338	-73.98236083984375	40.77710723876953	-73.95661163330078	40.77992630004883	20.55816666666667	21.218166666666665	0.804
339	-73.9830093383789	40.74309158325195	-73.99903869628906	40.76108932495117	20.55816666666667	21.270166666666665	0.804
340	-73.99140930175781	40.75008773803711	-73.96465301513672	40.75810623168945	20.558333333333334	21.259166666666665	0.804
341	-73.9651870727539	40.76335906982422	-73.94844818115234	40.80060958862305	20.558333333333334	21.2215	0.804
342	-73.98587799072266	40.73850631713867	-74.00354766845703	40.73228454589844	20.558333333333334	21.23966666666667	0.804
343	-73.99403381347656	40.751380920410156	-73.9828109741211	40.76774978637695	20.558333333333334	21.20733333333333	0.804
344	-73.98572540283203	40.75568389892578	-73.90909576416016	40.73630142211914	20.558500000000002	21.55216666666667	0.804
345	-74.00122833251953	40.72768020629883	-73.99845886230469	40.73460388183594	20.558500000000002	21.108666666666668	0.804
346	-73.99407196044922	40.7512321472168	-73.86490631103516	40.85343933105469	20.558500000000002	21.734	0.804
347	-73.99413299560547	40.75104522705078	-73.94482421875	40.82182693481445	20.558500000000002	21.422666666666668	0.804
348	-73.97872161865234	40.7526969909668	-73.99095916748047	40.76081848144531	20.558500000000002	21.272666666666666	0.804
349	-74.00894165039062	40.710819244384766	-73.99005126953125	40.748291015625	20.558500000000002	21.309166666666666	0.804
350	-73.97526550292969	40.787715911865234	-73.9489974975586	40.777381896972656	20.558666666666667	21.219666666666665	0.804
351	-74.00081634521484	40.73173141479492	-73.9993896484375	40.738922119140625	20.558666666666667	21.118166666666667	0.804
352	-73.97972869873047	40.73972702026367	-73.99185180664062	40.7387809753418	20.558833333333332	21.138833333333334	0.804
353	-73.77667999267578	40.645381927490234	-74.00576782226562	40.71559143066406	20.558833333333332	21.823833333333333	0.804
354	-73.95471954345703	40.77922058105469	-73.96306610107422	40.765804290771484	20.559	21.157166666666665	0.804
355	-73.97235870361328	40.75308609008789	-73.9773178100586	40.75890350341797	20.559	21.200666666666667	0.804
356	-73.98555755615234	40.759300231933594	-73.99127960205078	40.7506217956543	20.559	21.191166666666668	0.804
357	-73.99274444580078	40.758323669433594	-73.9879150390625	40.77528762817383	20.559166666666666	21.21933333333333	0.804
358	-73.99029541015625	40.7291259765625	-73.99661254882812	40.73817443847656	20.559166666666666	21.204	0.804
359	-73.98051452636719	40.76203536987305	-73.9858627319336	40.75164794921875	20.559166666666666	21.20733333333333	0.804
360	-74.16637420654297	40.731964111328125	-74.16636657714844	40.73196029663086	20.559333333333335	21.071166666666667	0.804
361	-74.00617980957031	40.73466491699219	-73.95049285888672	40.77534103393555	20.559333333333335	21.457833333333333	0.804
362	-73.98431396484375	40.725311279296875	-73.99878692626953	40.74224090576172	20.5595	21.289166666666667	0.804
363	-73.99417877197266	40.70309066772461	-73.99723052978516	40.69841766357422	20.5595	21.088166666666666	0.804
364	-73.98504638671875	40.757110595703125	-73.99153900146484	40.750301361083984	20.5595	21.173333333333336	0.804
365	-73.97891998291016	40.75864791870117	-73.99044799804688	40.75632858276367	20.55966666666667	21.291333333333334	0.804
366	-73.97268676757812	40.753299713134766	-73.95398712158203	40.77552032470703	20.55966666666667	21.154666666666664	0.804
367	-73.9873275756836	40.72185134887695	-74.00343322753906	40.73357009887695	20.559833333333334	21.258166666666668	0.804
368	-73.99797821044922	40.713897705078125	-73.99983978271484	40.71682357788086	20.559833333333334	21.134833333333333	0.804
369	-73.98698425292969	40.73927688598633	-73.99610137939453	40.739471435546875	20.56683333333333	21.123833333333334	0.804
370	-73.98917388916016	40.76601791381836	-73.99090576171875	40.75795364379883	20.56683333333333	21.184166666666666	0.804
371	-73.97698974609375	40.750431060791016	-73.98784637451172	40.728328704833984	20.567	21.22433333333333	0.804
372	-73.96923828125	40.749725341796875	-73.95475769042969	40.7695426940918	20.567	21.139	0.804
373	-73.98091125488281	40.68901824951172	-73.89893341064453	40.74055099487305	20.567	21.2575	0.804
374	-73.98912811279297	40.72321701049805	-74.01072692871094	40.72357940673828	20.567	21.238666666666667	0.804
375	-73.97265625	40.744991302490234	-73.95172119140625	40.76959991455078	20.567	21.173833333333334	0.804
376	-74.00833129882812	40.70779800415039	-74.00897979736328	40.71862030029297	20.567166666666665	21.15683333333333	0.804
377	-73.96220397949219	40.77609634399414	-73.95417785644531	40.787052154541016	20.567166666666665	21.101166666666668	0.804
378	-73.99755859375	40.72427749633789	-73.97213745117188	40.756187438964844	20.567166666666665	21.436666666666667	0.804
379	-73.95075988769531	40.77094268798828	-73.96131134033203	40.76477813720703	20.567166666666665	21.143	0.804
380	-73.9923095703125	40.72506332397461	-73.95245361328125	40.778160095214844	20.567333333333334	21.367	0.804
381	-73.98771667480469	40.76020050048828	-73.99407958984375	40.74599838256836	20.567333333333334	21.288	0.804
382	-73.95745849609375	40.78597640991211	-73.98523712158203	40.730735778808594	20.567333333333334	21.400666666666666	0.804
383	-74.01240539550781	40.71342849731445	-73.99417114257812	40.71559143066406	20.5675	21.30666666666667	0.804
384	-73.99510955810547	40.760250091552734	-73.98307800292969	40.768009185791016	20.5675	21.136666666666667	0.804
385	-73.99310302734375	40.742340087890625	-74.00328826904297	40.74372100830078	20.567666666666668	21.154166666666665	0.804
386	-73.96778869628906	40.756168365478516	-73.9837646484375	40.73593521118164	20.567833333333333	21.174666666666667	0.804
387	-73.97772979736328	40.764678955078125	-73.9652099609375	40.77531051635742	20.567833333333333	21.137166666666666	0.804
388	-73.97870635986328	40.75806427001953	-73.97935485839844	40.74617385864258	20.568	21.200166666666664	0.804
389	-73.95025634765625	40.77156066894531	-73.9673080444336	40.76339340209961	20.568	21.203833333333332	0.804
390	-73.97622680664062	40.7593994140625	-73.96688842773438	40.772911071777344	20.568	21.188666666666666	0.804
391	-73.97132110595703	40.758094787597656	-73.98223876953125	40.7488899230957	20.568166666666666	21.140166666666666	0.804
392	-73.95466613769531	40.82100296020508	-73.95466613769531	40.82100296020508	20.56833333333333	21.11916666666667	0.804
393	0.0	0.0	0.0	0.0	20.56833333333333	21.126	0.804
394	-73.87016296386719	40.773521423339844	-73.87016296386719	40.773521423339844	20.5685	21.071166666666667	0.804
395	-73.99341583251953	40.73334884643555	-74.01007843017578	40.73455810546875	20.568666666666665	21.207166666666666	0.804
396	-73.982177734375	40.76829528808594	-73.98041534423828	40.73781967163086	20.568833333333334	21.323666666666668	0.804
397	-73.97698974609375	40.75381851196289	-73.9680404663086	40.756248474121094	20.568833333333334	21.168333333333333	0.804
398	-73.97753143310547	40.742401123046875	-73.97354125976562	40.73858642578125	20.568833333333334	21.174666666666667	0.804
399	-73.99124145507812	40.75032424926758	-73.98960876464844	40.757347106933594	20.569	21.306	0.804
400	-73.99214172363281	40.72929763793945	-73.98379516601562	40.72538757324219	20.569	21.206833333333332	0.804
401	-73.96688842773438	40.769775390625	-73.962890625	40.77239227294922	20.569166666666668	21.271	0.804
402	-74.00314331054688	40.7275390625	-73.99186706542969	40.74904251098633	20.569333333333333	21.269333333333332	0.804
