ID 		 Origin_X 			 Origin_Y 		 Destination_X 		 Destination_Y 		 E_time 			 L_time 			 Max_Walk
1	-73.99190521240234	40.735172271728516	-73.95600891113281	40.77592849731445	-0.25	0.4531666666666667	0.804
2	-73.99813842773438	40.7354736328125	-73.99664306640625	40.7462158203125	-0.25	0.325	0.804
3	-74.00435638427734	40.742271423339844	-74.0074691772461	40.741050720214844	-0.24983333333333332	0.3051666666666667	0.804
4	-73.98243713378906	40.770938873291016	-73.94615173339844	40.834983825683594	-0.2495	0.5753333333333333	0.804
5	-73.99092102050781	40.745521545410156	-73.98135375976562	40.72513961791992	-0.2495	0.47633333333333333	0.804
6	-73.97207641601562	40.757015228271484	-73.98145294189453	40.7587890625	-0.24933333333333332	0.33366666666666667	0.804
7	-73.96794128417969	40.76298141479492	-73.96137237548828	40.76044845581055	-0.24916666666666668	0.4175	0.804
8	-73.98503112792969	40.72821044921875	-74.00287628173828	40.73331069946289	-0.24916666666666668	0.4053333333333333	0.804
9	-73.98442077636719	40.74911880493164	-73.97901153564453	40.74443817138672	-0.249	0.33416666666666667	0.804
10	-73.97860717773438	40.745399475097656	-73.96794891357422	40.755619049072266	-0.249	0.3095	0.804
11	-73.98426055908203	40.724937438964844	-73.9781723022461	40.74563980102539	-0.24883333333333332	0.3913333333333333	0.804
12	-74.01319885253906	40.70246505737305	-73.98733520507812	40.73606491088867	-0.24883333333333332	0.6931666666666667	0.804
13	-74.00359344482422	40.73215866088867	-73.96705627441406	40.68415069580078	-0.24883333333333332	0.5263333333333333	0.804
14	-73.98458862304688	40.74245071411133	-73.98171997070312	40.73891830444336	-0.24883333333333332	0.30033333333333334	0.804
15	-73.98412322998047	40.75474166870117	-73.97863006591797	40.7448844909668	-0.24866666666666667	0.3081666666666667	0.804
16	-73.9880142211914	40.721248626708984	-73.9936294555664	40.72096633911133	-0.24866666666666667	0.5353333333333333	0.804
17	-74.00782012939453	40.74103546142578	-73.9675521850586	40.75624084472656	-0.24866666666666667	0.6741666666666666	0.804
18	-73.99983978271484	40.72835159301758	-73.98900604248047	40.72903060913086	-0.2485	0.3418333333333333	0.804
19	-73.983154296875	40.76637649536133	-73.95648193359375	40.76801681518555	-0.2485	0.3873333333333333	0.804
20	-73.87306213378906	40.774139404296875	-74.01429748535156	40.64656448364258	-0.24833333333333332	0.6666666666666666	0.804
21	-73.98522186279297	40.74712371826172	-73.9591293334961	40.7716178894043	-0.24833333333333332	0.43833333333333335	0.804
22	-73.98819732666016	40.72356033325195	-74.00537872314453	40.7092399597168	-0.24833333333333332	0.4388333333333333	0.804
23	-74.00493621826172	40.72861862182617	-74.01067352294922	40.71757125854492	-0.24833333333333332	0.3235	0.804
24	-73.77671813964844	40.64532470703125	-73.9884262084961	40.77489471435547	-0.24816666666666667	0.9046666666666667	0.804
25	-73.99201965332031	40.75419998168945	-73.9648208618164	40.80255889892578	-0.248	0.5041666666666667	0.804
26	-73.98324584960938	40.756080627441406	-73.97665405273438	40.76236343383789	-0.248	0.403	0.804
27	-73.99464416503906	40.72492218017578	-73.97091674804688	40.79326629638672	-0.248	0.5721666666666667	0.804
28	-73.97802734375	40.74400329589844	-73.99162292480469	40.74892044067383	-0.24783333333333332	0.36866666666666664	0.804
29	-74.0057601928711	40.740325927734375	-73.97159576416016	40.75589370727539	-0.24783333333333332	0.5853333333333334	0.804
30	-74.00111389160156	40.76199722290039	-73.9618148803711	40.759918212890625	-0.24766666666666667	0.41933333333333334	0.804
31	-73.77670288085938	40.64531326293945	-73.98804473876953	40.72124481201172	-0.24766666666666667	0.6863333333333334	0.804
32	-73.98652648925781	40.766929626464844	-74.00263977050781	40.73379135131836	-0.24766666666666667	0.4691666666666667	0.804
33	-73.99234008789062	40.72470474243164	-73.99972534179688	40.73017120361328	-0.2475	0.35	0.804
34	-73.982177734375	40.771690368652344	-73.948486328125	40.774131774902344	-0.2475	0.42033333333333334	0.804
35	-73.99470520019531	40.7503776550293	-73.98552703857422	40.762916564941406	-0.24733333333333332	0.3421666666666667	0.804
36	-73.97970581054688	40.75530242919922	-73.99234008789062	40.74895477294922	-0.24733333333333332	0.3873333333333333	0.804
37	-73.99105072021484	40.72793197631836	-73.97750091552734	40.74638366699219	-0.24733333333333332	0.392	0.804
38	-73.98880767822266	40.75394821166992	-73.9532699584961	40.77840805053711	-0.24716666666666667	0.4518333333333333	0.804
39	-73.98795318603516	40.73106002807617	-73.98509216308594	40.74182891845703	-0.247	0.3406666666666667	0.804
40	-73.78227233886719	40.64464569091797	-73.97329711914062	40.67278289794922	-0.247	0.8348333333333333	0.804
41	-73.99237060546875	40.749019622802734	-73.9890365600586	40.73405838012695	-0.247	0.35033333333333333	0.804
42	-73.98355865478516	40.74701690673828	-73.962890625	40.76735305786133	-0.24683333333333332	0.37616666666666665	0.804
43	-74.00028991699219	40.72871017456055	-74.0056381225586	40.722900390625	-0.24683333333333332	0.35	0.804
44	-73.97859191894531	40.77753448486328	-73.96543884277344	40.7559928894043	-0.24666666666666667	0.43866666666666665	0.804
45	-73.98980712890625	40.72034454345703	-73.98958587646484	40.73000717163086	-0.24666666666666667	0.33766666666666667	0.804
46	-73.99108123779297	40.75099182128906	-73.98385620117188	40.726871490478516	-0.24666666666666667	0.5349999999999999	0.804
47	-73.954833984375	40.76934051513672	-73.98139953613281	40.782657623291016	-0.24666666666666667	0.4205	0.804
48	-73.98857879638672	40.75910949707031	-73.99636840820312	40.766563415527344	-0.2465	0.38816666666666666	0.804
49	-73.97348022460938	40.7436408996582	-74.00653076171875	40.74055099487305	-0.2465	0.558	0.804
50	-73.98957061767578	40.75714874267578	-73.97337341308594	40.73849868774414	-0.2465	0.49149999999999994	0.804
51	-73.97029876708984	40.79420852661133	-73.9568099975586	40.80503845214844	-0.24633333333333332	0.32566666666666666	0.804
52	-73.9535140991211	40.77973175048828	-73.95249938964844	40.78101348876953	-0.24633333333333332	0.25416666666666665	0.804
53	-73.98332977294922	40.73032760620117	-73.94828796386719	40.82444763183594	-0.24616666666666667	0.6755	0.804
54	-74.00068664550781	40.72891616821289	-73.98046875	40.73012924194336	-0.24616666666666667	0.4226666666666667	0.804
55	-73.87446594238281	40.77402114868164	-73.93184661865234	40.69588088989258	-0.24616666666666667	0.6065	0.804
56	-74.008544921875	40.71400451660156	-73.81486511230469	40.71091079711914	-0.24616666666666667	0.7043333333333334	0.804
57	-74.00390625	40.74275588989258	-73.99773406982422	40.76385498046875	-0.24616666666666667	0.4095	0.804
58	-73.9932632446289	40.749168395996094	-73.97355651855469	40.747215270996094	-0.24616666666666667	0.4565	0.804
59	-73.99219512939453	40.72503662109375	-73.98367309570312	40.779396057128906	-0.246	0.6001666666666666	0.804
60	-73.97913360595703	40.756072998046875	-74.0094223022461	40.71026611328125	-0.24583333333333332	0.5186666666666666	0.804
61	-73.98921203613281	40.76298522949219	-73.98847961425781	40.76008224487305	-0.24583333333333332	0.30383333333333334	0.804
62	-73.98936462402344	40.75706100463867	-74.01595306396484	40.7150993347168	-0.24583333333333332	0.5691666666666666	0.804
63	-73.87374114990234	40.75674819946289	-73.8637466430664	40.73268127441406	-0.24583333333333332	0.43566666666666665	0.804
64	-73.98892974853516	40.748348236083984	-73.9724349975586	40.7572021484375	-0.24566666666666667	0.45	0.804
65	-73.96732330322266	40.760955810546875	-74.00328063964844	40.73284912109375	-0.24566666666666667	0.5363333333333333	0.804
66	-73.98143768310547	40.778900146484375	-73.95265197753906	40.77227020263672	-0.24566666666666667	0.3745	0.804
67	-73.87088775634766	40.7738151550293	-73.99195098876953	40.76441955566406	-0.2455	0.6353333333333333	0.804
68	-73.98625183105469	40.75737380981445	-73.97254943847656	40.74638748168945	-0.2455	0.3883333333333333	0.804
69	-74.00029754638672	40.721187591552734	-74.01351165771484	40.705352783203125	-0.24533333333333335	0.3368333333333333	0.804
70	-74.00086212158203	40.73162841796875	-73.972900390625	40.69321823120117	-0.24533333333333335	0.5225	0.804
71	-73.99185943603516	40.75244903564453	-73.97709655761719	40.75492858886719	-0.24533333333333335	0.4036666666666667	0.804
72	-74.0145034790039	40.71546173095703	-74.00636291503906	40.71588897705078	-0.24516666666666667	0.32233333333333336	0.804
73	-73.97633361816406	40.76482009887695	-73.95526123046875	40.767494201660156	-0.24516666666666667	0.33766666666666667	0.804
74	-73.98725128173828	40.729278564453125	-73.98482513427734	40.718990325927734	-0.24516666666666667	0.3875	0.804
75	-73.9411392211914	40.755393981933594	-73.93521881103516	40.75130844116211	4.750333333333334	5.2861666666666665	0.804
76	-73.98242950439453	40.73139572143555	-73.9742431640625	40.7425651550293	4.7505	5.300666666666666	0.804
77	-73.92704010009766	40.820980072021484	-73.89122009277344	40.83340835571289	4.750666666666667	5.4526666666666666	0.804
78	-73.98444366455078	40.737300872802734	-73.95079040527344	40.66633987426758	4.751166666666666	5.541833333333333	0.804
79	-73.9891128540039	40.757545471191406	-73.94763946533203	40.764339447021484	4.7515	5.491	0.804
80	-73.9912109375	40.73489761352539	-73.89506530761719	40.73469543457031	4.752	5.493166666666666	0.804
81	-73.95428466796875	40.764251708984375	-73.97899627685547	40.746131896972656	4.752	5.388000000000001	0.804
82	-73.95443725585938	40.711669921875	-73.95330810546875	40.71601104736328	4.7525	5.300833333333333	0.804
83	-73.99555969238281	40.75991439819336	-73.9932861328125	40.7397346496582	4.752833333333333	5.391	0.804
84	-73.98085021972656	40.72134017944336	-73.99270629882812	40.75691604614258	4.753	5.453333333333333	0.804
85	-73.97445678710938	40.783203125	-73.95535278320312	40.77360153198242	4.7535	5.338166666666666	0.804
86	-73.98590850830078	40.74750900268555	-73.99185180664062	40.77030944824219	4.753833333333334	5.569333333333333	0.804
87	-73.96138763427734	40.801998138427734	-73.93701934814453	40.8018684387207	4.754166666666666	5.436166666666667	0.804
88	-73.98501586914062	40.763404846191406	-73.79888153076172	40.64509582519531	4.754833333333333	5.707166666666667	0.804
89	-73.99612426757812	40.74834442138672	-73.97877502441406	40.741092681884766	4.755	5.353833333333333	0.804
90	-73.96865844726562	40.79905319213867	-73.96893310546875	40.78590393066406	4.755333333333334	5.343166666666666	0.804
91	-73.98351287841797	40.7435417175293	-73.8686752319336	40.749290466308594	4.755833333333333	5.673333333333334	0.804
92	-73.97445678710938	40.78845977783203	-73.97444152832031	40.788490295410156	4.755833333333333	5.268166666666667	0.804
93	-73.91796112060547	40.76985168457031	-73.8839111328125	40.73741912841797	4.756	5.403833333333334	0.804
94	-73.94102478027344	40.81865692138672	-73.9406967163086	40.824424743652344	4.756166666666667	5.292666666666666	0.804
95	-73.95939636230469	40.76308822631836	-73.97010803222656	40.759071350097656	4.756333333333333	5.3175	0.804
96	-73.99263763427734	40.76350402832031	-73.94017028808594	40.825199127197266	4.7565	5.506166666666667	0.804
97	-74.00071716308594	40.742271423339844	-73.7773208618164	40.6446418762207	4.7565	5.721333333333334	0.804
98	-73.9540786743164	40.76380157470703	-73.9646224975586	40.7650260925293	4.756666666666667	5.352333333333333	0.804
99	-73.98233795166016	40.75899124145508	-73.78901672363281	40.64725875854492	4.756833333333334	5.687166666666667	0.804
100	-73.97105407714844	40.7517204284668	-73.95040893554688	40.786651611328125	4.756833333333334	5.376166666666666	0.804
101	0.0	0.0	0.0	0.0	4.7571666666666665	5.338	0.804
1102	-73.99685668945312	40.76298141479492	-74.00076293945312	40.757598876953125	11.9045	12.435500000000001	0.804
1103	-73.97551727294922	40.786949157714844	-73.95494842529297	40.78749084472656	11.9045	12.521	0.804
1104	-73.98187255859375	40.75978088378906	-73.99796295166016	40.745147705078125	11.904666666666667	12.6035	0.804
1105	-73.97412872314453	40.76448440551758	-73.99420928955078	40.73454284667969	11.904666666666667	12.753666666666666	0.804
1106	-74.00761413574219	40.7271728515625	-74.00794982910156	40.739341735839844	11.904666666666667	12.502333333333333	0.804
1107	-74.01237487792969	40.70149612426758	-73.97718048095703	40.7367057800293	11.904833333333334	12.5585	0.804
1108	-74.00023651123047	40.737735748291016	-73.98368835449219	40.721641540527344	11.904833333333334	12.775333333333332	0.804
1109	-73.94869995117188	40.77765655517578	-73.93960571289062	40.79017639160156	11.904833333333334	12.474	0.804
1110	-73.99650573730469	40.72121047973633	-74.00011444091797	40.72578048706055	11.905000000000001	12.538	0.804
1111	-73.98343658447266	40.75614929199219	-73.97343444824219	40.764381408691406	11.905000000000001	12.666666666666666	0.804
1112	0.0	0.0	-73.98968505859375	40.73921203613281	11.905000000000001	12.552666666666667	0.804
1113	-73.99066925048828	40.770408630371094	-73.98021697998047	40.76557922363281	11.905000000000001	12.506833333333333	0.804
1114	-73.9716796875	40.746402740478516	-73.9661636352539	40.76173400878906	11.905000000000001	12.54	0.804
1115	-73.98238372802734	40.77484130859375	-73.95960235595703	40.776920318603516	11.905000000000001	12.367166666666668	0.804
1116	-73.99636840820312	40.7317008972168	-74.00830841064453	40.704368591308594	11.905166666666666	12.666833333333333	0.804
1117	-73.95380401611328	40.78790283203125	-73.9892807006836	40.741920471191406	11.905333333333333	12.922166666666666	0.804
1118	-73.95723724365234	40.77413558959961	-73.99502563476562	40.73762893676758	11.905333333333333	12.906166666666667	0.804
1119	-74.00989532470703	40.72077560424805	-73.97148895263672	40.75986862182617	11.905333333333333	12.822666666666667	0.804
1120	-73.98121643066406	40.75959777832031	-74.01559448242188	40.70478439331055	11.905333333333333	12.758	0.804
1121	-73.9801025390625	40.765289306640625	-74.00257873535156	40.74480056762695	11.905333333333333	12.768999999999998	0.804
1122	-74.00287628173828	40.76042938232422	-73.97843933105469	40.785858154296875	11.905333333333333	12.557	0.804
1123	-73.9821548461914	40.76837158203125	-73.96894073486328	40.76411819458008	11.905333333333333	12.556333333333335	0.804
1124	-73.97661590576172	40.78815841674805	-73.95990753173828	40.773494720458984	11.9055	12.6375	0.804
1125	-73.94659423828125	40.77656173706055	-73.99036407470703	40.75130844116211	11.9055	12.818999999999999	0.804
1126	-73.9907455444336	40.75593185424805	-73.95934295654297	40.77737808227539	11.9055	12.816666666666666	0.804
1127	-73.98856353759766	40.763885498046875	-73.99246978759766	40.75450134277344	11.905666666666667	12.5345	0.804
1128	-73.9690933227539	40.763919830322266	-73.97466278076172	40.752742767333984	11.905666666666667	12.605333333333332	0.804
1129	-73.9874267578125	40.753150939941406	-73.98016357421875	40.74567413330078	11.905833333333334	12.489999999999998	0.804
1130	-73.97069549560547	40.76465606689453	-73.9916763305664	40.73855209350586	11.905833333333334	12.609	0.804
1131	-74.01544189453125	40.71480941772461	-73.87252807617188	40.774559020996094	11.905833333333334	12.920333333333332	0.804
1132	-73.96818542480469	40.762168884277344	-73.97917938232422	40.76490783691406	11.906	12.519666666666668	0.804
1133	-73.97379302978516	40.75422286987305	-73.9827651977539	40.742393493652344	11.906	12.587666666666667	0.804
1134	-74.00956726074219	40.706390380859375	-74.00801086425781	40.734169006347656	11.906	12.721	0.804
1135	-73.98125457763672	40.74674606323242	-73.99066162109375	40.75114440917969	11.906	12.540666666666667	0.804
1136	-74.0085220336914	40.71631622314453	-74.01432037353516	40.716732025146484	11.906166666666667	12.471666666666668	0.804
1137	-73.98155212402344	40.762569427490234	-73.8727035522461	40.77434158325195	11.906166666666667	12.925666666666666	0.804
1138	-73.96634674072266	40.80481719970703	-73.98080444335938	40.78267288208008	11.906333333333334	12.5915	0.804
1139	-73.99061584472656	40.74580764770508	-73.98162841796875	40.757972717285156	11.906333333333334	12.507666666666667	0.804
1140	-73.96981048583984	40.7529411315918	-73.98274230957031	40.735450744628906	11.906333333333334	12.585333333333335	0.804
1141	-73.97132110595703	40.76105880737305	0.0	0.0	11.906333333333334	12.756333333333334	0.804
1142	-73.97692108154297	40.743228912353516	-73.98846435546875	40.73988342285156	11.906500000000001	12.591333333333333	0.804
1143	-73.94969177246094	40.787601470947266	-73.94922637939453	40.776737213134766	11.906500000000001	12.519666666666668	0.804
1144	-73.97727966308594	40.749759674072266	-73.99037170410156	40.73714065551758	11.906500000000001	12.542833333333332	0.804
1145	-73.99462890625	40.74020767211914	-73.99874877929688	40.755149841308594	11.906666666666666	12.622666666666667	0.804
1146	-73.98004913330078	40.748470306396484	-73.97224426269531	40.7595329284668	11.906666666666666	12.586166666666667	0.804
1147	-73.97526550292969	40.77716827392578	-73.9783935546875	40.78289794921875	11.906666666666666	12.501666666666667	0.804
1148	-73.9774169921875	40.779144287109375	-74.01496124267578	40.71131134033203	11.906666666666666	12.885833333333332	0.804
1149	-73.78890228271484	40.642208099365234	-73.99455261230469	40.750221252441406	11.906666666666666	13.137333333333332	0.804
1150	-73.98176574707031	40.77141189575195	-73.97962951660156	40.76582336425781	11.906833333333333	12.518	0.804
1151	-73.9827651977539	40.76275634765625	-73.98429107666016	40.74254608154297	11.906833333333333	12.6065	0.804
1152	-73.9798583984375	40.745765686035156	-73.98564147949219	40.74143600463867	11.906833333333333	12.471	0.804
1153	-73.96898651123047	40.79069137573242	-73.9532470703125	40.7767448425293	11.907	12.572333333333333	0.804
1154	-73.9958724975586	40.75925827026367	-73.99263763427734	40.728370666503906	11.907166666666667	12.867666666666667	0.804
1155	-73.97506713867188	40.755828857421875	-73.96114349365234	40.774658203125	11.907333333333334	12.638666666666666	0.804
1156	-73.99652862548828	40.75327682495117	-73.98722839355469	40.75200653076172	11.9075	12.625666666666667	0.804
1157	-73.9815902709961	40.78371047973633	-73.97412872314453	40.79389953613281	11.9075	12.468666666666667	0.804
1158	-73.96495819091797	40.75537109375	-73.95805358886719	40.77341842651367	11.9075	12.606	0.804
1159	-73.98130798339844	40.74860763549805	-73.97611999511719	40.75338363647461	11.907666666666668	12.486666666666666	0.804
1160	-73.96656799316406	40.76104736328125	-73.93785858154297	40.84819030761719	11.907666666666668	12.941333333333333	0.804
1161	-73.97779083251953	40.78691482543945	-73.98065185546875	40.75393295288086	11.907666666666668	12.822833333333334	0.804
1162	-73.97394561767578	40.75383758544922	-73.97512817382812	40.7414436340332	11.907833333333334	12.656166666666667	0.804
1163	-74.00965881347656	40.712318420410156	-73.99884033203125	40.73445129394531	11.907833333333334	12.567499999999999	0.804
1164	-73.96156311035156	40.77421951293945	-73.96868133544922	40.764591217041016	11.907833333333334	12.504666666666667	0.804
1165	-73.87470245361328	40.774085998535156	-73.97178649902344	40.75688934326172	11.908	12.892166666666666	0.804
1166	-73.98728942871094	40.738548278808594	-73.9782943725586	40.7655029296875	11.908166666666666	12.973833333333333	0.804
1167	-73.99739837646484	40.74673843383789	-74.00692749023438	40.75210952758789	11.908166666666666	12.5755	0.804
1168	-73.990234375	40.757080078125	-74.0054931640625	40.750980377197266	11.908333333333333	12.583333333333334	0.804
1169	-73.99739074707031	40.724327087402344	-74.00911712646484	40.72544479370117	11.908333333333333	12.551333333333334	0.804
1170	-73.98001861572266	40.754459381103516	-73.87251281738281	40.77452850341797	11.908333333333333	12.84	0.804
1171	-73.97896575927734	40.75595474243164	-73.99069213867188	40.750728607177734	11.9085	12.520333333333333	0.804
1172	-74.00550079345703	40.74909973144531	-74.00466918945312	40.74966049194336	11.9085	12.453	0.804
1173	-74.00284576416016	40.76039123535156	-73.9662857055664	40.799678802490234	11.908666666666667	12.593	0.804
1174	-73.99140167236328	40.74985122680664	-74.01593780517578	40.71464920043945	11.908666666666667	12.721333333333334	0.804
1175	-73.9505615234375	40.77132034301758	-73.9616470336914	40.774208068847656	11.908833333333334	12.534333333333333	0.804
1176	-73.78191375732422	40.644752502441406	-74.00520324707031	40.73202133178711	11.908833333333334	13.374666666666666	0.804
1177	-73.9894027709961	40.736019134521484	-74.00855255126953	40.73303985595703	11.908833333333334	12.608833333333333	0.804
1178	-73.9209213256836	40.77385330200195	-73.9209213256836	40.77385330200195	11.909	12.517166666666668	0.804
1179	-73.95387268066406	40.781673431396484	-73.97236633300781	40.790985107421875	11.909	12.617833333333333	0.804
1180	-73.98339080810547	40.766239166259766	-73.95858764648438	40.77471160888672	11.909	12.6925	0.804
1181	-73.97545623779297	40.749027252197266	-73.99060821533203	40.748043060302734	11.909166666666668	12.770499999999998	0.804
1182	-73.98245239257812	40.76715850830078	-73.96800231933594	40.760292053222656	11.909166666666668	12.634666666666666	0.804
1183	-74.00255584716797	40.74795150756836	-73.99484252929688	40.750244140625	11.909166666666668	12.601833333333333	0.804
1184	-73.95545196533203	40.77695083618164	-73.9501724243164	40.777099609375	11.909333333333334	12.451333333333332	0.804
1185	-74.0028076171875	40.76047134399414	-73.97484588623047	40.78342819213867	11.909333333333334	12.617666666666667	0.804
1186	-74.00391387939453	40.70750045776367	-73.97796630859375	40.75844955444336	11.909333333333334	12.708166666666665	0.804
1187	-73.9721908569336	40.759620666503906	-73.97570037841797	40.757080078125	11.9095	12.456166666666666	0.804
1188	-73.99433898925781	40.750858306884766	-73.98367309570312	40.77378845214844	11.9095	12.901	0.804
1189	-73.97701263427734	40.75100326538086	-73.9727554321289	40.78086471557617	11.909666666666666	13.336500000000001	0.804
1190	-73.97042846679688	40.78874969482422	-73.98014831542969	40.780601501464844	9.75	10.301333333333334	0.804
1191	-73.98204040527344	40.762969970703125	-73.8673095703125	40.77048873901367	9.750166666666667	10.684000000000001	0.804
1192	-73.95378875732422	40.77855682373047	-73.96205139160156	40.77911376953125	9.7505	10.292333333333334	0.804
1193	-73.99107360839844	40.75059127807617	-73.99030303955078	40.75632095336914	9.7505	10.287833333333333	0.804
1194	-73.98191833496094	40.773170471191406	-73.9815444946289	40.76210021972656	9.750666666666667	10.352666666666666	0.804
1195	-73.95425415039062	40.770103454589844	-73.95255279541016	40.7724609375	9.750666666666667	10.274333333333335	0.804
1196	-73.86560821533203	40.77070236206055	-73.93099975585938	40.68472671508789	9.750833333333333	10.686833333333334	0.804
1197	-73.98143005371094	40.75556564331055	-73.96851348876953	40.766353607177734	9.751	10.359166666666667	0.804
1198	-73.95671844482422	40.77791213989258	-73.9799575805664	40.778011322021484	9.751166666666666	10.371833333333333	0.804
1199	-74.01175689697266	40.7158317565918	-74.0014877319336	40.72616958618164	9.751166666666666	10.350666666666667	0.804
1200	-74.01246643066406	40.70175552368164	-73.99675750732422	40.71907424926758	9.751333333333333	10.403666666666666	0.804
201	-73.93670654296875	40.702049255371094	-73.95146179199219	40.72562026977539	15.75	16.4515	0.804
202	-73.94886016845703	40.77735137939453	-73.97786712646484	40.684120178222656	15.75	16.71783333333333	0.804
203	-73.96609497070312	40.761756896972656	-73.95291900634766	40.783233642578125	15.750166666666665	16.35366666666667	0.804
204	-73.99839782714844	40.72283935546875	-73.98957061767578	40.72602081298828	15.750166666666665	16.3205	0.804
205	-74.0003662109375	40.74791717529297	-73.99634552001953	40.76253128051758	15.750333333333334	16.3405	0.804
206	-73.99005889892578	40.75666427612305	-73.92762756347656	40.756500244140625	15.750333333333334	16.65683333333333	0.804
207	-73.99786376953125	40.7359733581543	-73.98994445800781	40.73452377319336	15.750333333333334	16.336333333333332	0.804
208	-73.9391098022461	40.80215072631836	-73.78218078613281	40.6442756652832	15.750333333333334	16.805500000000002	0.804
209	-73.99433898925781	40.72488021850586	-73.9894790649414	40.76373291015625	15.750333333333334	16.504666666666665	0.804
210	-73.78911590576172	40.641597747802734	-73.93907928466797	40.716041564941406	15.750499999999999	17.03666666666667	0.804
211	-73.99006652832031	40.73508071899414	-73.98117065429688	40.74177169799805	15.750499999999999	16.317333333333334	0.804
212	-73.99919891357422	40.73423767089844	-73.9797592163086	40.74482345581055	15.750499999999999	16.409333333333333	0.804
213	-73.8708724975586	40.773746490478516	-73.98016357421875	40.743064880371094	15.750666666666667	16.5075	0.804
214	-73.97846221923828	40.77777099609375	-73.99622344970703	40.762569427490234	15.750666666666667	16.400166666666664	0.804
215	-73.96232604980469	40.77920150756836	-73.990234375	40.714115142822266	15.750833333333333	16.6555	0.804
216	-73.96685028076172	40.76152038574219	-73.98198699951172	40.7586784362793	15.750833333333333	16.42	0.804
217	-73.8709487915039	40.77383041381836	-73.95497131347656	40.775020599365234	15.750833333333333	16.538	0.804
218	-73.9772720336914	40.75870132446289	-73.97289276123047	40.76513671875	15.750833333333333	16.386333333333333	0.804
219	-73.99210357666016	40.750057220458984	-73.97256469726562	40.75397872924805	15.751000000000001	16.422333333333334	0.804
220	-73.98243713378906	40.75104904174805	-73.98689270019531	40.71799087524414	15.751000000000001	16.53966666666667	0.804
221	-73.98271942138672	40.74223327636719	-73.99988555908203	40.73773193359375	15.751166666666666	16.37066666666667	0.804
222	-73.97721862792969	40.78731918334961	-73.96412658691406	40.805641174316406	15.751166666666666	16.337333333333333	0.804
223	-73.98993682861328	40.75672149658203	-73.98651123046875	40.76171112060547	15.751166666666666	16.366833333333332	0.804
224	-73.94839477539062	40.784889221191406	-73.9651107788086	40.76568603515625	15.751333333333335	16.403	0.804
225	-73.96527099609375	40.755226135253906	-73.96538543701172	40.76609802246094	15.751333333333335	16.3215	0.804
226	-73.99028015136719	40.76183319091797	-73.98320007324219	40.747371673583984	15.751333333333335	16.490666666666666	0.804
227	-73.9961166381836	40.73857116699219	-73.98773193359375	40.756744384765625	15.7515	16.375833333333333	0.804
228	-73.9633560180664	40.772003173828125	-73.99417877197266	40.75019454956055	15.7515	16.542	0.804
229	-73.99825286865234	40.74061965942383	-73.99219512939453	40.73816680908203	15.7515	16.31983333333333	0.804
230	-73.99143981933594	40.739009857177734	-73.98902130126953	40.77431869506836	15.751666666666665	16.46683333333333	0.804
231	-73.95183563232422	40.782135009765625	-73.98596954345703	40.75699996948242	15.751666666666665	16.674166666666668	0.804
232	-73.99091339111328	40.71731185913086	-73.9744873046875	40.75891876220703	15.751666666666665	16.558333333333334	0.804
233	-73.9849624633789	40.73967742919922	-73.99349975585938	40.743221282958984	15.751833333333334	16.3265	0.804
234	-73.98230743408203	40.76155090332031	-73.98531341552734	40.75532913208008	15.751833333333334	16.309	0.804
235	-73.86370849609375	40.76995849609375	-73.98374938964844	40.733741760253906	15.751999999999999	16.557666666666666	0.804
236	-73.98297882080078	40.771175384521484	-73.98133087158203	40.73749923706055	15.752166666666668	16.5095	0.804
237	-73.94667053222656	40.703582763671875	-73.94667053222656	40.703582763671875	15.752166666666668	16.369500000000002	0.804
238	-74.00938415527344	40.72626876831055	-74.0090103149414	40.727317810058594	15.752333333333333	16.259833333333333	0.804
239	-73.96644592285156	40.7623405456543	-73.9759750366211	40.760467529296875	15.752500000000001	16.3845	0.804
240	-73.99453735351562	40.75027084350586	-74.01167297363281	40.7137451171875	15.752666666666666	16.48616666666667	0.804
241	-73.95995330810547	40.773597717285156	-73.98753356933594	40.74932861328125	15.752666666666666	16.618333333333332	0.804
242	-73.99409484863281	40.72477340698242	-73.99340057373047	40.74195098876953	15.752666666666666	16.37	0.804
243	-73.97350311279297	40.762428283691406	-73.98076629638672	40.779998779296875	15.752666666666666	16.40083333333333	0.804
244	-73.9917984008789	40.750160217285156	-73.98796844482422	40.72116470336914	15.752833333333335	16.5595	0.804
245	-73.98088073730469	40.777408599853516	-73.87266540527344	40.77434158325195	15.752833333333335	16.75883333333333	0.804
246	-73.9676742553711	40.756019592285156	-73.98426818847656	40.73329162597656	15.753	16.370833333333334	0.804
247	-73.99481964111328	40.726043701171875	-73.98492431640625	40.725929260253906	15.753	16.309333333333335	0.804
248	-74.05860900878906	40.777618408203125	-74.17713928222656	40.69504928588867	15.753	16.57133333333333	0.804
249	-73.94605255126953	40.77330017089844	-73.95277404785156	40.782588958740234	15.753166666666665	16.342166666666664	0.804
250	-73.99462127685547	40.75025939941406	-73.97136688232422	40.75606918334961	15.753166666666665	16.435333333333332	0.804
251	-73.98995208740234	40.75693130493164	-73.98246765136719	40.767189025878906	15.753166666666665	16.3245	0.804
252	-73.96292877197266	40.76652145385742	-73.98282623291016	40.77199172973633	15.753166666666665	16.368166666666667	0.804
253	-73.9853744506836	40.73981857299805	-74.00029754638672	40.741371154785156	15.753333333333334	16.359333333333336	0.804
254	-73.93831634521484	40.80318832397461	-73.952880859375	40.81018829345703	15.753333333333334	16.418000000000003	0.804
255	-73.9629135131836	40.799476623535156	-73.97476196289062	40.787601470947266	15.753666666666668	16.302	0.804
256	-73.9947738647461	40.75132369995117	-73.93721008300781	40.686302185058594	15.753666666666668	16.871000000000002	0.804
257	-73.96237182617188	40.779056549072266	-73.96724700927734	40.7723503112793	15.753833333333333	16.30816666666667	0.804
258	-73.97378540039062	40.76457214355469	-73.9782485961914	40.75495910644531	15.753833333333333	16.4335	0.804
259	-73.98395538330078	40.76136779785156	-73.99918365478516	40.723262786865234	15.753833333333333	16.5595	0.804
260	-73.98838806152344	40.72298049926758	-73.99495697021484	40.73151397705078	15.754000000000001	16.403499999999998	0.804
261	-73.96900177001953	40.75802993774414	-73.97052764892578	40.79384994506836	15.754000000000001	16.474999999999998	0.804
262	-73.95478820800781	40.77774429321289	-73.95475006103516	40.77778625488281	15.754166666666666	16.31983333333333	0.804
263	-74.00592803955078	40.73615646362305	-73.9182357788086	40.87068176269531	15.754166666666666	16.684166666666666	0.804
264	-73.9622802734375	40.76748275756836	-73.7847671508789	40.64324188232422	15.754333333333335	16.820333333333334	0.804
265	-73.98934173583984	40.736045837402344	-73.99127960205078	40.749061584472656	15.754333333333335	16.390333333333334	0.804
266	-73.97494506835938	40.79037857055664	-73.9400405883789	40.80550765991211	15.754333333333335	16.476499999999998	0.804
267	-73.98121643066406	40.675289154052734	-73.98611450195312	40.66949462890625	15.7545	16.290333333333336	0.804
268	-73.96744537353516	40.76337814331055	-73.99076843261719	40.745384216308594	15.7545	16.41916666666667	0.804
269	-73.95105743408203	40.78342056274414	-73.96482849121094	40.76982879638672	15.7545	16.358833333333333	0.804
270	-73.98062133789062	40.764713287353516	-73.99292755126953	40.76274490356445	15.754666666666665	16.352333333333334	0.804
271	-73.97135925292969	40.75801467895508	-73.97476959228516	40.75969314575195	15.754833333333334	16.291666666666668	0.804
272	-73.99490356445312	40.745269775390625	-74.00530242919922	40.74117660522461	15.754833333333334	16.292166666666667	0.804
273	-73.96695709228516	40.76662826538086	-73.9560317993164	40.77893829345703	15.754833333333334	16.384666666666668	0.804
274	-73.99137115478516	40.76020050048828	-73.97737121582031	40.753318786621094	15.754833333333334	16.376333333333335	0.804
275	-73.78236389160156	40.64452362060547	-73.98152160644531	40.77201843261719	15.754999999999999	17.36766666666667	0.804
276	-74.00912475585938	40.7393684387207	-73.9749755859375	40.758636474609375	15.754999999999999	16.523333333333333	0.804
277	-73.96695709228516	40.793670654296875	-73.97383880615234	40.784080505371094	15.754999999999999	16.302333333333333	0.804
278	-73.98242950439453	40.77541732788086	-73.98197174072266	40.764949798583984	15.755166666666668	16.3345	0.804
279	-73.98692321777344	40.729766845703125	-73.9990234375	40.718536376953125	15.755166666666668	16.416833333333333	0.804
280	-73.9640884399414	40.773189544677734	-73.97238159179688	40.79132843017578	15.755166666666668	16.367333333333335	0.804
281	-74.00729370117188	40.72671890258789	-74.01087188720703	40.71625518798828	15.755166666666668	16.352	0.804
282	-73.99664306640625	40.7375373840332	-73.97811126708984	40.752262115478516	15.755333333333333	16.39	0.804
283	-73.98103332519531	40.76008987426758	-73.98702239990234	40.76856994628906	15.755333333333333	16.384999999999998	0.804
284	-73.96826171875	40.75537109375	-73.95242309570312	40.799102783203125	15.755500000000001	16.537833333333335	0.804
285	-73.98954010009766	40.767608642578125	-74.00446319580078	40.75676727294922	15.755500000000001	16.38533333333333	0.804
286	-73.98025512695312	40.775421142578125	-73.95872497558594	40.77314758300781	15.755666666666666	16.420333333333335	0.804
287	-74.00204467773438	40.729766845703125	-74.00212097167969	40.7518424987793	15.755833333333332	16.3915	0.804
288	-73.96631622314453	40.7649040222168	-73.98766326904297	40.777896881103516	15.755833333333332	16.459166666666665	0.804
289	-73.87275695800781	40.77430725097656	-73.78960418701172	40.64704132080078	15.755833333333332	16.653	0.804
290	-73.9552001953125	40.68933868408203	-73.9596939086914	40.68210220336914	15.756166666666665	16.351666666666667	0.804
291	-73.98552703857422	40.72925567626953	-74.00904846191406	40.7161979675293	15.756166666666665	16.492833333333333	0.804
292	-73.95720672607422	40.78607177734375	-74.00737762451172	40.74180603027344	15.756333333333334	16.609	0.804
293	-73.96244049072266	40.758975982666016	-73.96305847167969	40.799381256103516	15.756499999999999	16.535666666666668	0.804
294	-73.96083068847656	40.760643005371094	-73.95586395263672	40.741729736328125	15.756499999999999	16.471166666666665	0.804
295	-73.98225402832031	40.77384567260742	-73.99756622314453	40.72563171386719	15.756499999999999	15.938166666666667	0.804
296	-73.97760009765625	40.78696060180664	-73.98233032226562	40.77578353881836	15.756666666666668	16.350166666666667	0.804
297	-73.86480712890625	40.77042770385742	-73.97764587402344	40.748104095458984	15.756833333333333	16.525666666666666	0.804
298	-73.98106384277344	40.72055435180664	-73.99185180664062	40.749114990234375	15.756833333333333	16.542333333333335	0.804
299	-74.0003433227539	40.73752975463867	-73.99236297607422	40.72488784790039	15.756833333333333	16.3845	0.804
300	-73.98212432861328	40.77471923828125	-73.97466278076172	40.79097366333008	15.757000000000001	16.375	0.804
301	-73.97968292236328	40.7352180480957	-73.9775161743164	40.738250732421875	15.757000000000001	16.270666666666667	0.804
302	0.0	0.0	0.0	0.0	15.757166666666667	16.441	0.804
303	-73.98710632324219	40.76073455810547	-73.98387908935547	40.77544403076172	15.757166666666667	16.352	0.804
304	-73.97789001464844	40.77360916137695	-73.99170684814453	40.750038146972656	15.757166666666667	16.401333333333334	0.804
305	-73.97026062011719	40.79399871826172	-73.96562194824219	40.80052947998047	15.757166666666667	16.300333333333334	0.804
306	-73.9731674194336	40.76204299926758	-73.78325653076172	40.6438102722168	15.757166666666667	16.95733333333333	0.804
