ID 		 Origin_X 			 Origin_Y 		 Destination_X 		 Destination_Y 		 E_time 			 L_time 			 Max_Duration 			 Seats
1	1.264033261004285	4.159815493897295	0.8557942610042849	3.043215493897295	7.9938289185790286	9.041531723092307	1.3977028045132784	3
2	0.8557942610042849	3.043215493897295	1.264033261004285	3.043215493897295	17.685614754064787	18.37371305922171	1.038098305156924	3
3	0.8557942610042849	3.043215493897295	0.8557942610042849	3.043215493897295	9.875113439604789	17.250958294906763	7.725844855301974	4
4	1.2454271910120478	4.018497694921805	1.0813871910120478	3.036727694921805	8.157407997130994	9.115942556870412	1.3085345597394178	3
5	1.0813871910120478	3.036727694921805	1.2454271910120478	3.036727694921805	17.265931187442355	17.841513495791	0.9255823083486433	3
6	1.0813871910120478	3.036727694921805	1.0813871910120478	3.036727694921805	9.890794566287289	16.82349131516561	7.2826967488783225	4
7	1.3348895368285136	2.3890259261741527	2.105399536828514	1.3973159261741528	7.795488377018776	8.873965454838041	1.4284770778192653	3
8	2.105399536828514	1.3973159261741528	1.3348895368285136	1.3973159261741528	17.614165483642754	18.469182091821935	1.2050166081791809	3
9	2.105399536828514	1.3973159261741528	2.105399536828514	1.3973159261741528	9.578143855403653	16.71547700790825	7.487333152504599	4
10	1.595306098058649	3.5338616915842556	1.4312660980586491	1.5740556915842556	7.823670171853866	9.22950478175196	1.7558346098980935	3
11	1.4312660980586491	1.5740556915842556	1.595306098058649	1.5740556915842556	17.569809854982726	18.14539216333137	0.9255823083486433	3
12	1.4312660980586491	1.5740556915842556	1.4312660980586491	1.5740556915842556	9.306572817611327	16.979534351104064	8.022961533492737	4
13	0.17610182568564126	2.8538687265855556	-0.12961317431435881	2.9309187265855554	8.444450308665159	9.089714969882705	0.9952646612175456	3
14	-0.12961317431435881	2.9309187265855554	0.17610182568564126	2.9309187265855554	16.763768675803245	17.40462849899762	0.9908598231943756	3
15	-0.12961317431435881	2.9309187265855554	-0.12961317431435881	2.9309187265855554	10.585165951527534	16.498018536825736	6.2628525852982015	4
16	0.4702656847773247	3.1893093242074766	0.8213416847773247	3.486949324207477	7.349405276221961	8.06146909603028	1.0620638198083188	3
17	0.8213416847773247	3.486949324207477	0.4702656847773247	3.486949324207477	17.162916556894853	17.824676703723725	1.011760146828872	3
18	0.8213416847773247	3.486949324207477	0.8213416847773247	3.486949324207477	9.605366369455833	16.159477721707308	6.9041113522514745	4
19	-0.6916719789000931	1.4570738460840782	-0.3405959789000932	1.754713846084078	7.755252285133131	8.467318139988052	1.062065854854921	3
20	-0.3405959789000932	1.754713846084078	-0.6916719789000931	1.754713846084078	17.28600944156306	17.94776958839193	1.011760146828872	3
21	-0.3405959789000932	1.754713846084078	-0.3405959789000932	1.754713846084078	10.295596876606114	16.418535334948256	6.472938458342142	4
22	1.5891004394674582	1.7352852525729827	1.920916439467458	1.1598952525729826	7.997738966316426	8.803669436800083	1.1559304704836575	3
23	1.920916439467458	1.1598952525729826	1.5891004394674582	1.1598952525729826	17.953644940591488	18.606530939293105	1.002885998701617	3
24	1.920916439467458	1.1598952525729826	1.920916439467458	1.1598952525729826	9.696520770441088	15.902719535836487	6.556198765395399	4
25	-0.0065239676209898345	2.5192712011670153	0.6229220323790101	2.3676612011670155	7.673502450281999	8.471816889187316	1.148314438905317	3
26	0.6229220323790101	2.3676612011670155	-0.0065239676209898345	2.3676612011670155	17.60917116712219	18.399191781977226	1.1400206148550347	3
27	0.6229220323790101	2.3676612011670155	0.6229220323790101	2.3676612011670155	11.18515205501716	16.121494883021022	5.286342828003862	4
28	1.0763516400871138	1.905714688405422	1.7057976400871138	1.7541046884054219	7.298968425343203	8.097278280596456	1.148309855253253	3
29	1.7057976400871138	1.7541046884054219	1.0763516400871138	1.7541046884054219	17.470185301957873	18.260205916812907	1.1400206148550347	3
30	1.7057976400871138	1.7541046884054219	1.7057976400871138	1.7541046884054219	9.733706623877639	16.653433389308965	7.269726765431326	4
31	-0.3635011864566944	3.0737101630328825	0.038524813543305614	1.6837031630328823	6.857410506143546	8.02410947705214	1.516698970908593	3
32	0.038524813543305614	1.6837031630328823	-0.3635011864566944	1.6837031630328823	18.03697378476026	18.72220941689981	1.0352356321395484	3
33	0.038524813543305614	1.6837031630328823	0.038524813543305614	1.6837031630328823	9.84444076800729	16.953023572197104	7.458582804189813	4
34	1.4403401983393076	1.1768759999414424	1.2191311983393076	1.5615059999414425	8.224772223477318	8.929169969242261	1.0543977457649434	3
35	1.2191311983393076	1.5615059999414425	1.4403401983393076	1.5615059999414425	17.96138675617973	18.563309987388553	0.951923231208822	3
36	1.2191311983393076	1.5615059999414425	1.2191311983393076	1.5615059999414425	10.600252631354842	15.699575555028671	5.449322923673829	4
37	0.7873850051411838	0.11100610245550713	0.9986510051411838	-0.12822389754449293	8.277509770636254	8.924555241216426	0.9970454705801725	3
38	0.9986510051411838	-0.12822389754449293	0.7873850051411838	-0.12822389754449293	16.764918821656845	17.36226076237609	0.947341940719243	3
39	0.9986510051411838	-0.12822389754449293	0.9986510051411838	-0.12822389754449293	10.023898554087106	16.977249327411446	7.30335077332434	4
40	2.141233040661459	1.6997371979908307	3.0409790406614583	1.4132871979908308	7.426850519720931	8.36187460395008	1.2850240842291485	3
41	3.0409790406614583	1.4132871979908308	2.141233040661459	1.4132871979908308	17.363473633699847	18.278036420870404	1.2645627871705565	3
42	3.0409790406614583	1.4132871979908308	3.0409790406614583	1.4132871979908308	9.222838966234916	16.935321440753434	8.062482474518518	4
43	-0.22243107127914108	1.6837730744977355	-0.20316807127914116	2.0149730744977354	8.448802644875832	9.101661654807275	1.0028590099314436	3
44	-0.20316807127914116	2.0149730744977354	-0.22243107127914108	2.0149730744977354	16.728496414519682	17.237371944913	0.8588755303933183	3
45	-0.20316807127914116	2.0149730744977354	-0.20316807127914116	2.0149730744977354	10.96946382164674	16.986742798196907	6.367278976550168	4
46	1.9610426192498662	1.0751137804559645	2.172308619249866	-0.14215221954403545	7.901110339202364	8.969996950386044	1.4188866111836798	3
47	2.172308619249866	-0.14215221954403545	1.9610426192498662	-0.14215221954403545	17.059631014283337	17.65697295500258	0.947341940719243	3
48	2.172308619249866	-0.14215221954403545	2.172308619249866	-0.14215221954403545	8.781380393259019	16.85660150241303	8.425221109154013	4
49	2.8011385863989564	0.5285362436745629	2.8011385863989564	0.5285362436745629	6.924978117519271	7.424978117519271	0.85	3
50	2.8011385863989564	0.5285362436745629	2.8011385863989564	0.5285362436745629	17.813962678715832	18.313962678715832	0.85	3
51	2.8011385863989564	0.5285362436745629	2.8011385863989564	0.5285362436745629	9.893659144289137	17.403435732201732	7.859776587912595	4
52	-0.11573612431318825	1.4205351231355148	0.9791238756868119	1.5733951231355148	8.405811883429655	9.415166989827174	1.3593551063975196	3
53	0.9791238756868119	1.5733951231355148	-0.11573612431318825	1.5733951231355148	17.625333756148017	18.629796363552277	1.3544626074042605	3
54	0.9791238756868119	1.5733951231355148	0.9791238756868119	1.5733951231355148	9.777721382384001	16.33338862506152	6.905667242677518	4
55	1.2540556007177452	-0.169907480672169	1.6964656007177452	0.8497625193278311	7.302613407403483	8.314603458059537	1.3619900506560536	3
56	1.6964656007177452	0.8497625193278311	1.2540556007177452	0.8497625193278311	16.799297817245375	17.50314059362018	1.0538427763748062	3
57	1.6964656007177452	0.8497625193278311	1.6964656007177452	0.8497625193278311	9.873385781514003	17.248983310699362	7.725597529185359	4
58	1.0641267087442272	2.860796868197533	0.6993777087442271	3.062126868197533	6.589227697254793	7.281184076919179	1.0419563796643865	3
59	0.6993777087442271	3.062126868197533	1.0641267087442272	3.062126868197533	17.388570714577895	18.05663076936855	1.0180600547906544	3
60	0.6993777087442271	3.062126868197533	0.6993777087442271	3.062126868197533	10.375816339178904	16.513933573363854	6.48811723418495	4
61	1.029826650585703	2.989413324267016	0.9092766505857031	3.3255733242670154	7.379253144493217	8.043777940280854	1.0145247957876378	3
62	0.9092766505857031	3.3255733242670154	1.029826650585703	3.3255733242670154	17.559842502257855	18.11538656024023	0.9055440579823738	3
63	0.9092766505857031	3.3255733242670154	0.9092766505857031	3.3255733242670154	9.770229801061516	17.05295462945145	7.632724828389932	4
64	1.1725117821047428	2.637257798822043	0.8599587821047427	3.543847798822043	6.949899584837966	7.891680657433703	1.2917810725957373	3
65	0.8599587821047427	3.543847798822043	1.1725117821047428	3.543847798822043	16.740842141088727	17.384852609397026	0.9940104683082985	3
66	0.8599587821047427	3.543847798822043	0.8599587821047427	3.543847798822043	10.135785612835294	16.600050163593455	6.8142645507581605	4
67	0.17235672069508623	1.1501381598415783	0.8452967206950863	1.8982781598415783	6.621245904817503	7.584874584173061	1.3136286793555585	3
68	0.8452967206950863	1.8982781598415783	0.17235672069508623	1.8982781598415783	17.714660612962227	18.524721321204947	1.1600607082427197	3
69	0.8452967206950863	1.8982781598415783	0.8452967206950863	1.8982781598415783	10.211775185300663	16.874123587656264	7.012348402355601	4
70	2.519822385675242	1.9830875026475194	3.192762385675242	2.7312275026475197	8.157170878111689	9.12049134516716	1.3133204670554712	3
71	3.192762385675242	2.7312275026475197	2.519822385675242	2.7312275026475197	16.75488808855325	17.56494879679597	1.1600607082427197	3
72	3.192762385675242	2.7312275026475197	3.192762385675242	2.7312275026475197	9.873152941827922	16.413456142800747	6.890303200972825	4
73	2.8828170733524177	1.5861730988746803	2.762267073352418	0.9442970988746804	7.363129045085416	8.163694807923584	1.1505657628381676	3
74	2.762267073352418	0.9442970988746804	2.8828170733524177	0.9442970988746804	17.46395876604499	18.019502824027363	0.9055440579823738	3
75	2.762267073352418	0.9442970988746804	2.762267073352418	0.9442970988746804	9.825790475190159	16.620698211390536	7.144907736200377	4
76	2.4217786009393616	1.2555873711934682	0.9951026009393613	1.6781173711934683	6.754052221595286	7.939597985476936	1.5355457638816499	3
77	0.9951026009393613	1.6781173711934683	2.4217786009393616	1.6781173711934683	17.39872785666818	18.556076462774058	1.5073486061058774	3
78	0.9951026009393613	1.6781173711934683	0.9951026009393613	1.6781173711934683	10.050100866972665	16.248770979001325	6.54867011202866	4
79	2.008381306213439	2.977908108269729	0.5817053062134392	3.400438108269729	6.208310200465201	7.393866415830729	1.5355562153655282	3
80	0.5817053062134392	3.400438108269729	2.008381306213439	3.400438108269729	18.29111602503839	19.44846463114427	1.5073486061058774	3
81	0.5817053062134392	3.400438108269729	0.5817053062134392	3.400438108269729	9.592229865056956	16.874734027458352	7.632504162401396	4
82	2.7789637681809873	0.8856087276326536	1.7033637681809872	1.6057787276326536	6.54812564544887	7.644399287750855	1.446273642301985	3
83	1.7033637681809872	1.6057787276326536	2.7789637681809873	1.6057787276326536	16.87074559337866	17.866334052655667	1.3455884592770055	3
84	1.7033637681809872	1.6057787276326536	1.7033637681809872	1.6057787276326536	10.468252197990028	16.19967515379357	6.081422955803543	4
85	3.3268876359835815	0.8633723931284814	2.251287635983582	1.5835423931284813	7.587893404369014	8.684089619285123	1.446196214916109	3
86	2.251287635983582	1.5835423931284813	3.3268876359835815	1.5835423931284813	18.244490389191295	19.2400788484683	1.3455884592770055	3
87	2.251287635983582	1.5835423931284813	2.251287635983582	1.5835423931284813	10.550701236779691	16.754810380804408	6.554109144024716	4
88	1.0869766338194036	1.6974148381032435	0.28974663381940347	1.9683348381032435	7.632978891257998	8.520934226927114	1.2379553356691164	3
89	0.28974663381940347	1.9683348381032435	1.0869766338194036	1.9683348381032435	18.040313907782178	18.90764189903302	1.2173279912508428	3
90	0.28974663381940347	1.9683348381032435	0.28974663381940347	1.9683348381032435	9.728680432069593	17.74278622970261	8.364105797633016	4
91	1.2128378033016711	0.7624233712273373	0.415607803301671	1.0333433712273372	7.62242690604032	8.510381084899757	1.2379541788594373	3
92	0.415607803301671	1.0333433712273372	1.2128378033016711	1.0333433712273372	18.189224708210038	19.05655269946088	1.2173279912508428	3
93	0.415607803301671	1.0333433712273372	0.415607803301671	1.0333433712273372	10.307343767667046	16.13745186637097	6.180108098703924	4
94	1.0436464000418288	1.8345202871872843	0.24641640004182874	2.1054402871872844	7.7002320773374775	8.588187766426104	1.237955689088627	3
95	0.24641640004182874	2.1054402871872844	1.0436464000418288	2.1054402871872844	17.279352680078226	18.14668067132907	1.2173279912508428	3
96	0.24641640004182874	2.1054402871872844	0.24641640004182874	2.1054402871872844	9.012580343130848	17.238699721097042	8.576119377966194	4
97	1.7084610505821924	1.8284643859698146	1.7084610505821924	1.8284643859698146	6.922824213805229	7.422824213805229	0.85	3
98	1.7084610505821924	1.8284643859698146	1.7084610505821924	1.8284643859698146	18.031609660608915	18.531609660608915	0.85	3
99	1.7084610505821924	1.8284643859698146	1.7084610505821924	1.8284643859698146	10.183803184604098	15.964646495378895	6.130843310774797	4
100	1.928583141006508	1.6515001745399647	0.7131731410065079	1.8348001745399647	7.642125721507415	8.708461576184014	1.4163358546765994	3
101	0.7131731410065079	1.8348001745399647	1.928583141006508	1.8348001745399647	17.881825021003475	18.941831686390113	1.4100066653866379	3
102	0.7131731410065079	1.8348001745399647	0.7131731410065079	1.8348001745399647	10.666365983854352	15.246139795178506	4.929773811324154	4
103	3.1733911360573575	2.078581122642995	1.9579811360573571	2.261881122642995	7.278258115610029	8.344584696569624	1.4163265809595953	3
104	1.9579811360573571	2.261881122642995	3.1733911360573575	2.261881122642995	17.22170461049262	18.281711275879257	1.4100066653866379	3
105	1.9579811360573571	2.261881122642995	1.9579811360573571	2.261881122642995	9.752220098696759	17.282803079546337	7.880582980849578	4
106	2.1159801062277355	1.0233194425731753	1.8351201062277354	1.1966794425731755	7.764935719905033	8.416985163762357	1.0020494438573242	3
107	1.8351201062277354	1.1966794425731755	2.1159801062277355	1.1966794425731755	17.222602942106604	17.852010690965418	0.9794077488588137	3
108	1.8351201062277354	1.1966794425731755	1.8351201062277354	1.1966794425731755	10.450504074598074	16.991652338078122	6.891148263480048	4
109	3.0728072399672226	1.5129268692751194	2.7919472399672225	1.6862868692751196	7.248687818988412	7.900707284784117	1.0020194657957053	3
110	2.7919472399672225	1.6862868692751196	3.0728072399672226	1.6862868692751196	16.64238186470587	17.271789613564685	0.9794077488588137	3
111	2.7919472399672225	1.6862868692751196	2.7919472399672225	1.6862868692751196	10.221761256490138	16.623217279552843	6.751456023062705	4
112	4.048584418472263	1.4985596668308234	2.6411714184722634	2.252289666830823	7.046902846622203	8.282231076349513	1.5853282297273101	3
113	2.6411714184722634	2.252289666830823	4.048584418472263	2.252289666830823	17.53476736249207	18.683240438204628	1.498473075712559	3
114	2.6411714184722634	2.252289666830823	2.6411714184722634	2.252289666830823	9.499896414000586	16.572522156791177	7.42262574279059	4
115	3.3123405562552772	0.31280782543434205	3.164450556255277	1.1249378254343423	7.112273394693841	7.992032369369551	1.2297589746757098	3
116	3.164450556255277	1.1249378254343423	3.3123405562552772	1.1249378254343423	18.08547037672224	18.653611486096054	0.9181411093738155	3
117	3.164450556255277	1.1249378254343423	3.164450556255277	1.1249378254343423	10.635820564292159	15.82850485825807	5.542684293965911	4
118	2.1944352699811684	1.1348965281827645	1.3903792699811688	2.6653345281827647	6.821184495360439	8.117427391128116	1.6462428957676773	3
119	1.3903792699811688	2.6653345281827647	2.1944352699811684	2.6653345281827647	17.140024022661535	18.010497129962047	1.2204731073005122	3
120	1.3903792699811688	2.6653345281827647	1.3903792699811688	2.6653345281827647	10.814118419331844	16.586236188157766	6.122117768825921	4
121	1.7926768924939165	0.9347482924324051	1.3396968924939165	2.762826292432405	7.301442077964263	8.668904552446962	1.7174624744826992	3
122	1.3396968924939165	2.762826292432405	1.7926768924939165	2.762826292432405	17.158315515631458	17.8670284761031	1.0587129604716439	3
123	1.3396968924939165	2.762826292432405	1.3396968924939165	2.762826292432405	9.855735408250844	16.176865827474828	6.671130419223983	4
124	2.3316588388748234	1.7314159460042902	1.8786788388748235	3.55949394600429	6.859600258083082	8.226816353227495	1.7172160951444124	3
125	1.8786788388748235	3.55949394600429	2.3316588388748234	3.55949394600429	17.665003132223838	18.37371609269548	1.0587129604716439	3
126	1.8786788388748235	3.55949394600429	1.8786788388748235	3.55949394600429	10.15828347955126	15.67378877250674	5.865505292955479	4
127	1.9052486548296024	-1.4387082219589094	1.4330086548296022	-0.48366022195890945	7.100821747467483	8.091552860457217	1.3407311129897335	3
128	1.4330086548296022	-0.48366022195890945	1.9052486548296024	-0.48366022195890945	16.04586492365523	16.76345203225413	1.0675871085988988	3
129	1.4330086548296022	-0.48366022195890945	1.4330086548296022	-0.48366022195890945	9.761917190356154	17.120019305203982	7.7081021148478275	4
130	1.08583100917633	1.0646397370908829	0.6135910091763299	2.019687737090883	7.6190409467816735	8.609896048885878	1.340855102104204	3
131	0.6135910091763299	2.019687737090883	1.08583100917633	2.019687737090883	17.87324135574229	18.590828464341186	1.0675871085988953	3
132	0.6135910091763299	2.019687737090883	0.6135910091763299	2.019687737090883	10.148409553094185	15.832397210190893	6.0339876570967075	4
133	1.7381951854019335	0.5175298005268668	0.9012061854019335	1.6739078005268668	7.245811337523431	8.403421992018224	1.5076106544947927	3
134	0.9012061854019335	1.6739078005268668	1.7381951854019335	1.6739078005268668	17.9311559634815	18.816803126871054	1.2356471633895532	3
135	0.9012061854019335	1.6739078005268668	0.9012061854019335	1.6739078005268668	10.003615399591412	15.907450923028165	6.253835523436752	4
136	1.3115200709599288	1.3435934052994827	0.4745310709599288	2.4999714052994824	7.606308014744537	8.763980730277314	1.507672715532777	3
137	0.4745310709599288	2.4999714052994824	1.3115200709599288	2.4999714052994824	17.58233089745046	18.467978060840014	1.2356471633895532	3
138	0.4745310709599288	2.4999714052994824	0.4745310709599288	2.4999714052994824	9.185060886823399	16.083163156672494	7.248102269849095	4
139	0.8908489056978895	0.2732880705284845	0.9865389056978896	1.5172760705284845	7.122156369295639	8.1969469678642	1.4247905985685612	3
140	0.9865389056978896	1.5172760705284845	0.8908489056978895	1.5172760705284845	18.622952738475462	19.167042418345503	0.8940896798700407	3
141	0.9865389056978896	1.5172760705284845	0.9865389056978896	1.5172760705284845	10.05959931781549	15.69495019915347	5.985350881337979	4
142	0.8200560835348484	-0.007467908348112562	1.1618160835348483	1.2738000916518875	7.277496234460906	8.388401487234427	1.4609052527735211	3
143	1.1618160835348483	1.2738000916518875	0.8200560835348484	1.2738000916518875	17.212046434823705	17.869514184770257	1.0074677499465516	3
144	1.1618160835348483	1.2738000916518875	1.1618160835348483	1.2738000916518875	10.262889850254425	16.80302145458119	6.890131604326767	4
145	2.4324946293277865	-0.6739930355314623	2.4443046293277866	0.006410964468537728	7.2793376724900245	8.092600857879951	1.1632631853899267	3
146	2.4443046293277866	0.006410964468537728	2.4324946293277865	0.006410964468537728	17.636721196857476	18.142162717593866	0.8554415207363902	3
147	2.4443046293277866	0.006410964468537728	2.4443046293277866	0.006410964468537728	9.823298090614282	16.781659876576576	7.308361785962294	4
148	0.5209029640110239	-1.0027255333168603	0.721602964011024	0.7004624666831396	7.565550823679885	8.855687259674049	1.640136435994164	3
149	0.721602964011024	0.7004624666831396	0.5209029640110239	0.7004624666831396	17.3128786396983	17.905352239342122	0.9424735996438208	3
150	0.721602964011024	0.7004624666831396	0.721602964011024	0.7004624666831396	10.099947854753259	16.58583320594576	6.835885351192502	4
151	3.1886656796659194	0.4190505041077025	3.3893656796659197	2.1222385041077025	6.7425369372004	8.031435371011145	1.6388984338107453	3
152	3.3893656796659197	2.1222385041077025	3.1886656796659194	2.1222385041077025	18.46365924145882	19.05613284110264	0.9424735996438208	3
153	3.3893656796659197	2.1222385041077025	3.3893656796659197	2.1222385041077025	10.38695128906636	16.45161008800269	6.414658798936328	4
154	2.865897148702769	0.7193580443249388	1.3665211487027693	2.007460044324939	8.071302274471105	9.481801684697077	1.7604994102259721	3
155	1.3665211487027693	2.007460044324939	2.865897148702769	2.007460044324939	17.0055531571291	18.19639867750556	1.5408455203764597	3
156	1.3665211487027693	2.007460044324939	1.3665211487027693	2.007460044324939	10.553085152246892	16.161590147651133	5.95850499540424	4
157	2.602848190861894	-0.24797679054280475	1.4545481908618942	1.3377652094571952	7.287487756726548	8.6891960879614	1.7517083312348531	3
158	1.4545481908618942	1.3377652094571952	2.602848190861894	1.3377652094571952	17.491950799220977	18.521036172768564	1.3790853735475879	3
159	1.4545481908618942	1.3377652094571952	1.4545481908618942	1.3377652094571952	9.85458245677457	17.034257690617338	7.529675233842767	4
160	2.8333104446486503	0.40307474701159196	2.1081604446486506	2.1354567470115917	8.065416064180669	9.430038184133844	1.7146221199531753	3
161	2.1081604446486506	2.1354567470115917	2.8333104446486503	2.1354567470115917	18.455619503494894	19.28973624879493	1.1841167453000367	3
162	2.1081604446486506	2.1354567470115917	2.1081604446486506	2.1354567470115917	9.541290730909488	15.664261594993214	6.472970864083726	4
163	2.68853377824506	0.7308674638119341	1.4004237782450604	1.7797394638119342	7.937519838887227	9.202694687211057	1.61517484832383	3
164	1.4004237782450604	1.7797394638119342	2.68853377824506	1.7797394638119342	17.49362996786883	18.58713354752605	1.4435035796572202	3
165	1.4004237782450604	1.7797394638119342	1.4004237782450604	1.7797394638119342	9.354035888945354	16.89661367937111	7.892577790425756	4
166	2.202826705633007	0.6563562525845628	1.7082067056330072	2.117208252584563	7.726514461284229	8.936771361255001	1.560256899970772	3
167	1.7082067056330072	2.117208252584563	2.202826705633007	2.117208252584563	17.053300285204955	17.781199098637078	1.0778988134321232	3
168	1.7082067056330072	2.117208252584563	1.7082067056330072	2.117208252584563	10.486818397429879	16.29925040673868	6.1624320093088	4
169	-0.635160260132173	2.738309689009717	-0.635160260132173	2.738309689009717	6.947065483461575	7.447065483461575	0.85	3
170	-0.635160260132173	2.738309689009717	-0.635160260132173	2.738309689009717	16.696839329079573	17.196839329079573	0.85	3
171	-0.635160260132173	2.738309689009717	-0.635160260132173	2.738309689009717	10.059729174836379	16.357301056672675	6.647571881836296	4
172	0.2519961273727176	0.7031292806145584	0.0637201273727176	1.4618192806145585	7.947935433032406	8.808107478347942	1.2101720453155367	3
173	0.0637201273727176	1.4618192806145585	0.2519961273727176	1.4618192806145585	17.82535052201012	18.4120996971299	0.9367491751197811	3
174	0.0637201273727176	1.4618192806145585	0.0637201273727176	1.4618192806145585	11.123771318525701	15.14024955234762	4.366478233821919	4
175	-0.7622697236555356	0.9837750360967885	-0.9505457236555356	1.7424650360967886	7.77294553396426	8.633080966808302	1.2101354328440421	3
176	-0.9505457236555356	1.7424650360967886	-0.7622697236555356	1.7424650360967886	16.923463102894765	17.510212278014546	0.9367491751197811	3
177	-0.9505457236555356	1.7424650360967886	-0.9505457236555356	1.7424650360967886	9.46113293426282	16.816800546659252	7.705667612396432	4
178	3.146506962547215	1.6632515543659443	3.132216962547215	0.6821045543659443	7.406081357976735	8.357519664241355	1.3014383062646204	3
179	3.132216962547215	0.6821045543659443	3.146506962547215	0.6821045543659443	17.096964305524203	17.6035484995397	0.8565841940154953	3
180	3.132216962547215	0.6821045543659443	3.132216962547215	0.6821045543659443	9.896599887848401	16.657865489529353	7.111265601680952	4
181	1.2254801864519607	2.5936032338681345	1.8251101864519605	1.5919512338681345	8.110033103835208	9.147784703224978	1.38775159938977	3
182	1.8251101864519605	1.5919512338681345	1.2254801864519607	1.5919512338681345	17.54198378256297	18.318266515768876	1.1262827332059069	3
183	1.8251101864519605	1.5919512338681345	1.8251101864519605	1.5919512338681345	10.047514095724164	15.995709113217808	6.298195017493644	4
184	2.4921085553182634	2.266421804737366	1.371153555318263	2.9375018047373658	7.0410158337139785	8.14289045105665	1.4518746173426709	3
185	1.371153555318263	2.9375018047373658	2.4921085553182634	2.9375018047373658	17.189176443445753	18.205662461825128	1.366486018379375	3
186	1.371153555318263	2.9375018047373658	1.371153555318263	2.9375018047373658	10.622944223923716	17.462893394809598	7.189949170885882	4
187	1.6660156236388712	1.7730281010714943	0.5450606236388711	2.4441081010714942	7.488086234445143	8.590021525182474	1.4519352907373304	3
188	0.5450606236388711	2.4441081010714942	1.6660156236388712	2.4441081010714942	18.041500701889866	19.05798672026924	1.366486018379375	3
189	0.5450606236388711	2.4441081010714942	0.5450606236388711	2.4441081010714942	9.56294756323016	16.894062163339527	7.681114600109366	4
190	2.810471960396882	1.9091751573515647	1.6895169603968823	2.580255157351565	7.6033272937978555	8.705169727676969	1.4518424338791136	3
191	1.6895169603968823	2.580255157351565	2.810471960396882	2.580255157351565	16.87481470217789	17.891300720557265	1.366486018379375	3
192	1.6895169603968823	2.580255157351565	1.6895169603968823	2.580255157351565	8.85312906774884	16.549104056987755	8.045974989238914	4
193	0.5598491575895135	1.2193498450951168	-0.5611058424104866	1.8904298450951167	7.2570457669241994	8.359010622786494	1.4519648558622946	3
194	-0.5611058424104866	1.8904298450951167	0.5598491575895135	1.8904298450951167	17.300804559177468	18.317290577556843	1.366486018379375	3
195	-0.5611058424104866	1.8904298450951167	-0.5611058424104866	1.8904298450951167	10.083980487633088	16.624823326517717	6.890842838884629	4
196	0.8019896192928135	2.1406279943014566	-0.3189653807071865	2.8117079943014565	6.985772407985607	8.087735852778087	1.4519634447924799	3
197	-0.3189653807071865	2.8117079943014565	0.8019896192928135	2.8117079943014565	17.05064041026031	18.067126428639686	1.366486018379375	3
198	-0.3189653807071865	2.8117079943014565	-0.3189653807071865	2.8117079943014565	9.782181406556715	16.858520859532874	7.426339452976158	4
199	0.3839961788451256	1.1024354372903598	-0.7369588211548744	1.7735154372903597	6.868251738948971	7.970215841340282	1.4519641023913112	3
200	-0.7369588211548744	1.7735154372903597	0.3839961788451256	1.7735154372903597	18.157129433212294	19.17361545159167	1.366486018379375	3
201	-0.7369588211548744	1.7735154372903597	-0.7369588211548744	1.7735154372903597	10.205312026779918	16.065054514566473	6.209742487786555	4
202	2.850807912519957	0.93308792054578	2.920397912519957	0.51552492054578	7.454187509714339	8.148994809970862	1.0448073002565228	3
203	2.920397912519957	0.51552492054578	2.850807912519957	0.51552492054578	18.46772725183565	18.999791216953806	0.8820639651181551	3
204	2.920397912519957	0.51552492054578	2.920397912519957	0.51552492054578	9.6211434692307	16.574581151519865	7.3034376822891645	4
205	0.2516924666281597	0.2290824142822827	-0.1621475333718403	-0.3108905857177173	7.589813936764539	8.403274219770218	1.1634602830056786	3
206	-0.1621475333718403	-0.3108905857177173	0.2516924666281597	-0.3108905857177173	17.95485463392452	18.645533629821877	1.0406789958973577	3
207	-0.1621475333718403	-0.3108905857177173	-0.1621475333718403	-0.3108905857177173	9.707739767575974	17.091055514245507	7.733315746669533	4
208	0.8355721274936715	0.9312135915469499	-0.2015028725063286	2.1658775915469497	7.144399484701736	8.387321088515499	1.5929216038137635	3
209	-0.2015028725063286	2.1658775915469497	0.8355721274936715	2.1658775915469497	17.39883102139391	18.376668880639635	1.3278378592457245	3
210	-0.2015028725063286	2.1658775915469497	-0.2015028725063286	2.1658775915469497	10.142622588336849	16.24158814715338	6.44896555881653	4
211	1.949087920855102	0.9774576561715675	1.708615920855102	1.0308876561715676	7.4943913886057505	8.107889411245017	0.9634980226392663	3
212	1.708615920855102	1.0308876561715676	1.949087920855102	1.0308876561715676	17.309250273074863	17.920049034677003	0.9607987616021404	3
213	1.708615920855102	1.0308876561715676	1.708615920855102	1.0308876561715676	10.927083028641638	16.458993023635664	5.881909994994025	4
214	1.878220981333676	1.3786870461784322	1.637748981333676	1.4321170461784323	7.288600618051517	7.902098847285864	0.9634982292343469	3
215	1.637748981333676	1.4321170461784323	1.878220981333676	1.4321170461784323	18.4210840117736	19.03188277337574	0.9607987616021404	3
216	1.637748981333676	1.4321170461784323	1.637748981333676	1.4321170461784323	9.794904094361987	16.21894535572383	6.774041261361841	4
217	0.8489229127857462	0.7318385207608324	0.6084509127857461	0.7852685207608325	7.242458869705683	7.855959179805692	0.9635003101000089	3
218	0.6084509127857461	0.7852685207608325	0.8489229127857462	0.7852685207608325	17.048011900060583	17.658810661662724	0.9607987616021404	3
219	0.6084509127857461	0.7852685207608325	0.6084509127857461	0.7852685207608325	9.77228946758831	16.540235399941295	7.117945932352985	4
220	0.2017195035666468	2.488301057928695	0.08241950356664685	1.047954057928695	7.8182645508601905	8.98418252890608	1.51591797804589	3
221	0.08241950356664685	1.047954057928695	0.2017195035666468	1.047954057928695	17.88268711675259	18.437655230541868	0.904968113789279	3
222	0.08241950356664685	1.047954057928695	0.08241950356664685	1.047954057928695	9.641430765041076	15.800108758373792	6.508677993332716	4
223	0.6270815768762334	2.0791087487639084	0.5077815768762335	0.6387617487639082	8.208075646401396	9.373963221976458	1.515887575575063	3
224	0.5077815768762335	0.6387617487639082	0.6270815768762334	0.6387617487639082	16.567643110929964	17.122611224719243	0.904968113789279	3
225	0.5077815768762335	0.6387617487639082	0.5077815768762335	0.6387617487639082	9.845216252862611	15.840044525016342	6.34482827215373	4
226	1.0928501847351622	2.8324875747543308	0.4901201847351623	1.2697305747543308	7.071584456553886	8.343264303484025	1.6216798469301392	3
227	0.4901201847351623	1.2697305747543308	1.0928501847351622	1.2697305747543308	16.748759021972106	17.526470096776894	1.1277110748047883	3
228	0.4901201847351623	1.2697305747543308	0.4901201847351623	1.2697305747543308	10.059239244126145	16.107007034320084	6.397767790193939	4
229	1.9519613417343782	1.9319928938543305	1.3492313417343782	0.3692358938543306	7.522695194182767	8.794160372609607	1.6214651784268397	3
230	1.3492313417343782	0.3692358938543306	1.9519613417343782	0.3692358938543306	17.316454132670117	18.094165207474905	1.1277110748047883	3
231	1.3492313417343782	0.3692358938543306	1.3492313417343782	0.3692358938543306	9.893506931199958	16.201182296039416	6.6576753648394575	4
232	2.7360564526990756	2.1654016775805833	2.133326452699076	0.6026446775805834	8.483380995272835	9.754518479309269	1.6211374840364337	3
233	2.133326452699076	0.6026446775805834	2.7360564526990756	0.6026446775805834	17.279373125549093	18.05708420035388	1.1277110748047883	3
234	2.133326452699076	0.6026446775805834	2.133326452699076	0.6026446775805834	9.704416720758374	16.473527067343152	7.119110346584778	4
235	1.6010741487479674	0.37867481749453247	0.9983441487479674	-1.1840821825054675	7.238025998733001	8.509597096931953	1.6215710981989528	3
236	0.9983441487479674	-1.1840821825054675	1.6010741487479674	-1.1840821825054675	17.68549782462422	18.46320889942901	1.1277110748047883	3
237	0.9983441487479674	-1.1840821825054675	0.9983441487479674	-1.1840821825054675	10.201712999543187	16.808383294920986	6.9566702953777995	4
238	0.8973370568443899	2.8747934442843777	0.2946070568443899	1.3120364442843777	7.719421769830278	8.991129374917424	1.621707605087146	3
239	0.2946070568443899	1.3120364442843777	0.8973370568443899	1.3120364442843777	17.916632059537033	18.69434313434182	1.1277110748047883	3
240	0.2946070568443899	1.3120364442843777	0.2946070568443899	1.3120364442843777	10.570180860465937	16.950726339692412	6.730545479226475	4
241	2.976327901710862	3.256845116505341	2.3735979017108617	1.6940881165053412	7.938351470313457	9.209363379287666	1.6210119089742094	3
242	2.3735979017108617	1.6940881165053412	2.976327901710862	1.6940881165053412	17.687524723034212	18.465235797839	1.1277110748047883	3
243	2.3735979017108617	1.6940881165053412	2.3735979017108617	1.6940881165053412	9.784922554367633	16.872605339371695	7.437682785004062	4
244	1.6192411685205879	3.727419751833854	1.0165111685205879	2.1646627518338546	7.358040187283279	8.629606419817334	1.6215662325340552	3
245	1.0165111685205879	2.1646627518338546	1.6192411685205879	2.1646627518338546	17.54180545141045	18.31951652621524	1.1277110748047883	3
246	1.0165111685205879	2.1646627518338546	1.0165111685205879	2.1646627518338546	9.999702710135978	16.27326447432824	6.623561764192262	4
247	0.15149440141760273	2.3290100684137673	0.6461144014176026	0.8681580684137673	8.01263799594242	9.223250757416126	1.5606127614737066	3
248	0.6461144014176026	0.8681580684137673	0.15149440141760273	0.8681580684137673	17.274486421451925	18.00238523488405	1.0778988134321232	3
249	0.6461144014176026	0.8681580684137673	0.6461144014176026	0.8681580684137673	10.403031049864234	17.5576463474127	7.504615297548465	4
250	1.1953870549946322	0.4084838004091307	1.690007054994632	-1.0523681995908691	7.852514495729601	9.062940593440882	1.560426097711281	3
251	1.690007054994632	-1.0523681995908691	1.1953870549946322	-1.0523681995908691	17.876301958600017	18.60420077203214	1.0778988134321232	3
252	1.690007054994632	-1.0523681995908691	1.690007054994632	-1.0523681995908691	10.617830698345387	16.54155478982828	6.273724091482892	4
253	1.4318678132749065	1.7755836992278047	1.7574678132749066	-0.03075130077219529	8.038896344701488	9.3842695008719	1.6953731561704122	3
254	1.7574678132749066	-0.03075130077219529	1.4318678132749065	-0.03075130077219529	17.287029253262634	17.937051196680812	1.000021943418178	3
255	1.7574678132749066	-0.03075130077219529	1.7574678132749066	-0.03075130077219529	9.540318694727848	16.23099628934845	7.040677594620602	4
256	-0.8077344006752024	2.9028522980144507	0.45116259932479763	2.177712298014451	6.924135147146671	8.093519826805657	1.519384679658986	3
257	0.45116259932479763	2.177712298014451	-0.8077344006752024	2.177712298014451	17.74758694589534	18.82763047938218	1.4300435334868404	3
258	0.45116259932479763	2.177712298014451	0.45116259932479763	2.177712298014451	10.496057388622384	16.74547782873372	6.599420440111334	4
259	1.5627192521013764	3.4339541081729976	2.4034362521013763	2.6211941081729977	7.555151088195211	8.593778035368365	1.388626947173154	3
260	2.4034362521013763	2.6211941081729977	1.5627192521013764	2.6211941081729977	17.522173556215915	18.409538415566963	1.237364859351049	3
261	2.4034362521013763	2.6211941081729977	2.4034362521013763	2.6211941081729977	9.389949902841707	16.504904826273386	7.464954923431678	4
262	0.9401776292337655	2.636596982570171	2.4693746292337657	1.7766169825701714	7.443401271706615	8.751670513683102	1.658269241976487	3
263	2.4693746292337657	1.7766169825701714	0.9401776292337655	1.7766169825701714	17.051231893376478	18.25581759917884	1.5545857058023622	3
264	2.4693746292337657	1.7766169825701714	2.4693746292337657	1.7766169825701714	9.128990527718795	17.29960380670356	8.520613278984763	4
265	0.30804166132217026	1.3762577952218822	2.08330866132217	0.5535577952218824	7.346918727892402	8.748406248318613	1.751487520426211	3
266	2.08330866132217	0.5535577952218824	0.30804166132217026	0.5535577952218824	17.532114354372716	18.850078130251585	1.6679637758788695	3
267	2.08330866132217	0.5535577952218824	2.08330866132217	0.5535577952218824	10.194371271980556	16.14292179522024	6.298550523239683	4
268	0.03309847262426854	1.5395679773512545	0.6818124726242685	1.2972379773512546	6.704745012599174	7.523816272401952	1.1690712598027777	3
269	0.6818124726242685	1.2972379773512546	0.03309847262426854	1.2972379773512546	17.808519461148148	18.60741791017327	1.1488984490251242	3
270	0.6818124726242685	1.2972379773512546	0.6818124726242685	1.2972379773512546	10.334817684030163	17.613928733363398	7.629111049333234	4
