ID 		 Origin_X 			 Origin_Y 		 Destination_X 		 Destination_Y 		 E_time 			 L_time 			 Max_Walk
1	1.823520224063199	2.3181048397799286	1.448214224063199	1.5755648397799287	6.647243668780028	7.530466094963256	0.804
2	1.448214224063199	1.5755648397799287	1.823520224063199	2.3181048397799286	18.041730122740297	18.924952548923525	0.804
3	1.7737450382541469	3.9696855190313047	1.398439038254147	3.2271455190313048	10.602819974758532	11.486049857926039	0.804
4	0.5572281453039675	3.723177238588166	0.5329981453039675	3.278277238588166	7.145583521253269	7.850868095959993	0.804
5	0.5329981453039675	3.278277238588166	0.5572281453039675	3.723177238588166	18.381125427211312	19.086410001918036	0.804
6	1.282892570767554	1.792038157620893	1.258662570767554	1.347138157620893	13.596476769798311	14.301720265408164	0.804
7	0.42221187358023404	2.9342721072148406	0.6763518735802341	2.0401221072148408	7.385136571371595	8.313420154249517	0.804
8	0.6763518735802341	2.0401221072148408	0.42221187358023404	2.9342721072148406	16.593900656462598	17.52218423934052	0.804
9	2.718776858680113	2.7986278379072993	2.9729168586801134	1.9044778379072995	14.403589943590218	15.331403017185641	0.804
10	0.9365119448354702	2.249154733627236	0.5282729448354702	1.1325547336272361	7.101540764474401	8.14928677007441	0.804
11	0.5282729448354702	1.1325547336272361	0.9365119448354702	2.249154733627236	17.549078188603367	18.596824194203375	0.804
12	0.5755284335063849	3.6974332021865344	0.16728943350638492	2.5808332021865343	10.297490911632163	11.345266242089028	0.804
13	0.03160631323154628	2.2604201740361978	-0.13243368676845368	1.278650174036198	7.721857044090335	8.680483409210426	0.804
14	-0.13243368676845368	1.278650174036198	0.03160631323154628	2.2604201740361978	17.495313735497046	18.45394010061714	0.804
15	0.8298342258066168	2.152438464469239	0.6657942258066168	1.1706684644692391	10.421713081104283	11.380301615943644	0.804
16	1.0859551051449796	3.2047443733584267	1.6103951051449796	2.175754373358427	7.20078975553336	8.232810416901136	0.804
17	1.6103951051449796	2.175754373358427	1.0859551051449796	3.2047443733584267	17.303301935482374	18.33532259685015	0.804
18	1.9677417530404815	2.2383328779186624	2.4921817530404815	1.2093428779186626	15.888038977667453	16.919856692857227	0.804
19	2.0384585295927393	2.3028616213526076	2.8089685295927396	1.311151621352608	7.336964960543636	8.41528187810935	0.804
20	2.8089685295927396	1.311151621352608	2.0384585295927393	2.3028616213526076	17.386494219879133	18.464811137444848	0.804
21	-0.36590827400100623	3.1044966822585596	0.4046017259989938	2.1127866822585597	14.677559905916445	15.756199559606909	0.804
22	-0.34021620124318575	1.8815122648973657	-0.6962592012431857	1.4701722648973656	7.1953347701012875	7.945992808746471	0.804
23	-0.6962592012431857	1.4701722648973656	-0.34021620124318575	1.8815122648973657	16.935379848852566	17.68603788749775	0.804
24	0.15986666898476343	2.2119532308323357	-0.19617633101523657	1.8006132308323357	14.328502097462426	15.079165990720755	0.804
25	1.0729612074318478	2.433305682043654	0.7169182074318476	2.021965682043654	6.597032631440795	7.347679051642409	0.804
26	0.7169182074318476	2.021965682043654	1.0729612074318478	2.433305682043654	17.183989025956624	17.93463544615824	0.804
27	-0.30865183642059235	3.3198389113230005	-0.6646948364205923	2.9084989113230004	11.38277081900994	12.133429549951748	0.804
28	0.2947140029666441	3.0814548572502067	0.1306740029666441	1.121648857250207	8.1762163010384	9.58235858143054	0.804
29	0.1306740029666441	1.121648857250207	0.2947140029666441	3.0814548572502067	17.792134025196162	19.198276305588305	0.804
30	0.3411462066163522	2.2859912393181707	0.17710620661635224	0.32618523931817056	12.559202048772898	13.965341326341383	0.804
31	0.10080062487378605	1.1121760276824424	0.451876624873786	1.4098160276824423	7.031336556084294	7.743404977717392	0.804
32	0.451876624873786	1.4098160276824423	0.10080062487378605	1.1121760276824424	17.3483991027684	18.0604675244015	0.804
33	0.6045584397600858	0.19046161859890143	0.9556344397600858	0.48810161859890133	12.61541062468935	13.327471858165286	0.804
34	0.3153646573868074	0.301140805313328	0.6471806573868073	-0.2742491946866721	8.132499109676269	8.93852920381504	0.804
35	0.6471806573868073	-0.2742491946866721	0.3153646573868074	0.301140805313328	17.363897622882224	18.169927717020993	0.804
36	1.1138269039310018	2.356369607732434	1.4456429039310017	1.780979607732434	10.098500258898133	10.90448117172042	0.804
37	1.0657966202480058	3.5631626725664667	1.3976126202480057	2.9877726725664666	7.217526848908034	8.023511980614781	0.804
38	1.3976126202480057	2.9877726725664666	1.0657966202480058	3.5631626725664667	18.606084453171846	19.412069584878594	0.804
39	0.3956530756419086	0.14795029431270112	0.7274690756419084	-0.42743970568729894	12.700006347027067	13.506033512444763	0.804
40	-0.3731278533129989	1.9013063942542159	0.25631814668700104	1.7496963942542159	7.157309926535385	7.955624593596129	0.804
41	0.25631814668700104	1.7496963942542159	-0.3731278533129989	1.9013063942542159	17.605530610262825	18.40384527732357	0.804
42	-0.346715156905401	2.122587239279466	0.28273084309459895	1.9709772392794658	11.322057431512091	12.120372104521538	0.804
43	1.1740961958691292	2.9173172851657774	2.600772195869129	2.4947872851657773	8.225276500128722	9.410816847133832	0.804
44	2.600772195869129	2.4947872851657773	1.1740961958691292	2.9173172851657774	18.516271129786304	19.701811476791413	0.804
45	0.9237144576931801	2.614710166296947	2.3503904576931802	2.192180166296947	12.61436581328086	13.799913587318114	0.804
46	1.7279530479875769	3.053200693817298	3.154629047987577	2.630670693817298	7.567381930288547	8.75290210578442	0.804
47	3.154629047987577	2.630670693817298	1.7279530479875769	3.053200693817298	17.679254077055333	18.864774252551207	0.804
48	1.3668024263878251	3.3377464721281394	2.793478426387825	2.9152164721281393	10.993053546199478	12.178587459377564	0.804
49	1.6999416799219365	2.985120103877582	3.1266176799219365	2.562590103877582	7.3087051405821954	8.494226459936414	0.804
50	3.1266176799219365	2.562590103877582	1.6999416799219365	2.985120103877582	18.037102400866008	19.222623720220227	0.804
51	1.0929663671430632	0.5977871671373427	2.519642367143063	0.17525716713734263	15.300180571741148	16.485723440712924	0.804
52	1.5531206942421518	2.933071100699872	1.3319116942421516	3.317701100699872	8.213104073571943	8.91749450486208	0.804
53	1.3319116942421516	3.317701100699872	1.5531206942421518	2.933071100699872	18.62594266719585	19.330333098485987	0.804
54	-0.5444838584514176	0.9723255905059324	-0.7656928584514177	1.3569555905059323	11.691581712535847	12.39601078734042	0.804
55	0.4452047071277385	2.068551561687388	0.4122717071277384	1.6944915616873877	7.891754787562432	8.564766814301894	0.804
56	0.4122717071277384	1.6944915616873877	0.4452047071277385	2.068551561687388	17.267406626524405	17.940418653263865	0.804
57	0.2340994890478757	1.6553537498530724	0.2011664890478756	1.2812937498530723	14.605442334802978	15.27845792966385	0.804
58	0.22831512858536562	0.9723437465071204	0.4395811285853656	0.7331137465071204	7.912147586099217	8.559201688305127	0.804
59	0.4395811285853656	0.7331137465071204	0.22831512858536562	0.9723437465071204	17.461687786937045	18.108741889142955	0.804
60	1.4826142347511557	2.2573269867062074	1.6938802347511555	2.0180969867062073	15.581500975562202	16.228524742450407	0.804
61	1.859316946773145	2.891127060328201	2.070582946773145	2.651897060328201	7.606895008043572	8.253901937639245	0.804
62	2.070582946773145	2.651897060328201	1.859316946773145	2.891127060328201	16.2808062957446	16.927813225340273	0.804
63	1.1522934017886337	0.31561305532450756	1.3635594017886337	0.07638305532450751	13.594073998783461	14.241109593628357	0.804
64	1.9930495509992812	3.1542755296731753	2.204315550999281	2.915045529673175	6.692594703691141	7.3395947979821035	0.804
65	2.204315550999281	2.915045529673175	1.9930495509992812	3.1542755296731753	17.600340982859908	18.24734107715087	0.804
66	0.5963889880362563	2.807283533012588	0.8076549880362562	2.5680535330125878	15.403068007121448	16.05011731106589	0.804
67	1.792828727640124	0.49687575043589405	2.6925747276401237	0.21042575043589418	7.98829539269936	8.923329736244662	0.804
68	2.6925747276401237	0.21042575043589418	1.792828727640124	0.49687575043589405	16.843679865200386	17.77871420874569	0.804
69	0.2778800620574138	1.6990667743019345	1.1776260620574137	1.4126167743019347	14.756367434475838	15.691429207678503	0.804
70	-0.22358309921826258	1.0739102689864413	0.9222329007817374	0.8247402689864415	7.834536018755033	8.874814772422482	0.804
71	0.9222329007817374	0.8247402689864415	-0.22358309921826258	1.0739102689864413	17.187761920982172	18.228040674649623	0.804
72	1.2571436159829248	1.1943489774506255	2.4029596159829247	0.9451789774506255	11.85760861461134	12.897875380804457	0.804
73	1.5841713280036176	3.3517044725720617	2.4000373280036174	2.5016704725720618	7.55838386861033	8.601080480635636	0.804
74	2.4000373280036174	2.5016704725720618	1.5841713280036176	3.3517044725720617	17.171878148566883	18.21457476059219	0.804
75	0.9098918996531787	0.8728567919721388	1.7257578996531786	0.02282279197213888	15.41675913108458	16.459551765435634	0.804
76	1.0469473652428956	1.5481875002220118	1.0662103652428954	1.8793875002220117	8.464069749560892	9.116903907545765	0.804
77	1.0662103652428954	1.8793875002220117	1.0469473652428956	1.5481875002220118	17.72345238198957	18.376286539974444	0.804
78	2.2463107730260066	0.9049809191764382	2.2655737730260066	1.2361809191764381	11.415762871546077	12.068504858655908	0.804
79	0.939809481787794	0.965255692530198	1.5978454817877938	1.112525692530198	7.312352711491802	8.123042939809109	0.804
80	1.5978454817877938	1.112525692530198	0.939809481787794	0.965255692530198	18.304165398547784	19.11485562686509	0.804
81	2.539439497785877	1.7845944019921018	3.197475497785877	1.9318644019921019	10.814359199212635	11.625034503442057	0.804
82	1.258339958374969	1.8361367102039265	2.263095958374969	2.0088867102039267	7.706837868790384	8.67657071990892	0.804
83	2.263095958374969	2.0088867102039267	1.258339958374969	1.8361367102039265	17.24950681761993	18.219239668738467	0.804
84	0.25525473683384603	0.32655709846313297	1.260010736833846	0.4993070984631329	11.558129041727586	12.527867080403325	0.804
85	0.08701617078341806	1.9796026359049261	0.298282170783418	0.7623366359049262	7.945404786208508	9.01464773075541	0.804
86	0.298282170783418	0.7623366359049262	0.08701617078341806	1.9796026359049261	17.017151049592687	18.086393994139588	0.804
87	0.8597344044939693	0.488202763988848	1.0710004044939694	-0.729063236011152	14.838461493627687	15.907629123761366	0.804
88	0.7764572703913364	2.4590835530827473	2.055243270391336	2.848683553082747	6.378132464397007	7.494061359825309	0.804
89	2.055243270391336	2.848683553082747	0.7764572703913364	2.4590835530827473	17.565704821842967	18.681633717271268	0.804
90	0.36387263366176953	2.501970336206184	1.6426586336617692	2.891570336206184	15.842140355072885	16.958077201921288	0.804
91	1.6326950135332434	0.29213492148145437	0.9951640135332434	0.9445749214814545	7.43675010613366	8.356997259666601	0.804
92	0.9951640135332434	0.9445749214814545	1.6326950135332434	0.29213492148145437	17.231156143020993	18.151403296553934	0.804
93	0.5928595638732014	1.1206114966952097	-0.04467143612679858	1.7730514966952098	13.894584144996243	14.814885370192822	0.804
94	0.37346966312716257	2.648631348883718	0.37346966312716257	2.648631348883718	7.82965947504056	8.329659475040561	0.804
95	0.37346966312716257	2.648631348883718	0.37346966312716257	2.648631348883718	17.254707232100692	17.754707232100692	0.804
96	2.813885949324699	1.150700129181437	2.813885949324699	1.150700129181437	13.350583174700015	13.850583174700015	0.804
97	0.13524561406019697	-0.12868455738818296	0.13524561406019697	-0.12868455738818296	7.596812743404712	8.096812743404712	0.804
98	0.13524561406019697	-0.12868455738818296	0.13524561406019697	-0.12868455738818296	17.419044968050073	17.919044968050073	0.804
99	0.2951463250040346	0.5903056039488266	0.2951463250040346	0.5903056039488266	11.488356271715602	11.988356271715602	0.804
100	0.32537449148799735	0.9313175075366873	0.32537449148799735	0.9313175075366873	8.070492505688954	8.570492505688954	0.804
101	0.32537449148799735	0.9313175075366873	0.32537449148799735	0.9313175075366873	16.653989986735397	17.153989986735397	0.804
102	1.4846181973618742	2.505907531951018	1.4846181973618742	2.505907531951018	15.086326248161214	15.586326248161214	0.804
103	0.54123792917524	0.8679225921636322	0.8388679291752401	1.2917025921636323	7.618973495943177	8.35756588237873	0.804
104	0.8388679291752401	1.2917025921636323	0.54123792917524	0.8679225921636322	17.698807353120607	18.43739973955616	0.804
105	2.2122974827236863	2.5881245162975484	2.509927482723686	3.011904516297548	11.01088132201035	11.749349658231408	0.804
106	-0.18093924048543175	2.2656849846536407	0.11669075951456831	2.6894649846536405	8.090857344040435	8.829461293855978	0.804
107	0.11669075951456831	2.6894649846536405	-0.18093924048543175	2.2656849846536407	17.278386546903537	18.016990496719078	0.804
108	0.290027452557448	-0.01278648310775643	0.5876574525574481	0.4109935168922436	12.933004216787193	13.671603504817545	0.804
109	-0.3575344536829279	1.086116169701565	-0.05990445368292785	1.5098961697015651	7.454940499502186	8.193543414209117	0.804
110	-0.05990445368292785	1.5098961697015651	-0.3575344536829279	1.086116169701565	16.932473551699943	17.671076466406873	0.804
111	0.29598352785614623	-0.18379092621965798	0.5936135278561463	0.23998907378034207	11.038083368942752	11.77668252888755	0.804
112	0.2218527252298348	2.720366241216522	1.316712725229835	2.873226241216522	6.740846298466199	7.750200803485303	0.804
113	1.316712725229835	2.873226241216522	0.2218527252298348	2.720366241216522	17.903850331869712	18.913204836888816	0.804
114	-0.4097566481623267	0.5040980536812537	0.6851033518376735	0.6569580536812537	15.816928967250634	16.82628432197302	0.804
115	-0.3270422591018525	0.714404818942621	0.7678177408981477	0.867264818942621	6.936731990977592	7.94608730176663	0.804
116	0.7678177408981477	0.867264818942621	-0.3270422591018525	0.714404818942621	17.763199375293564	18.7725546860826	0.804
117	2.3266975138629036	2.468651106821383	3.421557513862904	2.6215111068213828	10.907446844168788	11.916789983326694	0.804
118	1.3972347119681636	1.7433838263896486	1.9508747119681638	1.0511768263896486	7.131320673010885	8.039617287125775	0.804
119	1.9508747119681638	1.0511768263896486	1.3972347119681636	1.7433838263896486	17.46635490828612	18.37465152240101	0.804
120	1.1595380115906464	0.48919782397071	1.7131780115906465	-0.20300917602928992	13.646006322598668	14.55433097719246	0.804
121	2.4712475583188223	1.0699439538423694	2.5414575583188226	0.25532695384236953	7.97931452266223	8.855687399589465	0.804
122	2.5414575583188226	0.25532695384236953	2.4712475583188223	1.0699439538423694	16.805959950010163	17.682332826937397	0.804
123	0.31887400970513613	0.46168032106553736	0.38908400970513624	-0.35293667893446257	11.80636361866743	12.683087094686465	0.804
124	1.3726608567663459	1.8262914333063638	2.5402208567663456	1.1135794333063638	7.521106616780451	8.651271911206795	0.804
125	2.5402208567663456	1.1135794333063638	1.3726608567663459	1.8262914333063638	16.870344580391826	18.00050987481817	0.804
126	1.028342220456879	-0.06501798361617772	2.1959022204568788	-0.7777299836161776	14.714278931104094	15.844476231741986	0.804
127	0.24303611439894002	0.07857591451038348	-0.12171288560105997	0.2799059145103835	7.369530633610589	8.061492296214494	0.804
128	-0.12171288560105997	0.2799059145103835	0.24303611439894002	0.07857591451038348	17.282195610392403	17.974157272996308	0.804
129	2.453388458256119	1.3602403135105665	2.088639458256119	1.5615703135105665	13.10551109322816	13.797437582525507	0.804
130	2.879155124553264	1.6945059878789592	2.514406124553264	1.8958359878789592	7.902148862991307	8.59406092601063	0.804
131	2.514406124553264	1.8958359878789592	2.879155124553264	1.6945059878789592	17.645319576417446	18.33723163943677	0.804
132	1.4814538980709266	2.627926656025032	1.1167048980709267	2.8292566560250316	13.485923303624569	14.177873470587729	0.804
133	1.4266602311036793	0.19192278478512015	1.3061102311036794	0.5280827847851202	7.347775982354605	8.012280195520589	0.804
134	1.3061102311036794	0.5280827847851202	1.4266602311036793	0.19192278478512015	18.171008646628994	18.835512859794978	0.804
135	2.640236658256341	1.9971247350815784	2.519686658256341	2.3332847350815786	12.47775416375892	13.142152058392599	0.804
136	0.5980834769918121	2.65813882369763	1.4120834769918122	2.9843588236976304	7.2012424483202935	8.105286002091713	0.804
137	1.4120834769918122	2.9843588236976304	0.5980834769918121	2.65813882369763	17.522196295116764	18.426239848888184	0.804
138	0.6811284537276966	0.4359458257484534	1.4951284537276965	0.7621658257484536	13.502466334237331	14.406508407861617	0.804
139	0.7667681305173283	0.729355184038789	1.2508181305173283	0.4547111840387891	7.1902282131963995	7.946645874432675	0.804
140	1.2508181305173283	0.4547111840387891	0.7667681305173283	0.729355184038789	17.288092253723768	18.04450991496004	0.804
141	0.48436936329584945	1.707192920217998	0.9684193632958495	1.4325489202179982	12.910277555587989	13.66669987698533	0.804
142	1.2830725061625226	2.877535953262286	1.7671225061625226	2.6028919532622856	7.452435696783243	8.208840918014149	0.804
143	1.7671225061625226	2.6028919532622856	1.2830725061625226	2.877535953262286	17.507353265085612	18.26375848631652	0.804
144	0.372542537203575	0.805985379240346	0.8565925372035751	0.5313413792403461	12.231956344990403	12.988380092577222	0.804
145	2.014733522614296	0.3867631749956839	1.7021805226142959	1.293353174995684	6.842448920451496	7.784084385799612	0.804
146	1.7021805226142959	1.293353174995684	2.014733522614296	0.3867631749956839	17.404665186460445	18.346300651808562	0.804
147	2.7767090382901225	1.1475855885392159	2.4641560382901226	2.054175588539216	11.817746804447191	12.759177063022282	0.804
148	-0.24724983828723457	1.3222569406228226	-0.5598028382872345	2.2288469406228226	7.744337496551954	8.686170890949162	0.804
149	-0.5598028382872345	2.2288469406228226	-0.24724983828723457	1.3222569406228226	17.223326263886662	18.16515965828387	0.804
150	1.4206771553290574	0.6571917000303248	1.1081241553290575	1.563781700030325	13.3790271668323	14.32077419944738	0.804
151	1.7641880093736744	0.5643650372770191	1.4516350093736743	1.4709550372770193	7.735780379528003	8.677468072944066	0.804
152	1.4516350093736743	1.4709550372770193	1.7641880093736744	0.5643650372770191	17.418060887634	18.359748581050063	0.804
153	2.0855830185735575	0.5029483815627391	1.7730300185735575	1.4095383815627391	15.24695837121496	16.188577698712635	0.804
154	1.4478296460760296	2.077914403905159	1.7740496460760296	2.8005744039051588	7.5612007113014625	8.42640355957484	0.804
155	1.7740496460760296	2.8005744039051588	1.4478296460760296	2.077914403905159	16.704108075184923	17.5693109234583	0.804
156	-0.15698429476048625	1.935400307674824	0.1692357052395137	2.658060307674824	11.03183526031934	11.897158051342862	0.804
157	-0.11575509096969072	0.8031994757613444	0.5571849090303094	1.5513394757613446	7.19307636885821	8.156713253067966	0.804
158	0.5571849090303094	1.5513394757613446	-0.11575509096969072	0.8031994757613444	17.886429873178894	18.85006675738865	0.804
159	1.1758451111328558	1.6240369514506618	1.848785111132856	2.372176951450662	10.909855063002576	11.873404581394286	0.804
160	0.7070057316304483	2.1776895068535946	1.3799457316304484	2.9258295068535944	7.281928402632887	8.245524686988606	0.804
161	1.3799457316304484	2.9258295068535944	0.7070057316304483	2.1776895068535946	16.701626409591324	17.66522269394704	0.804
162	0.9579339963265207	2.340246088946426	1.6308739963265206	3.0883860889464256	11.230462281545316	12.194035669456868	0.804
163	1.43510714376778	0.1946656764228436	1.31455714376778	-0.4472103235771563	8.018475563757463	8.819310271538104	0.804
164	1.31455714376778	-0.4472103235771563	1.43510714376778	0.1946656764228436	17.294572194677755	18.095406902458397	0.804
165	1.8161209852220404	1.1776560147336903	1.6955709852220404	0.5357800147336904	10.506484419005682	11.307266325722667	0.804
166	1.0330885985045288	0.4744659156429588	-0.3935874014954712	0.8969959156429589	7.774380836478801	8.959950312158215	0.804
167	-0.3935874014954712	0.8969959156429589	1.0330885985045288	0.4744659156429588	18.218374526264753	19.40394400194417	0.804
168	3.023503992841249	1.1075285806001829	1.596827992841249	1.530058580600183	12.34420557316934	13.52973098973296	0.804
169	1.1563998406567915	2.1465433486443097	-0.2702761593432086	2.56907334864431	7.097969548282205	8.283538231855225	0.804
170	-0.2702761593432086	2.56907334864431	1.1563998406567915	2.1465433486443097	17.928521828793205	19.114090512366225	0.804
171	3.223841174471869	2.8964208676052965	1.797165174471869	3.3189508676052966	12.487662257207583	13.673179549919952	0.804
172	1.9154754266876486	0.3311281441505831	0.4887994266876485	0.7536581441505832	6.784690290358362	7.970248458890339	0.804
173	0.4887994266876485	0.7536581441505832	1.9154754266876486	0.3311281441505831	17.613014345669097	18.798572514201073	0.804
174	1.0249036301473435	1.4167237836523046	-0.4017723698526565	1.8392537836523046	10.557786786831805	11.743356306025435	0.804
175	2.1576082707741446	0.9224638025076626	1.0820082707741445	1.6426338025076626	8.020046873737115	9.116387937192142	0.804
176	1.0820082707741445	1.6426338025076626	2.1576082707741446	0.9224638025076626	18.03457569504202	19.130916758497047	0.804
177	1.1107003136355573	1.3168814212583602	0.03510031363555721	2.03705142125836	14.746781717162994	15.843187317475726	0.804
178	0.5874249296983529	1.8829917132643477	-0.4881750703016472	2.6031617132643476	7.480697451609644	8.577112211900602	0.804
179	-0.4881750703016472	2.6031617132643476	0.5874249296983529	1.8829917132643477	17.302531812075028	18.398946572365986	0.804
180	2.4947078243131044	2.0625083381523592	1.4191078243131041	2.782678338152359	14.681204274750746	15.777511450478157	0.804
181	2.3571924626380167	1.3202740366097327	1.5599624626380164	1.5911940366097328	7.003518565214667	7.891453340857881	0.804
182	1.5599624626380164	1.5911940366097328	2.3571924626380167	1.3202740366097327	18.07181568635268	18.959750461995892	0.804
183	1.1126312140232402	2.4159443603224293	0.31540121402324006	2.6868643603224296	10.31792039469843	11.205875510294199	0.804
184	3.858557741529087	1.1078034522815665	3.0613277415290865	1.3787234522815668	7.8474810344946455	8.735366116432127	0.804
185	3.0613277415290865	1.3787234522815668	3.858557741529087	1.1078034522815665	16.703626931428648	17.591512013366128	0.804
186	3.268877512304991	0.45339334480296956	2.4716475123049912	0.7243133448029696	15.251066115284067	16.13897398958884	0.804
187	1.7344554984288898	0.4552417256847582	1.7344554984288898	0.4552417256847582	7.385591001506145	7.885591001506145	0.804
188	1.7344554984288898	0.4552417256847582	1.7344554984288898	0.4552417256847582	17.289818452457187	17.789818452457187	0.804
189	1.1820295319676142	0.2289943743190619	1.1820295319676142	0.2289943743190619	11.011845607785549	11.511845607785549	0.804
190	2.9702850490707045	0.33037750419975453	1.9456350490707042	-0.6370994958002454	7.992059038675021	9.141082102551346	0.804
191	1.9456350490707042	-0.6370994958002454	2.9702850490707045	0.33037750419975453	17.175042963388986	18.32406602726531	0.804
192	1.6218557974510701	1.816117542439358	0.5972057974510699	0.8486405424393582	14.327357654136073	15.476604855984808	0.804
193	2.181238495948662	1.2510181399718152	0.5333534959486618	2.0581781399718153	7.606959946896015	8.952370280002517	0.804
194	0.5333534959486618	2.0581781399718153	2.181238495948662	1.2510181399718152	16.84945976291118	18.194870096017684	0.804
195	2.183552459033897	2.89918503753415	0.5356674590338966	3.70634503753415	14.642241853771417	15.987652030255983	0.804
196	2.272771722119419	0.7367102608987864	0.624886722119419	1.5438702608987867	7.9875143536175175	9.33291828793305	0.804
197	0.624886722119419	1.5438702608987867	2.272771722119419	0.7367102608987864	17.19751718838651	18.54292112270204	0.804
198	2.6365344868900995	2.420890260098103	0.9886494868900993	3.2280502600981036	11.487617094674654	12.832991477266603	0.804
199	2.67727551954141	0.7966671983873124	2.0248255195414098	1.6634771983873125	6.822995932936148	7.822608159832699	0.804
200	2.0248255195414098	1.6634771983873125	2.67727551954141	0.7966671983873124	17.30720404581535	18.306816272711902	0.804
201	2.3497699908231415	1.1185527787863871	1.6973199908231413	1.9853627787863872	14.845406447451609	15.845088272839353	0.804
202	3.413811193756906	1.405314854243592	1.9542021937569058	1.453784854243592	7.580217783088639	8.753110318999912	0.804
203	1.9542021937569058	1.453784854243592	3.413811193756906	1.405314854243592	18.098996170047	19.271888705958272	0.804
204	1.730913973483787	0.3725202625671835	0.2713049734837869	0.4209902625671835	14.277124771498574	15.450018007025449	0.804
205	2.098607238087602	2.9868605760046045	0.6389982380876019	3.0353305760046045	6.8881570090740984	8.061050146244366	0.804
206	0.6389982380876019	3.0353305760046045	2.098607238087602	2.9868605760046045	17.859687077208935	19.032580214379202	0.804
207	3.559051972127244	1.7603550351051251	2.0994429721272434	1.8088250351051252	11.42704982391729	12.599942269559572	0.804
208	2.370988731137123	1.7981722964716904	1.1555787311371228	1.9814722964716904	8.226433956179132	9.292767194516571	0.804
209	1.1555787311371228	1.9814722964716904	2.370988731137123	1.7981722964716904	17.740341746858658	18.806674985196096	0.804
210	1.3255591649859402	0.17308024056071614	0.11014916498594018	0.35638024056071615	11.112534449176705	12.178872661851939	0.804
211	1.2885741829606048	0.9946606443586534	0.7616441829606047	1.1307406443586536	6.98586495979863	7.736613651286106	0.804
212	0.7616441829606047	1.1307406443586536	1.2885741829606048	0.9946606443586534	17.972690172876195	18.723438864363672	0.804
213	2.5241064575678744	1.0784355880306018	1.9971764575678745	1.214515588030602	10.829346235727716	11.5800852389252	0.804
214	2.953445730612757	-0.0036782678224271947	2.4265157306127567	0.132401732177573	7.599105328179463	8.349839261951333	0.804
215	2.4265157306127567	0.132401732177573	2.953445730612757	-0.0036782678224271947	17.010285034007154	17.761018967779023	0.804
216	3.2021715990748727	1.4725796511943854	2.6752415990748726	1.6086596511943856	13.838169022064001	14.588899617898695	0.804
217	2.591930635681035	1.2668916397922907	2.065000635681035	1.402971639792291	7.308131644234031	8.058869904947038	0.804
218	2.065000635681035	1.402971639792291	2.591930635681035	1.2668916397922907	17.089672796903663	17.84041105761667	0.804
219	0.6683480483001163	1.9449960115890237	0.14141804830011617	2.081076011589024	14.028756202118629	14.779507011236245	0.804
220	1.9333432152607295	2.330234394354701	1.6524832152607294	2.503594394354701	6.9227188505471124	7.574772689953863	0.804
221	1.6524832152607294	2.503594394354701	1.9333432152607295	2.330234394354701	17.336698683245253	17.988752522652003	0.804
222	0.6212643274669161	1.7326781841777523	0.34040432746691596	1.9060381841777525	15.854904461843558	16.50697735985116	0.804
223	1.059552746595103	2.4620364671542228	0.7786927465951028	2.635396467154223	7.729201329771258	8.38127030723398	0.804
224	0.7786927465951028	2.635396467154223	1.059552746595103	2.4620364671542228	18.330149208030754	18.982218185493476	0.804
225	1.282132535386207	0.6785898084379188	1.0012725353862069	0.851949808437919	11.548313952316013	12.200379999147941	0.804
226	1.1887452006424615	0.26829825116310846	0.5779352006424614	-0.15920574883689143	6.995529710610924	7.839033058254493	0.804
227	0.5779352006424614	-0.15920574883689143	1.1887452006424615	0.26829825116310846	17.29870228037623	18.1422056280198	0.804
228	1.3106740507225914	2.026677143828553	0.6998640507225913	1.5991731438285532	11.942414569839457	12.785913956552076	0.804
229	2.8046887059582355	1.2034121282978267	1.397275705958235	1.9571421282978267	7.916573310535175	9.152070498016696	0.804
230	1.397275705958235	1.9571421282978267	2.8046887059582355	1.2034121282978267	17.388694458242107	18.624191645723627	0.804
231	0.904660861429442	0.4608437449952838	-0.5027521385705581	1.2145737449952838	10.431428286356946	11.66703466580191	0.804
232	2.3029664842783255	2.254790175920371	0.8955534842783254	3.008520175920371	7.357012450362089	8.592555975958094	0.804
233	0.8955534842783254	3.008520175920371	2.3029664842783255	2.254790175920371	18.142558821092123	19.378102346688127	0.804
234	2.1229773957085283	0.3236824405984817	0.7155643957085281	1.0774124405984817	13.346652118361504	14.582209207553374	0.804
235	2.286980874144035	0.7958852317858657	1.518340874144035	1.3656852317858656	7.791904134448824	8.73267068895103	0.804
236	1.518340874144035	1.3656852317858656	2.286980874144035	0.7958852317858657	17.45718363844966	18.397950192951864	0.804
237	2.8705270578988618	2.251642555768423	2.1018870578988618	2.821442555768423	10.811960324914526	11.752665933608013	0.804
238	2.7638700463727908	3.065205527531771	1.9952300463727903	3.6350055275317708	6.582199653777045	7.522917610276051	0.804
239	1.9952300463727903	3.6350055275317708	2.7638700463727908	3.065205527531771	17.687893396170367	18.628611352669374	0.804
240	2.0429086736720237	0.7996183624774404	1.2742686736720235	1.3694183624774405	10.620568644248024	11.561355888151528	0.804
241	3.3255305739230305	1.2841648074489969	2.9036105739230305	1.879444807448997	7.867120344797467	8.702974989845167	0.804
242	2.9036105739230305	1.879444807448997	3.3255305739230305	1.2841648074489969	16.952350560986005	17.788205206033705	0.804
243	2.765613983401134	-0.2600640879280556	2.343693983401134	0.33521591207194446	10.067187809845883	10.903150554936733	0.804
244	1.5792006224280146	0.57906410726238	1.1572806224280145	1.17434410726238	7.960202141468878	8.79632344691104	0.804
245	1.1572806224280145	1.17434410726238	1.5792006224280146	0.57906410726238	16.672617054931123	17.508738360373286	0.804
246	1.2411626615280678	0.8112085786468496	0.8192426615280677	1.4064885786468495	14.014136007398289	14.850284941995538	0.804
247	3.3418884590030924	2.094718493128381	2.1264784590030925	1.2999824931283812	7.212959004477162	8.38182689495839	0.804
248	2.1264784590030925	1.2999824931283812	3.3418884590030924	2.094718493128381	17.458093747799253	18.62696163828048	0.804
249	1.6821937692828297	0.15480916099426234	0.4667837692828297	-0.6399268390057375	14.071373748049538	15.24043446606287	0.804
250	0.01359332036637384	0.17130696238105775	-1.0961776796336262	1.7787949623810577	7.822770765364503	9.22275441155473	0.804
251	-1.0961776796336262	1.7787949623810577	0.01359332036637384	0.17130696238105775	17.12172634254224	18.521709988732468	0.804
252	0.5393998511856599	0.013297901692909952	-0.57037114881434	1.62078590169291	11.774678274669723	13.174689102173694	0.804
253	0.11170917414212767	0.152476236316895	-0.6923468258578722	1.682914236316895	8.622986367156194	9.919526698315213	0.804
254	-0.6923468258578722	1.682914236316895	0.11170917414212767	0.152476236316895	17.279039847089326	18.575580178248345	0.804
255	1.5639610532449038	1.1979984954873073	0.7599050532449039	2.7284364954873075	11.226993365440325	12.5234133413287	0.804
256	0.4953994424207935	1.5733760475480338	-0.3086565575792064	3.103814047548034	7.299391030225554	8.595938546839148	0.804
257	-0.3086565575792064	3.103814047548034	0.4953994424207935	1.5733760475480338	17.46989935387875	18.766446870492345	0.804
258	3.05600160566358	-0.6100014164186286	2.2519456056635803	0.9204365835813714	11.94676468670897	13.242643471515915	0.804
259	1.2933820848354283	-0.15753852997670054	0.4893260848354285	1.3728994700232995	7.69620812241029	8.992680922101501	0.804
260	0.4893260848354285	1.3728994700232995	1.2933820848354283	-0.15753852997670054	17.575685908523912	18.87215870821512	0.804
261	2.525727879209131	-0.619262403097335	1.721671879209131	0.9111755969026649	15.046580901847765	16.342700472712288	0.804
262	2.041031077192481	-0.40199495636179006	1.2369750771924812	1.1284430436382098	7.439164304827348	8.735457241774292	0.804
263	1.2369750771924812	1.1284430436382098	2.041031077192481	-0.40199495636179006	17.476164571856085	18.77245750880303	0.804
264	1.7079823383172361	1.5688616809384242	0.9039263383172362	3.099299680938424	10.370814444758373	11.667200628063522	0.804
265	1.8203128539512665	-1.3470203236938774	1.3673328539512666	0.4810576763061225	6.825545688440655	8.192997288879212	0.804
266	1.3673328539512666	0.4810576763061225	1.8203128539512665	-1.3470203236938774	17.94367144665887	19.311123047097425	0.804
267	0.3020083088460863	0.9948786515344343	-0.15097169115391362	2.822956651534434	11.573848090579679	12.941615310477543	0.804
268	0.6850436152433625	-0.07260850337345909	0.2320636152433626	1.7554694966265407	8.17565462402169	9.543396368080451	0.804
269	0.2320636152433626	1.7554694966265407	0.6850436152433625	-0.07260850337345909	17.390319673343974	18.758061417402736	0.804
270	1.9188957866324852	-0.0475061379932496	1.4659157866324852	1.7805718620067503	10.511404545069976	11.878815806773476	0.804
271	0.5194168671704922	1.3135845210301387	0.06643686717049224	3.1416625210301383	7.426738397257175	8.794495641508224	0.804
272	0.06643686717049224	3.1416625210301383	0.5194168671704922	1.3135845210301387	17.188155591228323	18.555912835479372	0.804
273	1.1751557923919518	0.4408459085321422	0.7221757923919518	2.268923908532142	12.48592230604742	13.853578161476433	0.804
274	3.1472321024173886	0.7354393120192977	2.674992102417389	1.6904873120192976	7.397665803661872	8.388055294591904	0.804
275	2.674992102417389	1.6904873120192976	3.1472321024173886	0.7354393120192977	17.373693492553528	18.36408298348356	0.804
276	1.864364494268575	1.2904535825317998	1.392124494268575	2.2455015825317997	12.931928894025296	13.9226681048158	0.804
277	0.578478174533553	1.5611461436504905	1.2010981745335532	2.6690541436504907	7.6073761674180735	8.69288142178916	0.804
278	1.2010981745335532	2.6690541436504907	0.578478174533553	1.5611461436504905	18.0615644905984	19.147069744969485	0.804
279	0.8146031542236534	1.59734983927219	1.4372231542236535	2.70525783927219	10.940900219070688	12.026373214252157	0.804
280	2.692266891228086	0.967510472695965	3.3875868912280858	1.209846472695965	8.329492576809205	9.168713283474888	0.804
281	3.3875868912280858	1.209846472695965	2.692266891228086	0.967510472695965	16.843877186766626	17.68309789343231	0.804
282	2.0739944651650766	0.8277095221546975	2.7693144651650767	1.0700455221546976	11.40722495511016	12.24646453517925	0.804
283	0.8330436106251714	-0.6737025041822108	-0.19222138937482858	1.241365495817789	6.8130592315825735	8.313910777174266	0.804
284	-0.19222138937482858	1.241365495817789	0.8330436106251714	-0.6737025041822108	18.06242936785689	19.563280913448583	0.804
285	1.848375261425739	1.4979013217905832	0.823110261425739	3.412969321790583	14.589853994817645	16.0905062912599	0.804
286	1.0643962902600728	-0.7362991366645455	1.0345662902600727	1.2384188633354545	7.372875652342327	8.782688712013353	0.804
287	1.0345662902600727	1.2384188633354545	1.0643962902600728	-0.7362991366645455	16.519488808414085	17.929301868085112	0.804
288	0.4998032567979207	-0.15675453508075393	0.4699732567979207	1.817963464919246	15.493674618120043	16.903607722884882	0.804
289	3.2534786867398653	0.004416928744375936	3.2236486867398657	1.9791349287443758	7.6468504924135825	9.05536312157036	0.804
290	3.2236486867398657	1.9791349287443758	3.2534786867398653	0.004416928744375936	16.855121496303042	18.26363412545982	0.804
291	0.709762471327619	0.4875373002517197	0.679932471327619	2.46225530025172	10.2869017352505	11.696800515419527	0.804
292	0.832008739361352	-0.07297105939852039	-0.004980260638647982	1.0834069406014795	7.565624363995615	8.72333826563475	0.804
293	-0.004980260638647982	1.0834069406014795	0.832008739361352	-0.07297105939852039	16.891944844274555	18.04965874591369	0.804
294	2.5801438675053565	1.158468665335231	1.7431548675053565	2.314846665335231	12.596076800710085	13.753494817843777	0.804
295	2.5880313662625425	-0.6313299618482003	1.7510423662625425	0.5250480381517996	7.348254717837305	8.50567049012315	0.804
296	1.7510423662625425	0.5250480381517996	2.5880313662625425	-0.6313299618482003	17.12323021384137	18.280645986127215	0.804
297	2.2663720339537314	0.19597211887814248	1.4293830339537315	1.3523501188781424	15.934534393768	17.092035086395743	0.804
298	1.9693660056460693	-1.305492970421885	1.1323770056460694	-0.14911497042188504	8.632816376228895	9.790383413351094	0.804
299	1.1323770056460694	-0.14911497042188504	1.9693660056460693	-1.305492970421885	18.236143021297078	19.393710058419277	0.804
300	0.9087677353250675	-0.00546257403713879	0.07177873532506751	1.1509154259628611	13.575120812298358	14.732830153176671	0.804
301	0.9480243083101582	0.4488664019371311	0.35523430831015823	1.740074401937131	7.606888404349389	8.76148338534816	0.804
302	0.35523430831015823	1.740074401937131	0.9480243083101582	0.4488664019371311	17.453603223793344	18.608198204792117	0.804
303	1.6702806183692844	0.5870545025109539	1.0774906183692845	1.8782625025109538	13.175030030689388	14.329504542447284	0.804
304	1.2641482036214793	-0.41320846693711966	1.6059082036214791	0.8680595330628804	7.706402316694453	8.817213975276344	0.804
305	1.6059082036214791	0.8680595330628804	1.2641482036214793	-0.41320846693711966	17.51638058622179	18.62719224480368	0.804
306	2.000323807822822	1.4212001573492938	2.342083807822822	2.702468157349294	14.87541737204411	15.985998421152633	0.804
307	2.834338806798261	-0.8084769788958182	2.049545806798261	1.0531610211041817	7.441835893275905	8.871974138109179	0.804
308	2.049545806798261	1.0531610211041817	2.834338806798261	-0.8084769788958182	17.427084045018503	18.857222289851777	0.804
309	1.0962823605502066	-1.0238736772661072	0.3114893605502066	0.8377643227338927	12.981050778307377	14.411847166684126	0.804
310	1.0543111271783874	-0.23235979749106528	0.2695181271783874	1.6292782025089347	7.880263047756115	9.311066337725094	0.804
311	0.2695181271783874	1.6292782025089347	1.0543111271783874	-0.23235979749106528	17.40320989286654	18.83401318283552	0.804
312	0.9709171894117167	0.46151517095894445	0.1861241894117167	2.3231531709589444	12.583929274801157	14.014745019132025	0.804
313	2.1112741166648816	1.3338279664419004	1.3264811166648816	3.1954659664419003	7.358198435580907	8.78869878865296	0.804
314	1.3264811166648816	3.1954659664419003	2.1112741166648816	1.3338279664419004	17.974712595431274	19.405212948503326	0.804
315	2.2527961494224407	1.7253730571448265	1.4680031494224406	3.587011057144826	14.904212399614527	16.334651779086002	0.804
316	3.0723597009870582	0.9348529327658992	3.2730597009870586	2.6380409327658993	7.514994912097139	8.803982513481126	0.804
317	3.2730597009870586	2.6380409327658993	3.0723597009870582	0.9348529327658992	17.54921557384608	18.838203175230067	0.804
318	0.47335278898571387	0.28317124753699224	0.674052788985714	1.9863592475369922	13.960382624618447	15.250525805769081	0.804
319	1.9836902408678885	-0.5572640784152987	2.184390240867889	1.1459239215847012	7.780758945869725	9.070425663545086	0.804
320	2.184390240867889	1.1459239215847012	1.9836902408678885	-0.5572640784152987	18.00533956840583	19.29500628608119	0.804
321	1.7692467743590579	1.976901205114136	1.969946774359058	3.680089205114136	10.804932763678014	12.094700108667267	0.804
322	2.9417656777929655	0.6871574020109963	1.4423896777929657	1.9752594020109964	7.266316808853415	8.67679697418319	0.804
323	1.4423896777929657	1.9752594020109964	2.9417656777929655	0.6871574020109963	17.343270396304906	18.753750561634682	0.804
324	1.748650416391472	-0.5701035352519083	0.2492744163914723	0.7179984647480917	13.469995825321366	14.880700207699618	0.804
325	2.53662798022009	1.6585764376843728	1.3690679802200902	2.371288437684373	7.692519626459345	8.822685286714359	0.804
326	1.3690679802200902	2.371288437684373	2.53662798022009	1.6585764376843728	17.872767736405294	19.002933396660307	0.804
327	2.9713881087602685	0.3819096649110909	1.8038281087602686	1.0946216649110907	14.633623161086415	15.763739678875924	0.804
328	2.5555464904931102	0.33313089915032246	1.3879864904931103	1.0458428991503224	7.903238759401301	9.03340248582092	0.804
329	1.3879864904931103	1.0458428991503224	2.5555464904931102	0.33313089915032246	16.47872725521119	17.608890981630807	0.804
330	1.9194974421943174	0.8758297738185286	0.7519374421943175	1.5885417738185286	13.866403946477282	14.996622474747825	0.804
331	3.462796673946137	1.1919892002541619	2.5928666739461375	2.3284812002541617	6.937734827737499	8.096592996605919	0.804
332	2.5928666739461375	2.3284812002541617	3.462796673946137	1.1919892002541619	18.148802257290047	19.307660426158467	0.804
333	1.60444338390483	1.5978108885695135	0.7345133839048301	2.7343028885695135	12.543695919781113	13.703047841028813	0.804
334	1.8560571512079116	1.473363917985445	0.13547215120791167	3.146095917985445	7.414913233132097	9.020475479686109	0.804
335	0.13547215120791167	3.146095917985445	1.8560571512079116	1.473363917985445	18.357707859946114	19.963270106500126	0.804
336	3.2191185664932807	1.1063378735530094	1.4985335664932808	2.7790698735530093	15.711439508376564	17.316627669802557	0.804
337	3.1713961634633003	0.7611132221575149	2.4462461634633	2.493495222157515	7.058936216724834	8.423358245335912	0.804
338	2.4462461634633	2.493495222157515	3.1713961634633003	0.7611132221575149	18.442876758438032	19.807298787049113	0.804
339	2.1512367549511278	1.5592384491782059	1.4260867549511278	3.2916204491782057	12.455062049392037	13.82000989980999	0.804
340	1.939276911860802	1.9787644579560464	0.4069679118608021	2.8928064579560466	6.810902307326469	8.132939911787755	0.804
341	0.4069679118608021	2.8928064579560466	1.939276911860802	1.9787644579560464	17.16607155064221	18.488109155103498	0.804
342	4.070778246424059	0.15931197036299144	2.538469246424058	1.0733539703629913	11.507188089619577	12.8289123275592	0.804
343	3.044614294038974	0.8908274797353772	1.7565042940389741	1.9396994797353773	7.9304406989569465	9.195542027446164	0.804
344	1.7565042940389741	1.9396994797353773	3.044614294038974	0.8908274797353772	17.273505509197015	18.53860683768623	0.804
345	2.4398937445086646	1.897075461825176	1.1517837445086647	2.9459474618251758	13.224562849538794	14.489782058473248	0.804
346	1.1007582157205817	0.9444813097725907	-0.18735178427941812	1.9933533097725906	8.094077397212047	9.359436784051914	0.804
347	-0.18735178427941812	1.9933533097725906	1.1007582157205817	0.9444813097725907	16.588823665379884	17.85418305221975	0.804
348	1.365310848177287	0.6676004013526418	0.07720084817728734	1.7164724013526418	14.94811850995021	16.213463412138278	0.804
349	3.2329226855153643	1.4407057755359238	2.8793626855153645	2.479637775535924	7.515925467928766	8.520933679565605	0.804
350	2.8793626855153645	2.479637775535924	3.2329226855153643	1.4407057755359238	17.503562216402013	18.50857042803885	0.804
351	3.5797704981170853	-0.5891189284465356	3.2262104981170854	0.4498130715534645	14.651163081279195	15.656016762979938	0.804
352	2.560446478859804	0.967093587770057	0.502456478859804	2.291855587770057	7.257573366262026	8.885142042398996	0.804
353	0.502456478859804	2.291855587770057	2.560446478859804	0.967093587770057	17.461881041993536	19.089449718130506	0.804
354	2.3508315492248557	1.7644303450665118	0.2928415492248558	3.089192345066512	15.303463451207884	16.9310622222165	0.804
355	1.4051308910386757	0.1922939730425175	-0.07498210896132418	1.8115959730425173	7.943555960656612	9.454320714993768	0.804
356	-0.07498210896132418	1.8115959730425173	1.4051308910386757	0.1922939730425175	18.8739622571167	20.384727011453855	0.804
357	3.3528616798163733	0.565466693355328	1.8727486798163735	2.184768693355328	12.227961503241543	13.738190874473439	0.804
358	2.4483901373877206	0.9012884427134441	1.6070501373877206	2.336660442713444	6.78160582561284	8.047836456444307	0.804
359	1.6070501373877206	2.336660442713444	2.4483901373877206	0.9012884427134441	17.667424660606876	18.933655291438342	0.804
360	3.6648399834955336	-0.2011263496738218	2.823499983495534	1.2342456503261783	12.868566922364884	14.13424056498299	0.804
361	3.4555732048409578	1.195434978150404	2.960953204840958	2.656286978150404	7.174485878811043	8.384114877220682	0.804
362	2.960953204840958	2.656286978150404	3.4555732048409578	1.195434978150404	17.892782362330184	19.102411360739822	0.804
363	2.2292578987226728	1.8114486491981165	1.734637898722673	3.272300649198116	12.021494031355893	13.231740827497912	0.804
364	1.2204383069108486	3.587204420333402	1.7734633069108487	2.627184420333402	7.351899270054742	8.362244617247276	0.804
365	1.7734633069108487	2.627184420333402	1.2204383069108486	3.587204420333402	17.604257226436246	18.61460257362878	0.804
366	1.0939411498157916	1.8466304572384171	1.6469661498157917	0.886610457238417	13.947093689569574	14.957460208566497	0.804
367	0.8213201850967115	2.498384882844782	1.6719751850967115	1.962144882844782	7.372049608654008	8.335338113578118	0.804
368	1.6719751850967115	1.962144882844782	0.8213201850967115	2.498384882844782	17.65548303914349	18.6187715440676	0.804
369	0.2813011304907502	0.5680701036688625	1.1319561304907502	0.03183010366886241	11.068177550997852	12.031487221192513	0.804
370	-0.4630946208455925	1.144528969783763	0.5621703791544075	-0.7705390302162369	8.117622273282509	9.61848569373669	0.804
371	0.5621703791544075	-0.7705390302162369	-0.4630946208455925	1.144528969783763	16.704281892783186	18.205145313237367	0.804
372	0.5784076142333234	2.4850163144311663	1.6036726142333233	0.5699483144311663	10.736645137287356	12.237367795610309	0.804
373	-0.05411213837717488	3.8043905608850492	0.5691228616228252	2.029753560885049	7.753403365527483	9.120023274696736	0.804
374	0.5691228616228252	2.029753560885049	-0.05411213837717488	3.8043905608850492	17.35858709478232	18.72520700395157	0.804
375	0.3710271754699488	1.1442787377372456	0.9942621754699489	-0.6303582622627544	15.100418312921208	16.466991252590837	0.804
376	-0.8373270698859109	2.682805880728299	0.883257930114089	1.010073880728299	6.550711344275142	8.156354696987586	0.804
377	0.883257930114089	1.010073880728299	-0.8373270698859109	2.682805880728299	17.508671062813345	19.11431441552579	0.804
378	0.7745002209987044	3.010253723980904	2.4950852209987042	1.3375217239809043	15.777590298748741	17.383014994134744	0.804
379	1.3938712005843878	3.5367420256433686	1.3938712005843878	3.5367420256433686	6.798503474459132	7.298503474459132	0.804
380	1.3938712005843878	3.5367420256433686	1.3938712005843878	3.5367420256433686	17.00013655184442	17.50013655184442	0.804
381	1.8397988364452749	1.1063304850121594	1.8397988364452749	1.1063304850121594	14.821806819239223	15.321806819239223	0.804
382	0.9681622497291131	0.5130322558003984	1.156438249729113	-0.24565774419960174	6.78935590427094	7.649470923723074	0.804
383	1.156438249729113	-0.24565774419960174	0.9681622497291131	0.5130322558003984	16.766374576485987	17.62648959593812	0.804
384	-0.06799418209705022	2.1700017991889493	0.12028181790294978	1.411311799188949	13.535587137842983	14.395760435563702	0.804
385	1.580651855351265	0.47349054741473906	3.1129608553512647	-0.44055145258526085	7.613866845193137	8.935768748232984	0.804
386	3.1129608553512647	-0.44055145258526085	1.580651855351265	0.47349054741473906	17.308990770298724	18.630892673338572	0.804
387	-0.21999913366831914	0.5323659716573089	1.3123098663316808	-0.381676028342691	12.162844482798741	13.48491750939069	0.804
388	-0.014819357020245838	1.9580223862824777	-0.20309535702024584	2.716712386282478	7.768318820946854	8.628491540504804	0.804
389	-0.20309535702024584	2.716712386282478	-0.014819357020245838	1.9580223862824777	17.661245864349976	18.521418583907924	0.804
390	-0.15763265317386355	0.5067502978966508	-0.34590865317386355	1.2654402978966508	15.598119014278947	16.458289071657312	0.804
391	-0.048985553485997646	1.3882725676799195	0.9887034465140024	1.9350825676799195	7.190078740123425	8.230513808549603	0.804
392	0.9887034465140024	1.9350825676799195	-0.048985553485997646	1.3882725676799195	17.28680124311626	18.327236311542435	0.804
393	0.33386270845401567	-0.16694139467489078	1.3715517084540156	0.37986860532510924	11.27060007891307	12.311026089432247	0.804
394	1.74818033242689	1.9872918745032502	0.84843433242689	2.27374187450325	7.123373307062078	8.058428031935591	0.804
395	0.84843433242689	2.27374187450325	1.74818033242689	1.9872918745032502	17.17244812625455	18.107502851128064	0.804
396	1.1361291653049954	2.0906238126281522	0.23638316530499548	2.3770738126281525	10.085013187776923	11.02007531879131	0.804
397	1.9760139593763737	1.3305342546596524	1.7057139593763737	1.4653742546596522	7.818412311656866	8.457576538573287	0.804
398	1.7057139593763737	1.4653742546596522	1.9760139593763737	1.3305342546596524	17.068856839365125	17.708021066281546	0.804
399	1.2623977788957796	2.1209699116686394	0.9920977788957797	2.2558099116686394	15.646101181234599	16.28527435155192	0.804
400	1.1003081109048263	2.2579603158445036	1.0860181109048264	1.2768133158445034	7.6523222431718345	8.604356649559195	0.804
401	1.0860181109048264	1.2768133158445034	1.1003081109048263	2.2579603158445036	18.49468103851511	19.446715444902473	0.804
402	0.09637182340960204	1.9927573991357732	0.08208182340960213	1.0116103991357732	15.918349774865181	16.870465904830795	0.804
403	2.3592949385455375	2.1376260587984626	2.3450049385455376	1.1564790587984626	6.952456819728818	7.904192640135545	0.804
404	2.3450049385455376	1.1564790587984626	2.3592949385455375	2.1376260587984626	17.048289685117254	18.00002550552398	0.804
405	1.3471088707884817	0.3830327656071999	1.3328188707884818	-0.5981142343928002	12.138679591289122	13.090672657527154	0.804
406	0.5640582426114369	1.8516724351816116	1.1636882426114368	0.8500204351816115	7.719243075510951	8.757089973800943	0.804
407	1.1636882426114368	0.8500204351816115	0.5640582426114369	1.8516724351816116	17.15954514490805	18.197392043198043	0.804
408	3.083713633312209	2.1629857013697587	3.6833436333122087	1.1613337013697584	15.99115629693472	17.02835806597814	0.804
409	1.999489212648914	0.4947045301404458	2.4300992126489143	-0.8524304698595543	6.926861849991152	8.078057455673552	0.804
410	2.4300992126489143	-0.8524304698595543	1.999489212648914	0.4947045301404458	16.750819121818612	17.90201472750101	0.804
411	3.191214409403825	0.7981033645683627	3.6218244094038248	-0.5490316354316374	13.093946716006332	14.24453936367077	0.804
412	2.5546657105228663	0.20794910764317232	2.9852757105228664	-1.1391858923568279	8.545202780070444	9.696149268188707	0.804
413	2.9852757105228664	-1.1391858923568279	2.5546657105228663	0.20794910764317232	18.6275309716604	19.77847745977866	0.804
414	2.757309527822639	0.43978909716452863	3.1879195278226393	-0.9073459028354715	10.599782161122988	11.750623908907365	0.804
415	2.5258558737530237	2.306956235639389	1.4049008737530235	2.978036235639389	6.904035337789269	8.005906775493857	0.804
416	1.4049008737530235	2.978036235639389	2.5258558737530237	2.306956235639389	17.76603715355634	18.867908591260928	0.804
417	0.1465109496761332	1.4744009891168666	-0.9744440503238668	2.1454809891168667	12.21937275036808	13.321333460518792	0.804
418	1.0025792270736689	0.05081960277763087	-0.11837577292633117	0.7218996027776308	8.028400962390544	9.130361089873851	0.804
419	-0.11837577292633117	0.7218996027776308	1.0025792270736689	0.05081960277763087	17.331729950818175	18.43369007830148	0.804
420	2.3900187084476503	1.2887231412593207	1.26906370844765	1.9598031412593206	11.57440253266871	12.676286433922716	0.804
421	2.4384300971802704	2.8208732074639675	1.3174750971802704	3.4919532074639674	8.013606170848835	9.115485732395738	0.804
422	1.3174750971802704	3.4919532074639674	2.4384300971802704	2.8208732074639675	18.557129540730184	19.65900910227709	0.804
423	0.5283164676115375	1.5842867471046054	-0.5926385323884625	2.2553667471046053	12.698979788564891	13.800944619413956	0.804
424	2.7089851716029854	0.1660571194570104	2.0205051716029856	0.21327711945701022	6.870953854568553	7.688918656280562	0.804
425	2.0205051716029856	0.21327711945701022	2.7089851716029854	0.1660571194570104	18.050853064267883	18.868817865979892	0.804
426	0.7354097581245844	2.550235904315176	0.04692975812458444	2.5974559043151757	13.381818894996616	14.199784929286158	0.804
427	3.4379807209468165	1.1492225984746924	2.5574977209468166	1.7668725984746922	6.642003880534755	7.637330014366237	0.804
428	2.5574977209468166	1.7668725984746922	3.4379807209468165	1.1492225984746924	18.356788761257135	19.352114895088615	0.804
429	1.8273858744229992	0.3635795861830511	0.9469028744229993	0.9812295861830509	12.471480212228547	13.46698200352483	0.804
430	2.1191848761636116	0.38936374150709474	0.5899878761636115	1.2493437415070945	6.50530291180809	7.813603839436031	0.804
431	0.5899878761636115	1.2493437415070945	2.1191848761636116	0.38936374150709474	17.774359073829704	19.082660001457647	0.804
432	2.8626448146213024	2.602909526117325	1.3334478146213022	3.4628895261173245	15.069886643963152	16.37811166453809	0.804
433	1.4628013685682482	-0.6879625333851451	0.998011368568248	0.45971146661485474	7.609493834644679	8.679895337509153	0.804
434	0.998011368568248	0.45971146661485474	1.4628013685682482	-0.6879625333851451	17.591520933272395	18.66192243613687	0.804
435	1.716215011879488	2.4584363061638204	1.251425011879488	3.6061103061638202	13.27094478037069	14.34129494121452	0.804
436	1.3408089969991706	2.3158318688386497	1.3289989969991705	1.6354278688386497	7.362683776411898	8.17614571255022	0.804
437	1.3289989969991705	1.6354278688386497	1.3408089969991706	2.3158318688386497	17.914419760304323	18.727881696442648	0.804
438	0.6813749527911929	0.4041424507870134	0.6695649527911928	-0.2762615492129866	13.648767917196693	14.462293141892442	0.804
439	2.777882651226422	0.8965763187206818	2.3640426512264217	0.3566033187206817	7.410726131615814	8.223987741121526	0.804
440	2.3640426512264217	0.3566033187206817	2.777882651226422	0.8965763187206818	16.794382962176673	17.607644571682386	0.804
441	3.2464996336621894	0.3608864314172634	2.83265963366219	-0.17908656858273664	15.016470584796632	15.829653183236324	0.804
442	0.5857654589225465	0.5546136378038757	0.17192545892254651	0.014640637803875756	7.811411280659169	8.624867307226895	0.804
443	0.17192545892254651	0.014640637803875756	0.5857654589225465	0.5546136378038757	17.23994216550282	18.053398192070546	0.804
444	1.7947142598207262	2.540897106843861	1.3808742598207262	2.0009241068438612	11.70734415441538	12.520728681201387	0.804
445	1.9983207181631601	0.115304926786162	2.51281071816316	-0.668246073213838	7.42417862128046	8.355839504113053	0.804
446	2.51281071816316	-0.668246073213838	1.9983207181631601	0.115304926786162	17.12205220846701	18.053713091299603	0.804
447	1.8854056329892508	1.5485462593282469	2.3998956329892507	0.764995259328247	12.778818320820742	13.710502020737314	0.804
448	1.1324963432013684	-0.3688992082891911	0.09542134320136819	0.8657647917108089	7.444955401601991	8.687858663817297	0.804
449	0.09542134320136819	0.8657647917108089	1.1324963432013684	-0.3688992082891911	18.048082347071865	19.29098560928717	0.804
450	1.754865492486331	0.6019361942384384	0.717790492486331	1.8366001942384385	12.039609950601813	13.282436812219505	0.804
451	0.9112637888427159	1.2134346840910823	-0.12581121115728422	2.4480986840910823	7.791656214185757	9.034574253401594	0.804
452	-0.12581121115728422	2.4480986840910823	0.9112637888427159	1.2134346840910823	17.238624897082435	18.481542936298272	0.804
453	1.2703702205697522	0.2662797928827966	0.23329522056975216	1.5009437928827967	15.754710258886114	16.997601027148665	0.804
454	1.0860674514136164	-0.5439150154779204	0.0489924514136163	0.6907489845220796	7.855208339291186	9.098115241137677	0.804
455	0.0489924514136163	0.6907489845220796	1.0860674514136164	-0.5439150154779204	17.574372082041997	18.81727898388849	0.804
456	1.004437650801289	-0.4032780578814046	-0.032637349198710974	0.8313859421185954	13.695488131019266	14.938400738414153	0.804
457	0.9069584991127729	2.273437482107312	-0.13011650088722715	3.5081014821073113	6.659767668030462	7.902685930389932	0.804
458	-0.13011650088722715	3.5081014821073113	0.9069584991127729	2.273437482107312	18.334378319985678	19.57729658234515	0.804
459	3.3497332228801953	0.47342433215735963	2.312658222880195	1.7080883321573597	11.57730602128125	12.819702677788223	0.804
460	1.2700198326921557	1.1152061858362599	1.5999698326921556	1.71607018583626	7.943726974940846	8.759496414420024	0.804
461	1.5999698326921556	1.71607018583626	1.2700198326921557	1.1152061858362599	17.432607761614932	18.248377201094108	0.804
462	0.25145235199550053	0.8118369382178865	0.5814023519955005	1.4127009382178866	14.960868609551243	15.776707744261163	0.804
463	1.6674595889493153	2.0552401131420774	0.8708565889493154	3.2364741131420773	7.2564447104871865	8.412787932542207	0.804
464	0.8708565889493154	3.2364741131420773	1.6674595889493153	2.0552401131420774	17.166176552720525	18.322519774775547	0.804
465	0.499699558681411	0.7448238261786171	-0.29690344131858903	1.926057826178617	15.825796594114767	16.982249812532388	0.804
466	1.8176116884811986	2.0136251622242014	2.6838046884811986	0.4148281622242014	7.7916220588519955	9.128936464256947	0.804
467	2.6838046884811986	0.4148281622242014	1.8176116884811986	2.0136251622242014	17.033209167132558	18.370523572537508	0.804
468	1.0085063393679556	1.782407372566787	1.8746993393679556	0.1836103725667872	13.509970734705563	14.8475797994006	0.804
469	0.21943183007986644	3.4606359883214104	0.6021948300798665	1.7394289883214102	7.542130465465242	8.854537374268167	0.804
470	0.6021948300798665	1.7394289883214102	0.21943183007986644	3.4606359883214104	17.111603291764823	18.42401020056775	0.804
471	0.7228871457235744	1.178649994448666	1.1056501457235746	-0.542557005551334	12.419671656663077	13.731999901760005	0.804
472	1.6519912989650392	2.878682421704511	1.4115192989650391	2.9321124217045114	6.725652087758029	7.3391509219408055	0.804
473	1.4115192989650391	2.9321124217045114	1.6519912989650392	2.878682421704511	17.321645280401686	17.935144114584464	0.804
474	0.36430312733238257	1.5204632416209347	0.12383112733238255	1.5738932416209348	13.688636171905708	14.302136865375198	0.804
475	1.3277532237015601	2.3813106444558243	0.65481322370156	1.6331706444558243	7.753040647000034	8.71664107645867	0.804
476	0.65481322370156	1.6331706444558243	1.3277532237015601	2.3813106444558243	16.9879056536124	17.95150608307104	0.804
477	1.3419301155304977	1.6822771244796466	0.6689901155304976	0.9341371244796466	15.957248128010999	16.92084745257856	0.804
478	0.3839835938809475	1.338780401553696	0.8059035938809476	0.743500401553696	7.792371176313065	8.628544218094685	0.804
479	0.8059035938809476	0.743500401553696	0.3839835938809475	1.338780401553696	17.554566469390654	18.390739511172274	0.804
480	1.3060070616875528	0.9824717167200256	1.7279270616875528	0.3871917167200256	14.478521601705324	15.31462828502059	0.804
481	1.270462989442784	1.612253859829072	1.151162989442784	0.17190685982907217	7.794900836257939	8.960673161873446	0.804
482	1.151162989442784	0.17190685982907217	1.270462989442784	1.612253859829072	17.137188103648505	18.30296042926401	0.804
483	2.9469278223105584	3.1965350379103064	2.8276278223105584	1.7561880379103063	13.046584442906045	14.211664831450948	0.804
484	1.9465639035976452	0.9463989487060538	1.8272639035976452	-0.49394805129394614	8.013590306876416	9.1791516730441	0.804
485	1.8272639035976452	-0.49394805129394614	1.9465639035976452	0.9463989487060538	16.355277152693006	17.52083851886069	0.804
486	1.4597785412558342	0.6988000126790801	1.3404785412558342	-0.7415469873209198	12.63304444324834	13.798766978445103	0.804
487	1.172699409840846	2.396237655457684	1.0533994098408461	0.9558906554576838	7.0547034459112545	8.22049865689818	0.804
488	1.0533994098408461	0.9558906554576838	1.172699409840846	2.396237655457684	17.781568747225222	18.947363958212147	0.804
489	0.40355940204045027	1.556811305011581	0.2842594020404503	0.11646430501158106	12.359523955760277	13.52543205228545	0.804
490	2.5442839534630393	2.811406136250249	2.4249839534630393	1.3710591362502493	8.036010965502648	9.201309168926818	0.804
491	2.4249839534630393	1.3710591362502493	2.5442839534630393	2.811406136250249	16.326300709801984	17.491598913226156	0.804
492	0.9644117093338161	2.8521740840520273	0.8451117093338162	1.4118270840520275	15.354593524520492	16.520431072683337	0.804
493	0.8209879469794306	1.8712917932795605	0.7016879469794306	0.4309447932795607	7.287016873627413	8.452878493517547	0.804
494	0.7016879469794306	0.4309447932795607	0.8209879469794306	1.8712917932795605	18.850299391454133	20.016161011344266	0.804
495	1.3383507607102407	1.958880704823267	1.2190507607102408	0.5185337048232671	14.72670824284327	15.892463544048283	0.804
496	1.6932503929888552	2.057959212363009	1.492550392988855	0.3547712123630087	8.295147962825126	9.585029023379954	0.804
497	1.492550392988855	0.3547712123630087	1.6932503929888552	2.057959212363009	17.670139691803982	18.96002075235881	0.804
498	2.1098398743967635	0.3780847954960431	1.9091398743967631	-1.3251032045039568	15.006997961200295	16.29670089882229	0.804
499	1.2767807968840739	3.380253733327198	1.076080796884074	1.6770657333271979	7.657255194077338	8.947273156526967	0.804
500	1.076080796884074	1.6770657333271979	1.2767807968840739	3.380253733327198	17.019269175586913	18.30928713803654	0.804
501	3.2730228532451635	1.2211910685845302	3.072322853245163	-0.4819969314154696	15.554971789271649	16.84395941839738	0.804
502	3.2189156067482463	2.386193941815465	2.616185606748246	0.8234369418154651	7.2993677975972275	8.570240952437265	0.804
503	2.616185606748246	0.8234369418154651	3.2189156067482463	2.386193941815465	17.500126842145093	18.77099999698513	0.804
504	3.184054138931052	2.1393112766425926	2.5813241389310524	0.5765542766425927	15.04234435750532	16.3132381920353	0.804
505	0.9420688358617954	2.5955350173607252	0.33933883586179536	1.0327780173607253	7.388780673715599	8.66048261809845	0.804
506	0.33933883586179536	1.0327780173607253	0.9420688358617954	2.5955350173607252	17.894397176855456	19.166099121238307	0.804
507	2.3018518754769017	0.7205909909405221	1.6991218754769017	-0.8421660090594778	15.744484208326647	17.01581869113389	0.804
508	0.6007599602741107	3.00554205527511	-0.001970039725889272	1.4427850552751103	7.251513827292967	8.523248605657237	0.804
509	-0.001970039725889272	1.4427850552751103	0.6007599602741107	3.00554205527511	17.425074487580435	18.696809265944704	0.804
510	1.6632350674573098	3.6758483393041104	1.0605050674573098	2.1130913393041104	13.706038674430495	14.9775928443556	0.804
511	1.3858855527824616	1.2473226727667082	0.7831555527824616	-0.3154343272332919	8.020618308412065	9.292241903503028	0.804
512	0.7831555527824616	-0.3154343272332919	1.3858855527824616	1.2473226727667082	17.9644639243792	19.23608751947016	0.804
513	1.7784718651942129	0.2514999722443505	1.1757418651942129	-1.3112570277556495	13.55917595816303	14.830696654570362	0.804
514	0.7478825988735882	1.7478887839799844	1.242502598873588	0.28703678397998444	7.3399805898525345	8.55051262062366	0.804
515	1.242502598873588	0.28703678397998444	0.7478825988735882	1.7478887839799844	16.751244469600934	17.96177650037206	0.804
516	0.7896081451334203	3.0968759823417997	1.28422814513342	1.6360239823417997	12.948787673117444	14.159311470397219	0.804
517	1.7623088594920902	2.9986246287577183	2.25692885949209	1.5377726287577183	7.978723517187184	9.188959590309958	0.804
518	2.25692885949209	1.5377726287577183	1.7623088594920902	2.9986246287577183	17.400225297133524	18.610461370256296	0.804
519	1.2830386006725503	0.5406467418897536	1.77765860067255	-0.9202052581102463	14.00529959473858	15.215700390047491	0.804
520	2.6183013770385126	2.2988269531113334	3.1129213770385125	0.8379749531113336	7.606260161757847	8.816091143783773	0.804
521	3.1129213770385125	0.8379749531113336	2.6183013770385126	2.2988269531113334	17.61369213467509	18.82352311670102	0.804
522	1.771878301496814	2.5856744629269635	2.2664983014968136	1.1248224629269634	12.824897942782979	14.035130272987054	0.804
523	1.6006601126227276	3.1774127291369183	2.0952801126227274	1.7165607291369183	6.814829216034017	8.025125829537998	0.804
524	2.0952801126227274	1.7165607291369183	1.6006601126227276	3.1774127291369183	17.309635984087024	18.519932597591005	0.804
525	3.2729317706967653	2.1982551543144737	3.767551770696765	0.7374031543144736	15.658391144258463	16.867816447740616	0.804
526	2.447806691017264	2.5779335057099484	2.7734066910172634	0.7715985057099485	7.855155921690995	9.199996187389845	0.804
527	2.7734066910172634	0.7715985057099485	2.447806691017264	2.5779335057099484	18.511111597449172	19.85595186314802	0.804
528	2.015085964276669	1.275268206898057	2.3406859642766693	-0.5310667931019428	14.969261981955981	16.3143606854199	0.804
529	1.947734833143923	2.56782485988927	2.2733348331439234	0.7614898598892701	7.057866753510402	8.403001483323369	0.804
530	2.2733348331439234	0.7614898598892701	1.947734833143923	2.56782485988927	16.5616719460553	17.906806675868264	0.804
531	0.869959445550023	2.4010850123787617	1.1955594455500231	0.5947500123787616	15.892163267289499	17.237720603109636	0.804
532	1.0083099554564485	2.9950597020275618	1.3339099554564486	1.1887247020275618	6.822505847333134	8.168025144406013	0.804
533	1.3339099554564486	1.1887247020275618	1.0083099554564485	2.9950597020275618	17.00712441154311	18.35264370861599	0.804
534	1.540877066501268	0.5232531982744211	1.8664770665012682	-1.283081801725579	11.653268548117728	12.998596852196354	0.804
535	0.8600913658252298	1.7923236109472616	-0.17759763417477026	1.2455136109472615	7.628475005091305	8.668911939749309	0.804
536	-0.17759763417477026	1.2455136109472615	0.8600913658252298	1.7923236109472616	17.944398076923637	18.98483501158164	0.804
537	2.5202610238469076	3.2873662067343608	1.4825720238469076	2.740556206734361	11.124026079222428	12.164393458784106	0.804
538	2.78156082750826	1.7684800285722513	2.67655082750826	1.3092800285722515	6.897213355427569	7.614019998526514	0.804
539	2.67655082750826	1.3092800285722515	2.78156082750826	1.7684800285722513	16.836524327665146	17.55333097076409	0.804
540	2.8388899490741446	2.356273637864148	2.7338799490741446	1.8970736378641484	13.88868454898677	14.60548126335576	0.804
541	1.6168258828653594	0.5105942014313585	1.7578858828653594	0.08867420143135862	7.513535762523871	8.218434642906006	0.804
542	1.7578858828653594	0.08867420143135862	1.6168258828653594	0.5105942014313585	17.52245744759462	18.227356327976754	0.804
543	2.7441927492517	0.791842347201134	2.8852527492517	0.36992234720113415	10.629258641171594	11.334015045165057	0.804
544	0.7113203916629571	2.6660340212554265	-0.8520496083370429	2.5299440212554263	8.439876484689144	9.662931432706856	0.804
545	-0.8520496083370429	2.5299440212554263	0.7113203916629571	2.6660340212554265	17.191314229261717	18.41436917727943	0.804
546	0.6963552310747958	0.7437317019043921	-0.8670147689252042	0.6076417019043923	14.436884092709429	15.659939038797154	0.804
547	0.912515371534625	1.5520518263152085	0.912515371534625	1.5520518263152085	7.419046959195569	7.919046959195569	0.804
548	0.912515371534625	1.5520518263152085	0.912515371534625	1.5520518263152085	16.890152273857133	17.390152273857133	0.804
549	2.119656480405685	3.116401914804879	2.119656480405685	3.116401914804879	13.722700206401658	14.222700206401658	0.804
550	0.8663655339364829	1.9721864601304204	0.8663655339364829	1.9721864601304204	7.912898178532859	8.41289817853286	0.804
551	0.8663655339364829	1.9721864601304204	0.8663655339364829	1.9721864601304204	16.955161595315488	17.455161595315488	0.804
552	2.0556128387450294	1.4123305262172177	2.0556128387450294	1.4123305262172177	12.634867306134982	13.134867306134982	0.804
553	1.198471553185116	3.3902690278744387	-0.4357354468148842	3.791049027874439	7.282120010746164	8.557400163547193	0.804
554	-0.4357354468148842	3.791049027874439	1.198471553185116	3.3902690278744387	17.0063223428199	18.281602495620927	0.804
555	2.6765727228970437	0.8775456423124595	1.0423657228970435	1.2783256423124594	10.847140960696356	12.122398929418942	0.804
556	-0.0533201367265532	2.20104488308895	0.5761308632734469	1.62751488308895	7.845399611694557	8.737755201921582	0.804
557	0.5761308632734469	1.62751488308895	-0.0533201367265532	2.20104488308895	18.034917302515076	18.927272892742103	0.804
558	-0.3243515545784651	2.7611205552768534	0.305099445421535	2.1875905552768535	12.46488206506532	13.357239505182543	0.804
559	0.150551879420443	2.922963307872566	1.131078879420443	2.647073307872566	6.850497818561792	7.819821221211869	0.804
560	1.131078879420443	2.647073307872566	0.150551879420443	2.922963307872566	17.918097875424756	18.887421278074832	0.804
561	0.00763785012857468	1.3027833973581013	0.9881648501285747	1.0268933973581014	15.789951536413476	16.759275792455217	0.804
562	-0.8454884482445074	1.9670218035615963	0.13503855175549262	1.6911318035615963	7.3243475702913825	8.293672464648289	0.804
563	0.13503855175549262	1.6911318035615963	-0.8454884482445074	1.9670218035615963	17.897164120057237	18.866489014414142	0.804
564	-0.6574903366659057	2.3535275732029706	0.3230366633340943	2.0776375732029706	10.8611176872281	11.830443096669594	0.804
565	-0.12934993197476288	1.255351679336395	0.831917068025237	0.10643167933639508	7.316917964583888	8.50712438371963	0.804
566	0.831917068025237	0.10643167933639508	-0.12934993197476288	1.255351679336395	17.198787717305713	18.388994136441454	0.804
567	-0.8841944938173153	3.3925551088892814	0.07707250618268469	2.2436351088892814	11.80988563456071	13.000089613297098	0.804
568	-0.8760973660407002	1.5091666978669618	0.38279963395929983	0.7840266978669619	8.032503690193348	9.201887631925114	0.804
569	0.38279963395929983	0.7840266978669619	-0.8760973660407002	1.5091666978669618	18.02931517743054	19.198699119162306	0.804
570	-0.4247106812613125	2.9639758296122487	0.8341863187386875	2.238835829612249	13.060979153725244	14.23036357601662	0.804
571	1.8119288397289723	2.5651321991458214	3.0708258397289723	1.8399921991458215	6.581154639033638	7.7503887944840155	0.804
572	3.0708258397289723	1.8399921991458215	1.8119288397289723	2.5651321991458214	17.599909723069914	18.76914387852029	0.804
573	1.7150808147778072	3.3308121830391624	2.973977814777807	2.6056721830391627	11.461623131150107	12.630869049589492	0.804
574	-1.0755429213753571	2.345310385618253	0.9805840786246429	1.349250385618253	7.3194293594073905	8.872100229327796	0.804
575	0.9805840786246429	1.349250385618253	-1.0755429213753571	2.345310385618253	18.061039324168373	19.613710194088778	0.804
576	0.7953050743266015	3.8724294216905104	2.8514320743266017	2.8763694216905105	14.94648686126617	16.499056485486015	0.804
577	0.1935126177753762	0.6262315267589551	2.322339617775376	-1.2354004732410448	7.739702411534029	9.542549474524609	0.804
578	2.322339617775376	-1.2354004732410448	0.1935126177753762	0.6262315267589551	18.446779945663863	20.249627008654443	0.804
579	-0.38396364232276603	3.0110565499557693	1.7448633576772339	1.1494245499557696	13.333656037846659	15.136599386976116	0.804
580	0.6478480532421456	1.2610340100092425	1.2443660532421454	0.3134440100092426	7.31153520597269	8.327397608136875	0.804
581	1.2443660532421454	0.3134440100092426	0.6478480532421456	1.2610340100092425	17.505691520133336	18.52155392229752	0.804
582	0.5952185854691511	2.577569606642908	1.191736585469151	1.629979606642908	12.995812927754782	14.011680778232643	0.804
583	-1.014299606852429	2.443241106032386	-0.1735826068524291	1.630481106032386	7.105296101008558	8.144064934763422	0.804
584	-0.1735826068524291	1.630481106032386	-1.014299606852429	2.443241106032386	18.085595145501518	19.124363979256383	0.804
585	-0.8404635905942143	3.3293536058270403	2.534094057857761E-4	2.5165936058270404	15.092198182746214	16.130974004967957	0.804
586	-1.4638648208103997	2.2634856722509396	-0.01854782081039974	0.8399216722509398	7.0708965084995965	8.505563366576856	0.804
587	-0.01854782081039974	0.8399216722509398	-1.4638648208103997	2.2634856722509396	18.152387602657573	19.587054460734834	0.804
588	-0.7138391854370639	3.705562201109953	0.7314778145629361	2.2819982011099533	12.074051498406906	13.50875687012974	0.804
589	-0.5787907142975475	3.8798609913515465	0.06992328570245254	3.6375309913515466	7.468256009912119	8.287327644856402	0.804
590	0.06992328570245254	3.6375309913515466	-0.5787907142975475	3.8798609913515465	17.087804829251322	17.906876464195605	0.804
591	1.1076486936614065	2.1063993751612546	1.7563626936614063	1.8640693751612547	14.693793373469305	15.51285319230224	0.804
592	-0.06097217375914063	2.938586437280938	0.5877418262408594	2.696256437280938	7.157864644801622	7.976936252162346	0.804
593	0.5877418262408594	2.696256437280938	-0.06097217375914063	2.938586437280938	17.2733629446332	18.09243455199392	0.804
594	-1.0223432378969457	2.7806670418695933	-0.3736292378969458	2.5383370418695934	15.58692003819437	16.405989159212442	0.804
595	0.28699775670395933	1.3146256905761575	1.9212047567039594	0.9138456905761576	7.754823542661962	9.030096503240284	0.804
596	1.9212047567039594	0.9138456905761576	0.28699775670395933	1.3146256905761575	17.594169869169814	18.869442829748138	0.804
597	-0.29682358870882086	3.2936430475842693	1.3373834112911793	2.8928630475842696	13.289162266853435	14.564441580507928	0.804
598	0.9869313608214553	2.3026447279680933	1.8276483608214553	0.5118487279680937	7.35827110494845	8.769561253163095	0.804
599	1.8276483608214553	0.5118487279680937	0.9869313608214553	2.3026447279680933	17.18716679115541	18.598456939370056	0.804
600	1.357416245339637	2.147530277616351	2.198133245339637	0.3567342776163512	14.530892838719527	15.94204875805587	0.804
