ID 		 Origin_X 			 Origin_Y 		 Destination_X 		 Destination_Y 		 E_time 			 L_time 			 Max_Duration 			 Seats
1	0.05662600324525324	3.703729570756714	-0.3186799967547467	2.961189570756714	8.25684883861235	9.140194909525292	1.233346070912941	3
2	-0.3186799967547467	2.961189570756714	0.05662600324525324	2.961189570756714	16.98002759879807	17.652951847865953	1.022924249067883	3
3	-0.3186799967547467	2.961189570756714	-0.3186799967547467	2.961189570756714	10.799635301344109	16.786887083595506	6.337251782251396	4
4	-9.011145266184517E-4	2.721489489090415	-0.04439111452661848	1.4035594890904148	7.804393159861615	8.911966930539466	1.4575737706778509	3
5	-0.04439111452661848	1.4035594890904148	-9.011145266184517E-4	1.4035594890904148	17.82681199733698	18.346850247703244	0.8700382503662659	3
6	-0.04439111452661848	1.4035594890904148	-0.04439111452661848	1.4035594890904148	10.399723730821204	16.30336669497712	6.253642964155917	4
7	2.2071850449959785	2.919714481615513	2.8366350449959787	2.3499244816155134	7.336505406550947	8.227533380344124	1.2410279737931762	3
8	2.8366350449959787	2.3499244816155134	2.2071850449959785	2.3499244816155134	18.121423522974403	18.911445980850857	1.1400224578764537	3
9	2.8366350449959787	2.3499244816155134	2.8366350449959787	2.3499244816155134	9.407281321331496	17.018866487860816	7.96158516652932	4
10	2.405992302361883	2.170852638160656	2.757068302361883	2.4684926381606562	7.574935681431148	8.286915158591567	1.0619794771604192	3
11	2.757068302361883	2.4684926381606562	2.405992302361883	2.4684926381606562	18.197758135798217	18.85951828262709	1.011760146828872	3
12	2.757068302361883	2.4684926381606562	2.757068302361883	2.4684926381606562	10.600996978075594	16.135441953997326	5.884444975921731	4
13	1.6527272296916677	2.8992140667944124	1.9845432296916676	2.323824066794412	7.313607959990605	8.119530478981448	1.1559225189908422	3
14	1.9845432296916676	2.323824066794412	1.6527272296916677	2.323824066794412	18.251666992332325	18.904552991033942	1.002885998701617	3
15	1.9845432296916676	2.323824066794412	1.9845432296916676	2.323824066794412	10.462218169581517	16.713489259031654	6.601271089450137	4
16	1.4356668929988945	1.5354135960416002	1.7674828929988944	0.9600235960416003	6.7244893776338515	7.530437858771619	1.1559484811377678	3
17	1.7674828929988944	0.9600235960416003	1.4356668929988945	0.9600235960416003	16.614562219441975	17.267448218143592	1.002885998701617	3
18	1.7674828929988944	0.9600235960416003	1.7674828929988944	0.9600235960416003	10.089267263203224	16.84605822497254	7.106790961769317	4
19	-0.06141349049926148	1.3499195514214026	0.5680325095007385	1.1983095514214026	7.546340857690267	8.34465537338382	1.1483145156935524	3
20	0.5680325095007385	1.1983095514214026	-0.06141349049926148	1.1983095514214026	17.503547766377917	18.29356838123295	1.1400206148550347	3
21	0.5680325095007385	1.1983095514214026	0.5680325095007385	1.1983095514214026	9.776135570773482	17.162911521780394	7.736775951006912	4
22	-0.4689476494719549	1.4164735552293064	0.16049835052804506	1.2648635552293064	8.072632044930682	8.870946661230072	1.1483146162993898	3
23	0.16049835052804506	1.2648635552293064	-0.4689476494719549	1.2648635552293064	16.784766602493896	17.57478721734893	1.1400206148550347	3
24	0.16049835052804506	1.2648635552293064	0.16049835052804506	1.2648635552293064	8.872812497856897	16.632183307689154	8.109370809832257	4
25	1.2421974602415138	0.9246943770055969	2.668873460241514	0.5021643770055968	7.947089399195437	9.13262754382441	1.535538144628974	3
26	2.668873460241514	0.5021643770055968	1.2421974602415138	0.5021643770055968	18.39262637823269	19.54997498433857	1.5073486061058774	3
27	2.668873460241514	0.5021643770055968	2.668873460241514	0.5021643770055968	9.246486189268879	15.589754475992418	6.693268286723539	4
28	1.6216381426393172	2.0571355902946733	3.048314142639317	1.6346055902946732	6.287987832410341	7.473512279454064	1.535524447043723	3
29	3.048314142639317	1.6346055902946732	1.6216381426393172	1.6346055902946732	16.93181541541425	18.089164021520126	1.5073486061058774	3
30	3.048314142639317	1.6346055902946732	3.048314142639317	1.6346055902946732	10.438962067613396	16.497120044083626	6.40815797647023	4
31	1.1252963444445823	3.147694151115314	2.5519723444445823	2.725164151115314	8.549648654895021	9.735190532131444	1.5355418772364229	3
32	2.5519723444445823	2.725164151115314	1.1252963444445823	2.725164151115314	17.812197207825204	18.96954581393108	1.5073486061058774	3
33	2.5519723444445823	2.725164151115314	2.5519723444445823	2.725164151115314	10.384529905103998	16.636565624931418	6.60203571982742	4
34	-0.13735128350517734	1.8188368373924633	-0.17028428350517744	1.4447768373924632	8.959688996105108	9.63270521081498	1.0230162147098718	3
35	-0.17028428350517744	1.4447768373924632	-0.13735128350517734	1.4447768373924632	16.975180722882403	17.49035477897144	0.8651740560890374	3
36	-0.17028428350517744	1.4447768373924632	-0.17028428350517744	1.4447768373924632	9.825715269100883	16.792761376424608	7.3170461073237245	4
37	0.9021691930182089	1.535457983847327	1.1134351930182087	1.296227983847327	7.33048823708158	7.977530962335492	0.9970427252539119	3
38	1.1134351930182087	1.296227983847327	0.9021691930182089	1.296227983847327	16.624155998699333	17.221497939418576	0.947341940719243	3
39	1.1134351930182087	1.296227983847327	1.1134351930182087	1.296227983847327	9.815150956472548	17.493706346114905	8.028555389642356	4
40	-0.20377183404123	1.2699339762036943	-0.18450883404123009	1.6011339762036942	6.546454131230611	7.19931331735017	1.0028591861195593	3
41	-0.18450883404123009	1.6011339762036942	-0.20377183404123	1.6011339762036942	16.7052468508081	17.214122381201417	0.8588755303933183	3
42	-0.18450883404123009	1.6011339762036942	-0.18450883404123009	1.6011339762036942	10.100525661595547	15.224196146575757	5.473670484980209	4
43	1.4171582952129271	3.3207387139761786	2.421914295212927	3.4934887139761788	7.808713458268338	8.778445109464712	1.3197316511963746	3
44	2.421914295212927	3.4934887139761788	1.4171582952129271	3.4934887139761788	17.65167952459628	18.614626231540615	1.3129467069443366	3
45	2.421914295212927	3.4934887139761788	2.421914295212927	3.4934887139761788	10.635581096592942	17.131041068328237	6.845459971735295	4
46	0.5639887676443922	2.898403801357773	1.5687447676443922	3.071153801357773	7.350241430558469	8.319978312582016	1.3197368820235469	3
47	1.5687447676443922	3.071153801357773	0.5639887676443922	3.071153801357773	18.307790431032167	19.270737137976504	1.3129467069443366	3
48	1.5687447676443922	3.071153801357773	1.5687447676443922	3.071153801357773	10.008414113132211	16.511518374334717	6.853104261202505	4
49	0.30317855640731006	2.433965306105579	0.51444455640731	1.2166993061055789	8.104507217475076	9.17373921896313	1.4192320014880537	3
50	0.51444455640731	1.2166993061055789	0.30317855640731006	1.2166993061055789	17.41747650341322	18.014818444132462	0.947341940719243	3
51	0.51444455640731	1.2166993061055789	0.51444455640731	1.2166993061055789	9.537497393205374	16.605200301310333	7.417702908104959	4
52	1.9039682036637804	1.445033170007579	2.2015982036637802	1.868813170007579	7.6090890666529	8.347590507949214	1.0885014412963137	3
53	2.2015982036637802	1.868813170007579	1.9039682036637804	1.868813170007579	17.365833774085452	18.00296839023887	0.9871346161534177	3
54	2.2015982036637802	1.868813170007579	2.2015982036637802	1.868813170007579	10.447215963090363	16.56588332936488	6.468667366274516	4
55	0.5808984720450998	0.12521810113427367	1.0531384720450998	-0.8298298988657262	8.088825497103274	9.07968387282998	1.340858375726706	3
56	1.0531384720450998	-0.8298298988657262	0.5808984720450998	-0.8298298988657262	17.76432784671016	18.48191495530906	1.0675871085988988	3
57	1.0531384720450998	-0.8298298988657262	1.0531384720450998	-0.8298298988657262	9.995945251011547	15.964620399287725	6.318675148276178	4
58	2.304735671064984	1.0033955010608873	1.939986671064984	1.2047255010608873	8.234855640735455	8.926786585478114	1.0419309447426586	3
59	1.939986671064984	1.2047255010608873	2.304735671064984	1.2047255010608873	16.970548689626742	17.638608744417397	1.0180600547906544	3
60	1.939986671064984	1.2047255010608873	1.939986671064984	1.2047255010608873	10.63580378472414	16.578590008298267	6.292786223574128	4
61	0.9972481805822426	1.3489183856927889	0.6324991805822426	1.5502483856927889	8.199919889051529	8.891877043341236	1.0419571542897068	3
62	0.6324991805822426	1.5502483856927889	0.9972481805822426	1.5502483856927889	17.213020949375434	17.881081004166088	1.0180600547906544	3
63	0.6324991805822426	1.5502483856927889	0.6324991805822426	1.5502483856927889	10.320403521911786	16.15691368364209	6.186510161730306	4
64	0.10365808053423864	0.8402776220495317	-0.016891919465761296	1.1764376220495318	7.748776120699812	8.41332174845389	1.0145456277540785	3
65	-0.016891919465761296	1.1764376220495318	0.10365808053423864	1.1764376220495318	17.588888862655477	18.14443292063785	0.9055440579823738	3
66	-0.016891919465761296	1.1764376220495318	-0.016891919465761296	1.1764376220495318	9.357809944845313	16.382534172825995	7.374724227980682	4
67	1.317975810820123	0.16040435998425417	1.197425810820123	0.4965643599842542	7.205528117444937	7.870038662991967	1.0145105455470307	3
68	1.197425810820123	0.4965643599842542	1.317975810820123	0.4965643599842542	17.017410916576036	17.57295497455841	0.9055440579823738	3
69	1.197425810820123	0.4965643599842542	1.197425810820123	0.4965643599842542	10.30499540135966	16.335359681754376	6.380364280394716	4
70	2.791251494469333	1.2116513639591402	2.6707014944693332	1.5478113639591402	7.014903945777369	7.679284038989702	1.0143800932123335	3
71	2.6707014944693332	1.5478113639591402	2.791251494469333	1.5478113639591402	17.43985364487545	17.995397702857822	0.9055440579823738	3
72	2.6707014944693332	1.5478113639591402	2.6707014944693332	1.5478113639591402	10.157376432239833	16.501030226004836	6.693653793765003	4
73	1.6073978323336884	2.2769029632769175	2.1753278323336884	2.5658429632769177	7.324688154135844	8.118250856495676	1.1435627023598323	3
74	2.1753278323336884	2.5658429632769177	1.6073978323336884	2.5658429632769177	17.865459711862265	18.627136500331204	1.1116767884689396	3
75	2.1753278323336884	2.5658429632769177	2.1753278323336884	2.5658429632769177	9.726864483300295	16.256162292188563	6.879297808888268	4
76	1.8274617472941643	1.2119842751591106	2.3953917472941644	1.5009242751591108	7.8813010481924834	8.67485565677609	1.143554608583607	3
77	2.3953917472941644	1.5009242751591108	1.8274617472941643	1.5009242751591108	17.106393030036386	17.868069818505326	1.1116767884689396	3
78	2.3953917472941644	1.5009242751591108	2.3953917472941644	1.5009242751591108	9.379072925670755	16.446071281227425	7.41699835555667	4
79	0.5015678769714169	1.8159446717171412	1.315567876971417	2.1421646717171416	7.906376100010028	8.81042122650656	1.2540451264965315	3
80	1.315567876971417	2.1421646717171416	0.5015678769714169	2.1421646717171416	18.137782869295968	19.012837727841415	1.2250548585454468	3
81	1.315567876971417	2.1421646717171416	1.315567876971417	2.1421646717171416	9.99529102486904	16.065427366936106	6.420136342067066	4
82	-0.07480499675548935	0.32583516171928184	0.40924500324451074	0.05119116171928195	8.881031537796117	9.637458611722597	1.1064270739264797	3
83	0.40924500324451074	0.05119116171928195	-0.07480499675548935	0.05119116171928195	17.141100123080175	17.864128752415464	1.073028629335289	3
84	0.40924500324451074	0.05119116171928195	0.40924500324451074	0.05119116171928195	9.926067607905447	17.481340184874124	7.905272576968677	4
85	1.6963750171133392	2.4062106647479524	1.383822017113339	3.312800664747953	7.393031802228481	8.334732333939472	1.2917005317109918	3
86	1.383822017113339	3.312800664747953	1.6963750171133392	3.312800664747953	17.12884852769119	17.77285899599949	0.9940104683082985	3
87	1.383822017113339	3.312800664747953	1.383822017113339	3.312800664747953	11.0521699225774	17.265123460077962	6.562953537500562	4
88	0.5017839911967581	1.4667403719273397	0.828003991196758	2.1894003719273396	7.876371372764011	8.741673731100114	1.2153023583361038	3
89	0.828003991196758	2.1894003719273396	0.5017839911967581	2.1894003719273396	16.46695792801791	17.117265539755863	1.0003076117379543	3
90	0.828003991196758	2.1894003719273396	0.828003991196758	2.1894003719273396	9.724142077429471	16.94935105009736	7.5752089726678875	4
91	0.3587680948525689	0.36659691162147445	1.031708094852569	1.1147369116214745	8.108565014064451	9.072184932075096	1.313619918010645	3
92	1.031708094852569	1.1147369116214745	0.3587680948525689	1.1147369116214745	17.29963525802455	18.10969596626727	1.1600607082427197	3
93	1.031708094852569	1.1147369116214745	1.031708094852569	1.1147369116214745	9.051007147065334	16.150813740525333	7.449806593459998	4
94	0.4138793507816936	0.7763526313035469	1.0868193507816937	1.524492631303547	7.573997049443686	8.537613857705393	1.3136168082617075	3
95	1.0868193507816937	1.524492631303547	0.4138793507816936	1.524492631303547	16.76591742892828	17.575978137171	1.1600607082427197	3
96	1.0868193507816937	1.524492631303547	1.0868193507816937	1.524492631303547	9.694599859105038	16.938767928681475	7.594168069576437	4
97	2.3454505243324566	0.20453137635203755	0.9187745243324564	0.6270613763520376	7.112201108852111	8.297749018818312	1.5355479099662008	3
98	0.9187745243324564	0.6270613763520376	2.3454505243324566	0.6270613763520376	17.46253078465244	18.619879390758317	1.5073486061058774	3
99	0.9187745243324564	0.6270613763520376	0.9187745243324564	0.6270613763520376	9.993938010257763	16.495644361810893	6.85170635155313	4
100	2.600053752061264	2.462089376615373	1.1733777520612638	2.884619376615373	7.886075821493416	9.0716161913173	1.535540369823884	3
101	1.1733777520612638	2.884619376615373	2.600053752061264	2.884619376615373	17.38905345027375	18.546402056379627	1.5073486061058774	3
102	1.1733777520612638	2.884619376615373	1.1733777520612638	2.884619376615373	9.534492340868212	16.635048735810344	7.450556394942131	4
103	3.671992790293964	1.4194663582961782	2.8747627902939636	1.6903863582961782	6.874629640787827	7.762522391281006	1.2378927504931796	3
104	2.8747627902939636	1.6903863582961782	3.671992790293964	1.6903863582961782	17.735311062072846	18.60263905332369	1.2173279912508428	3
105	2.8747627902939636	1.6903863582961782	2.8747627902939636	1.6903863582961782	9.546708260410183	15.947715647938605	6.751007387528421	4
106	3.5531025610590996	1.736641545768357	2.9006525610590996	2.603451545768357	7.348546001937112	8.3479209881548	1.3493749862176894	3
107	2.9006525610590996	2.603451545768357	3.5531025610590996	2.603451545768357	18.1644425776572	18.965062408686656	1.1506198310294544	3
108	2.9006525610590996	2.603451545768357	2.9006525610590996	2.603451545768357	9.828318751291084	17.373766119803083	7.895447368511999	4
109	2.943802114068365	2.8396067146773616	1.4841931140683648	2.8880767146773616	7.440419078621147	8.613311874132137	1.5228927955109897	3
110	1.4841931140683648	2.8880767146773616	2.943802114068365	2.8880767146773616	17.325977136930046	18.498499799124964	1.5225226621949184	3
111	1.4841931140683648	2.8880767146773616	1.4841931140683648	2.8880767146773616	10.592894648172239	16.374624131754164	6.131729483581925	4
112	1.6295591034535013	2.9990708503863575	0.16995010345350126	3.0475408503863575	6.577410299790366	7.750303557065685	1.5228932572753187	3
113	0.16995010345350126	3.0475408503863575	1.6295591034535013	3.0475408503863575	16.933286159931654	18.105808822126573	1.5225226621949184	3
114	0.16995010345350126	3.0475408503863575	0.16995010345350126	3.0475408503863575	9.65899716043351	15.963985954663716	6.654988794230206	4
115	2.771228302522291	2.45038885742938	1.3116193025222906	2.49885885742938	7.430651556842307	8.603544435191395	1.5228928783490887	3
116	1.3116193025222906	2.49885885742938	2.771228302522291	2.49885885742938	18.028338881778083	19.200861543973	1.5225226621949184	3
117	1.3116193025222906	2.49885885742938	1.3116193025222906	2.49885885742938	10.103395990044586	16.733297526160907	6.979901536116321	4
118	2.81477868840384	2.6062485491792096	2.53391868840384	2.7796085491792097	6.6740101959416	7.326038894576723	1.0020286986351237	3
119	2.53391868840384	2.7796085491792097	2.81477868840384	2.7796085491792097	16.770509962049278	17.399917710908092	0.9794077488588137	3
120	2.53391868840384	2.7796085491792097	2.53391868840384	2.7796085491792097	10.660430596772194	17.28268032598564	6.972249729213447	4
121	2.8634349181820746	-0.024367071393986084	1.4560219181820746	0.7293629286060139	7.20271961718426	8.43821055827194	1.5854909410876803	3
122	1.4560219181820746	0.7293629286060139	2.8634349181820746	0.7293629286060139	17.588166713833385	18.736639789545944	1.498473075712559	3
123	1.4560219181820746	0.7293629286060139	1.4560219181820746	0.7293629286060139	9.702246311913813	17.062730136027184	7.710483824113371	4
124	2.5099147277630625	1.7385643758165896	1.1025017277630622	2.4922943758165896	7.855483818348818	9.091009751517605	1.5855259331687876	3
125	1.1025017277630622	2.4922943758165896	2.5099147277630625	2.4922943758165896	17.01080580961914	18.159278885331698	1.498473075712559	3
126	1.1025017277630622	2.4922943758165896	1.1025017277630622	2.4922943758165896	9.195383259865826	16.052824141460906	7.20744088159508	4
127	3.529671287411403	2.1157539958520313	2.122258287411403	2.8694839958520313	7.005713015954446	8.241121088429846	1.5854080724754005	3
128	2.122258287411403	2.8694839958520313	3.529671287411403	2.8694839958520313	17.003092314623817	18.151565390336376	1.498473075712559	3
129	2.122258287411403	2.8694839958520313	2.122258287411403	2.8694839958520313	9.741803191863225	15.572079456913295	6.18027626505007	4
130	1.2538045926081338	1.6490995703751443	0.8318845926081337	2.2443795703751444	7.322273823931931	8.158421865403394	1.1861480414714634	3
131	0.8318845926081337	2.2443795703751444	1.2538045926081338	2.2443795703751444	17.23002324956957	17.92442514873111	1.044401899161541	3
132	0.8318845926081337	2.2443795703751444	0.8318845926081337	2.2443795703751444	10.766977008767864	16.43494556412648	6.017968555358616	4
133	3.0788979716431015	2.068651753896386	1.8634879716431014	1.273915753896386	7.891262320546538	9.060171954633008	1.5189096340864698	3
134	1.8634879716431014	1.273915753896386	3.0788979716431015	1.273915753896386	18.12138971660085	19.181396381987486	1.4100066653866379	3
135	1.8634879716431014	1.273915753896386	1.8634879716431014	1.273915753896386	10.565270447186888	16.37417910221854	6.158908655031652	4
136	1.94842271121013	1.921065634506204	0.7330127112101299	1.1263296345062042	7.238619454868631	8.407660549628954	1.5190410947603232	3
137	0.7330127112101299	1.1263296345062042	1.94842271121013	1.1263296345062042	18.04452041299362	19.104527078380258	1.4100066653866379	3
138	0.7330127112101299	1.1263296345062042	0.7330127112101299	1.1263296345062042	10.20744185223375	17.010739829134458	7.153297976900708	4
139	1.9869874017774534	-0.9292362337116113	0.8772164017774533	0.6782517662883887	7.5781577821837365	8.97797822963866	1.749820447454924	3
140	0.8772164017774533	0.6782517662883887	1.9869874017774534	0.6782517662883887	17.537739773952836	18.549072704447724	1.3613329304948878	3
141	0.8772164017774533	0.6782517662883887	0.8772164017774533	0.6782517662883887	10.486849954272927	16.460129651076276	6.323279696803349	4
142	1.4682836224405615	1.7724378570812251	0.6642276224405618	3.302875857081225	7.560250117301497	8.856690362603276	1.6464402453017786	3
143	0.6642276224405618	3.302875857081225	1.4682836224405615	3.302875857081225	16.550598228913866	17.421071336214382	1.2204731073005157	3
144	0.6642276224405618	3.302875857081225	0.6642276224405618	3.302875857081225	9.363643574681648	15.65272644686385	6.639082872182202	4
145	0.8688828586409789	-0.8906521058073344	0.415902858640979	0.9374258941926654	7.339158553253102	8.706875092172526	1.7177165389194236	3
146	0.415902858640979	0.9374258941926654	0.8688828586409789	0.9374258941926654	16.969333074284666	17.67804603475631	1.0587129604716439	3
147	0.415902858640979	0.9374258941926654	0.415902858640979	0.9374258941926654	9.913205473660378	16.618366690562404	7.055161216902025	4
148	2.33840671021608	-1.0345702348742931	1.8854267102160804	0.7935077651257068	8.583950127321579	9.951162679582987	1.7172125522614086	3
149	1.8854267102160804	0.7935077651257068	2.33840671021608	0.7935077651257068	17.836440375647374	18.545153336119018	1.0587129604716439	3
150	1.8854267102160804	0.7935077651257068	1.8854267102160804	0.7935077651257068	10.440500615605877	16.695265879058734	6.604765263452856	4
151	0.16736313616854814	0.6088539476665527	-0.30487686383145185	1.5639019476665525	7.491898906790955	8.482797102812484	1.3408981960215285	3
152	-0.30487686383145185	1.5639019476665525	0.16736313616854814	1.5639019476665525	16.870528595912944	17.588115704511843	1.0675871085988988	3
153	-0.30487686383145185	1.5639019476665525	-0.30487686383145185	1.5639019476665525	9.933721995656553	15.52984058279812	5.946118587141566	4
154	2.333533719056632	0.0505050012203572	1.3082687190566324	1.9655730012203572	7.271254598552196	8.771725452945459	1.8504708543932629	3
155	1.3082687190566324	1.9655730012203572	2.333533719056632	1.9655730012203572	17.534684141753328	18.507080480262662	1.3223963385093342	3
156	1.3082687190566324	1.9655730012203572	1.3082687190566324	1.9655730012203572	9.24594057039367	16.6128692162463	7.716928645852629	4
157	2.054450189854352	1.6098864532092438	1.2174611898543521	2.766264453209244	6.915792795057484	8.073342010672734	1.5075492156152506	3
158	1.2174611898543521	2.766264453209244	2.054450189854352	2.766264453209244	16.332399783407034	17.218046946796587	1.2356471633895532	3
159	1.2174611898543521	2.766264453209244	1.2174611898543521	2.766264453209244	9.47262786435778	16.42960761024052	7.306979745882741	4
160	2.2171583505739934	-0.8030470651456614	1.6243683505739934	0.48816093485433854	7.793266935529974	8.947593095100096	1.5043261595701218	3
161	1.6243683505739934	0.48816093485433854	2.2171583505739934	0.48816093485433854	17.465260400105826	18.2383915666871	1.1231311665812727	3
162	1.6243683505739934	0.48816093485433854	1.6243683505739934	0.48816093485433854	9.746135048649736	15.983482666670591	6.587347618020855	4
163	1.468702661365772	-0.27704249807697257	1.8104626613657722	1.0042255019230275	7.9803492846833795	9.091106308640644	1.4607570239572643	3
164	1.8104626613657722	1.0042255019230275	1.468702661365772	1.0042255019230275	17.2511051444079	17.908572894354453	1.0074677499465516	3
165	1.8104626613657722	1.0042255019230275	1.8104626613657722	1.0042255019230275	10.205354576478484	16.590417193772414	6.735062617293929	4
166	0.42980465035893145	1.2136349000736346	-0.3549883496410685	3.0752729000736343	7.271369974819807	8.702225846272702	1.780855871452895	3
167	-0.3549883496410685	3.0752729000736343	0.42980465035893145	3.0752729000736343	17.388851596579247	18.250449173486444	1.2115975769071974	3
168	-0.3549883496410685	3.0752729000736343	-0.3549883496410685	3.0752729000736343	10.09344078563791	16.70702902600179	6.963588240363881	4
169	3.279859340039512	0.35045772343510645	2.495066340039512	2.212095723435106	7.866047452090917	9.295899975714565	1.7798525236236489	3
170	2.495066340039512	2.212095723435106	3.279859340039512	2.212095723435106	17.102985709577162	17.96458328648436	1.2115975769071974	3
171	2.495066340039512	2.212095723435106	2.495066340039512	2.212095723435106	9.657843415833625	16.359282416576473	7.051439000742848	4
172	2.3086524898002825	0.8457427508812702	2.509352489800283	2.54893075088127	7.146862556589166	8.436355992357951	1.639493435768785	3
173	2.509352489800283	2.54893075088127	2.3086524898002825	2.54893075088127	17.373228108240813	17.965701707884634	0.9424735996438208	3
174	2.509352489800283	2.54893075088127	2.509352489800283	2.54893075088127	10.42480503338108	15.764481867413854	5.689676834032774	4
175	1.3506797604957599	1.9700434762511732	1.55137976049576	3.673231476251173	7.293747111143552	8.583679430702144	1.6399323195585924	3
176	1.55137976049576	3.673231476251173	1.3506797604957599	3.673231476251173	18.166870101955762	18.759343701599583	0.9424735996438208	3
177	1.55137976049576	3.673231476251173	1.55137976049576	3.673231476251173	9.525576399384878	15.952729292832624	6.777152893447745	4
178	0.2566892184585978	-0.33331928626347884	0.4573892184585979	1.369868713736521	7.097521379002065	8.387688499167005	1.6401671201649406	3
179	0.4573892184585979	1.369868713736521	0.2566892184585978	1.369868713736521	16.93501642520219	17.52749002484601	0.9424735996438208	3
180	0.4573892184585979	1.369868713736521	0.4573892184585979	1.369868713736521	10.213433964801963	16.838372736009873	6.97493877120791	4
181	2.7142563650504847	0.6944762518356419	1.214880365050485	1.9825782518356418	6.5142197769353	7.924755623663564	1.760535846728264	3
182	1.214880365050485	1.9825782518356418	2.7142563650504847	1.9825782518356418	18.022233159116876	19.213078679493336	1.5408455203764597	3
183	1.214880365050485	1.9825782518356418	1.214880365050485	1.9825782518356418	9.511783557634653	17.00639622404581	7.844612666411159	4
184	2.1679112715905755	1.2185415391878134	0.6685352715905757	2.5066435391878135	7.654604341789745	9.0652490299452	1.760644688155455	3
185	0.6685352715905757	2.5066435391878135	2.1679112715905755	2.5066435391878135	18.30710040274796	19.49794592312442	1.5408455203764597	3
186	0.6685352715905757	2.5066435391878135	0.6685352715905757	2.5066435391878135	9.465052465620142	16.28815597995533	7.173103514335189	4
187	0.694408304974766	1.080481771300517	-0.4731516950252339	1.7931937713005168	7.072553490798946	8.202818191510572	1.480264700711626	3
188	-0.4731516950252339	1.7931937713005168	0.694408304974766	1.7931937713005168	17.081472606644734	18.119432128319577	1.3879595216748428	3
189	-0.4731516950252339	1.7931937713005168	-0.4731516950252339	1.7931937713005168	10.272424230271138	16.098745132178955	6.1763209019078165	4
190	2.0682962209199887	0.1851650498302776	1.198366220919989	1.3216570498302775	8.262021515775304	9.421291111427907	1.509269595652603	3
191	1.198366220919989	1.3216570498302775	2.0682962209199887	1.3216570498302775	18.45619839261164	19.357023298133065	1.2508249055214251	3
192	1.198366220919989	1.3216570498302775	1.198366220919989	1.3216570498302775	9.428113165606758	16.200088857383715	7.1219756917769566	4
193	1.4146131347199935	-0.12036283293284966	0.12650313471999375	0.9285091670671503	7.018614736138883	8.283956219826823	1.6153414836879407	3
194	0.12650313471999375	0.9285091670671503	1.4146131347199935	0.9285091670671503	16.70681416089129	17.80031774054851	1.4435035796572202	3
195	0.12650313471999375	0.9285091670671503	0.12650313471999375	0.9285091670671503	10.824559896595254	16.84159429108635	6.367034394491094	4
196	1.2936070617614308	-0.5102340925523602	0.6939770617614309	0.4914179074476399	7.340003569978195	8.377835912721952	1.3878323427437578	3
197	0.6939770617614309	0.4914179074476399	1.2936070617614308	0.4914179074476399	17.387517118419222	18.16379985162513	1.1262827332059069	3
198	0.6939770617614309	0.4914179074476399	0.6939770617614309	0.4914179074476399	9.80681221099493	17.110441865305067	7.653629654310135	4
199	1.1376444048058743	0.19331393208452408	0.6430244048058744	1.6541659320845241	7.355825937827751	8.566377167387987	1.5605512295602364	3
200	0.6430244048058744	1.6541659320845241	1.1376444048058743	1.6541659320845241	17.16696529105492	17.894864104487045	1.0778988134321232	3
201	0.6430244048058744	1.6541659320845241	0.6430244048058744	1.6541659320845241	9.809852567776698	17.194486210747794	7.734633642971096	4
202	-0.6683826830208536	3.159048641045774	-0.04514768302085348	1.3844116410457739	6.975480310081602	8.342093054094931	1.7166127440133292	3
203	-0.04514768302085348	1.3844116410457739	-0.6683826830208536	1.3844116410457739	17.455095499906534	18.2422543632549	1.137158863348367	3
204	-0.04514768302085348	1.3844116410457739	-0.04514768302085348	1.3844116410457739	9.699663373057003	16.270719725428634	6.921056352371631	4
205	-0.5253852207649637	2.429387570524735	0.09784977923503635	0.6547505705247353	8.192988867359109	9.559611198793345	1.7166223314342361	3
206	0.09784977923503635	0.6547505705247353	-0.5253852207649637	0.6547505705247353	17.41241712199496	18.19957598534333	1.1371588633483705	3
207	0.09784977923503635	0.6547505705247353	0.09784977923503635	0.6547505705247353	9.46750697035071	16.063297493210335	6.945790522859625	4
208	-0.9633924035121543	1.4631344264362156	-0.3401574035121542	-0.3115025735637844	6.813019784967274	8.179597565335792	1.7165777803685178	3
209	-0.3401574035121542	-0.3115025735637844	-0.9633924035121543	-0.3115025735637844	17.030244442796523	17.81740330614489	1.137158863348367	3
210	-0.3401574035121542	-0.3115025735637844	-0.3401574035121542	-0.3115025735637844	10.164614610278838	16.28424334176693	6.469628731488093	4
211	0.48123642092822216	1.01327707627806	1.1044714209282223	-0.76135992372194	6.691046280193742	8.057600110945978	1.7165538307522366	3
212	1.1044714209282223	-0.76135992372194	0.48123642092822216	-0.76135992372194	17.69178119231377	18.478940055662136	1.137158863348367	3
213	1.1044714209282223	-0.76135992372194	1.1044714209282223	-0.76135992372194	10.067810294985536	17.276148541718207	7.558338246732671	4
214	1.3166924872839867	1.174372083763195	1.3166924872839867	1.174372083763195	7.0961359788290235	7.5961359788290235	0.85	3
215	1.3166924872839867	1.174372083763195	1.3166924872839867	1.174372083763195	17.273838842288658	17.773838842288658	0.85	3
216	1.3166924872839867	1.174372083763195	1.3166924872839867	1.174372083763195	9.526901402285953	16.59800460655779	7.421103204271837	4
217	-0.4327742108196123	1.7462598253314914	-0.4327742108196123	1.7462598253314914	7.694439730283445	8.194439730283445	0.85	3
218	-0.4327742108196123	1.7462598253314914	-0.4327742108196123	1.7462598253314914	17.181548533558562	17.681548533558562	0.85	3
219	-0.4327742108196123	1.7462598253314914	-0.4327742108196123	1.7462598253314914	10.536392633639567	16.14260323411624	5.956210600476673	4
220	2.3012780436451745	2.3885336678277036	2.3012780436451745	2.3885336678277036	6.569150401372047	7.069150401372047	0.85	3
221	2.3012780436451745	2.3885336678277036	2.3012780436451745	2.3885336678277036	17.65187899525409	18.15187899525409	0.85	3
222	2.3012780436451745	2.3885336678277036	2.3012780436451745	2.3885336678277036	10.251761116552453	15.962311395135238	6.0605502785827845	4
223	1.1251472416920552	3.0408743084875987	0.9368712416920552	3.7995643084875987	8.022345251618097	8.882463655725498	1.2101184041074018	3
224	0.9368712416920552	3.7995643084875987	1.1251472416920552	3.7995643084875987	17.85762180270117	18.444370977820952	0.9367491751197811	3
225	0.9368712416920552	3.7995643084875987	0.9368712416920552	3.7995643084875987	10.005661785488819	16.220934788087586	6.565273002598767	4
226	-0.1699779180873544	1.6660847483106276	-0.3582539180873544	2.424774748310628	8.224325839159533	9.08449556742665	1.2101697282671169	3
227	-0.3582539180873544	2.424774748310628	-0.1699779180873544	2.424774748310628	18.405571686512353	18.992320861632134	0.9367491751197811	3
228	-0.3582539180873544	2.424774748310628	-0.3582539180873544	2.424774748310628	10.109266758801137	17.067134425807907	7.30786766700677	4
229	0.8357732955413669	1.8524971540948063	0.2678432955413669	1.5635571540948061	6.750423653428478	7.544016437937646	1.1435927845091682	3
230	0.2678432955413669	1.5635571540948061	0.8357732955413669	1.5635571540948061	17.42540313755284	18.18707992602178	1.1116767884689396	3
231	0.2678432955413669	1.5635571540948061	0.2678432955413669	1.5635571540948061	10.6315005036079	16.885119758841654	6.603619255233754	4
232	0.4382899951999799	2.406071814002688	1.0379199951999798	1.4044198140026882	7.505969617926517	8.543828667589237	1.3878590496627194	3
233	1.0379199951999798	1.4044198140026882	0.4382899951999799	1.4044198140026882	17.325486969130324	18.101769702336227	1.1262827332059033	3
234	1.0379199951999798	1.4044198140026882	1.0379199951999798	1.4044198140026882	9.981057007570243	15.702968607875158	6.071911600304915	4
235	1.0573388216225514	0.4137486681200757	1.4879488216225516	-0.9333863318799244	7.42830307715839	8.57979451179837	1.5014914346399801	3
236	1.4879488216225516	-0.9333863318799244	1.0573388216225514	-0.9333863318799244	17.812838828297775	18.511244691489733	1.0484058631919582	3
237	1.4879488216225516	-0.9333863318799244	1.4879488216225516	-0.9333863318799244	10.456150065171474	16.010750629397442	5.904600564225968	4
238	1.7474924721681966	0.9676047432380864	0.6265374721681967	1.6386847432380862	7.504685794260052	8.606616567101781	1.4519307728417297	3
239	0.6265374721681967	1.6386847432380862	1.7474924721681966	1.6386847432380862	17.69350939187633	18.709995410255704	1.366486018379375	3
240	0.6265374721681967	1.6386847432380862	0.6265374721681967	1.6386847432380862	10.00139754974944	17.149570224035482	7.498172674286042	4
241	1.5134018228699149	3.2332350871458493	0.39244682286991495	3.904315087145849	6.795716211935911	7.897659101333807	1.451942889397896	3
242	0.39244682286991495	3.904315087145849	1.5134018228699149	3.904315087145849	18.057318770236314	19.07380478861569	1.366486018379375	3
243	0.39244682286991495	3.904315087145849	0.39244682286991495	3.904315087145849	9.844879857119047	16.774169138401753	7.279289281282706	4
244	0.9727627714419089	0.36012538234325797	-0.1481922285580911	1.0312053823432579	6.377669858546889	7.4796306023035175	1.4519607437566289	3
245	-0.1481922285580911	1.0312053823432579	0.9727627714419089	1.0312053823432579	16.963381697078024	17.9798677154574	1.366486018379375	3
246	-0.1481922285580911	1.0312053823432579	-0.1481922285580911	1.0312053823432579	10.658298896306679	16.547473621533364	6.239174725226684	4
247	2.0304126903564272	2.081796117976335	0.9094576903564271	2.752876117976335	7.903019607397749	9.004932200119093	1.4519125927213445	3
248	0.9094576903564271	2.752876117976335	2.0304126903564272	2.752876117976335	17.193977074372345	18.21046309275172	1.366486018379375	3
249	0.9094576903564271	2.752876117976335	0.9094576903564271	2.752876117976335	9.659198573034399	15.847443411595274	6.538244838560875	4
250	1.1593604769673505	1.6801372751956676	0.038405476967350305	2.3512172751956677	7.113883721655131	8.215839900980509	1.4519561793253781	3
251	0.038405476967350305	2.3512172751956677	1.1593604769673505	2.3512172751956677	17.898149207135784	18.91463522551516	1.366486018379375	3
252	0.038405476967350305	2.3512172751956677	0.038405476967350305	2.3512172751956677	9.569581461467928	16.297718820374005	7.078137358906076	4
253	0.2748371950897104	2.2620765282765527	-0.8461178049102897	2.9331565282765526	8.138476188759967	9.240439070792762	1.4519628820327957	3
254	-0.8461178049102897	2.9331565282765526	0.2748371950897104	2.9331565282765526	18.076194228600507	19.09268024697988	1.366486018379375	3
255	-0.8461178049102897	2.9331565282765526	-0.8461178049102897	2.9331565282765526	9.28240242819109	17.329505715866006	8.397103287674915	4
256	3.2794837214643024	1.5797771769614113	2.158528721464302	2.250857176961411	7.433929021156031	8.535715131789273	1.451786110633242	3
257	2.158528721464302	2.250857176961411	3.2794837214643024	2.250857176961411	17.94083184011149	18.957317858490864	1.366486018379375	3
258	2.158528721464302	2.250857176961411	2.158528721464302	2.250857176961411	10.621414477615053	17.421430763867367	7.150016286252313	4
259	0.4555118014874042	2.4695739835349504	-0.6654431985125958	3.1406539835349503	6.921949614709074	8.023914204036217	1.4519645893271425	3
260	-0.6654431985125958	3.1406539835349503	0.4555118014874042	3.1406539835349503	16.92411583294566	17.940601851325034	1.366486018379375	3
261	-0.6654431985125958	3.1406539835349503	-0.6654431985125958	3.1406539835349503	9.047313140312948	16.16973048064181	7.472417340328862	4
262	2.6110229940183167	2.203854167940545	1.9225429940183165	2.251074167940544	7.1860256991718305	8.003990603651932	1.1679649044801015	3
263	1.9225429940183165	2.251074167940544	2.6110229940183167	2.251074167940544	17.32589666416358	18.143117510614893	1.1672208464513134	3
264	1.9225429940183165	2.251074167940544	1.9225429940183165	2.251074167940544	10.588070479414995	17.08683880819254	6.848768328777544	4
265	0.9157366070046423	2.330356788785427	0.22725660700464234	2.3775767887854267	7.581005000155161	8.39897099508405	1.1679659949288879	3
266	0.22725660700464234	2.3775767887854267	0.9157366070046423	2.3775767887854267	18.024581801221192	18.841802647672505	1.1672208464513134	3
267	0.22725660700464234	2.3775767887854267	0.22725660700464234	2.3775767887854267	9.518508868458115	15.990849240342069	6.8223403718839535	4
268	0.6468577040994523	0.45998415558099726	0.4604377040994523	1.158408155580997	7.373464211685146	8.206518160413085	1.1830539487279386	3
269	0.4604377040994523	1.158408155580997	0.6468577040994523	1.158408155580997	17.33586601602103	17.9217600292029	0.9358940131818713	3
270	0.4604377040994523	1.158408155580997	0.4604377040994523	1.158408155580997	10.370235373985231	16.546651579252835	6.526416205267603	4
271	1.1539336494406895	1.8615471776178025	1.2235236494406896	1.4439841776178026	7.542854260678724	8.237861344685594	1.0450070840068704	3
272	1.2235236494406896	1.4439841776178026	1.1539336494406895	1.4439841776178026	18.052128201488603	18.58419216660676	0.8820639651181551	3
273	1.2235236494406896	1.4439841776178026	1.2235236494406896	1.4439841776178026	10.111508244893768	17.386371525543197	7.6248632806494285	4
274	1.4385861549201375	2.092567166073883	1.0247461549201375	1.552594166073883	7.463180461549758	8.276595181754592	1.1634147202048344	3
275	1.0247461549201375	1.552594166073883	1.4385861549201375	1.552594166073883	16.825873006690234	17.51655200258759	1.0406789958973577	3
276	1.0247461549201375	1.552594166073883	1.0247461549201375	1.552594166073883	10.114927102750329	16.149122667511147	6.384195564760818	4
277	3.2271065669990406	0.14203177302581216	2.190031566999041	1.376695773025812	7.711665164608058	8.954106856446343	1.5924416918382849	3
278	2.190031566999041	1.376695773025812	3.2271065669990406	1.376695773025812	18.172942259781326	19.15078011902705	1.3278378592457245	3
279	2.190031566999041	1.376695773025812	2.190031566999041	1.376695773025812	9.555501887386601	16.505602438711314	7.300100551324713	4
280	1.95118749826654	2.4063645557980404	0.9141124982665401	3.641028555798041	7.8233836241897965	9.066175725612442	1.592792101422646	3
281	0.9141124982665401	3.641028555798041	1.95118749826654	3.641028555798041	17.574483619044713	18.552321478290438	1.3278378592457245	3
282	0.9141124982665401	3.641028555798041	0.9141124982665401	3.641028555798041	10.154030893809674	16.14534305024326	6.341312156433585	4
283	0.9436417522367742	0.9057041415379359	-0.09343324776322592	2.1403681415379356	7.271290626512473	8.514206908770625	1.5929162822581522	3
284	-0.09343324776322592	2.1403681415379356	0.9436417522367742	2.1403681415379356	16.855224826795673	17.833062686041398	1.3278378592457245	3
285	-0.09343324776322592	2.1403681415379356	-0.09343324776322592	2.1403681415379356	10.159338395357311	16.523775768760096	6.7144373734027845	4
286	2.530585199009172	0.33905514833270267	1.925985199009172	0.9498591483327026	6.3951655536216965	7.291001121213524	1.2458355675918278	3
287	1.925985199009172	0.9498591483327026	2.530585199009172	0.9498591483327026	18.216444240082712	18.995016927400375	1.128572687317663	3
288	1.925985199009172	0.9498591483327026	1.925985199009172	0.9498591483327026	9.343958545789906	16.36807623554984	7.374117689759933	4
289	-0.6529775380714148	2.6664418176718137	-0.042794538071414756	2.183631817671814	7.114692881620606	7.973200222461506	1.2085073408409008	3
290	-0.042794538071414756	2.183631817671814	-0.6529775380714148	2.183631817671814	17.82469564883928	18.605840733300997	1.1311450844617164	3
291	-0.042794538071414756	2.183631817671814	-0.042794538071414756	2.183631817671814	9.934769216385435	16.481486569351457	6.8967173529660215	4
292	-0.6650434150526757	2.608760646506271	0.11974958494732424	0.747122646506271	8.050173671347189	9.481020761238167	1.7808470898909783	3
293	0.11974958494732424	0.747122646506271	-0.6650434150526757	0.747122646506271	17.779192906814156	18.640790483721354	1.2115975769071974	3
294	0.11974958494732424	0.747122646506271	0.11974958494732424	0.747122646506271	9.724709897877306	16.194798397650313	6.820088499773007	4
295	1.6194374623210486	3.3842955989696284	2.0022004623210488	1.6630885989696282	7.325707043185919	8.637747225799634	1.662040182613715	3
296	2.0022004623210488	1.6630885989696282	1.6194374623210486	1.6630885989696282	17.64453033187478	18.32089043362101	1.02636010174623	3
297	2.0022004623210488	1.6630885989696282	2.0022004623210488	1.6630885989696282	8.051620822415122	15.750478251333941	8.048857428918819	4
298	1.5389258346313595	2.478313814107607	1.9216888346313594	0.7571068141076074	7.288886021082022	8.60095981647404	1.662073795392018	3
299	1.9216888346313594	0.7571068141076074	1.5389258346313595	0.7571068141076074	17.772737242266615	18.449097344012845	1.02636010174623	3
300	1.9216888346313594	0.7571068141076074	1.9216888346313594	0.7571068141076074	9.759519208465983	16.748882307202734	7.339363098736751	4
301	2.092120654932518	3.220346905324111	1.851648654932518	3.2737769053241106	8.127832341516552	8.74132992234746	0.9634975808309075	3
302	1.851648654932518	3.2737769053241106	2.092120654932518	3.2737769053241106	17.343280288229305	17.954079049831446	0.9607987616021404	3
303	1.851648654932518	3.2737769053241106	1.851648654932518	3.2737769053241106	9.135458656544323	17.071671196216446	8.286212539672123	4
304	2.2189550225622803	3.3307040402052235	2.0996550225622803	1.8903570402052234	8.102787960314062	9.268238319403684	1.515450359089622	3
305	2.0996550225622803	1.8903570402052234	2.2189550225622803	1.8903570402052234	18.004864601348054	18.559832715137333	0.904968113789279	3
306	2.0996550225622803	1.8903570402052234	2.0996550225622803	1.8903570402052234	10.447478702669846	15.216636100669637	5.119157397999791	4
307	2.80733909973139	3.151751104781455	2.68803909973139	1.711404104781455	7.863878260170283	9.029037855756513	1.5151595955862303	3
308	2.68803909973139	1.711404104781455	2.80733909973139	1.711404104781455	16.53345787987621	17.08842599366549	0.904968113789279	3
309	2.68803909973139	1.711404104781455	2.68803909973139	1.711404104781455	10.186552112544858	16.689688439807906	6.853136327263048	4
310	1.373558429458895	2.0673408443384345	0.770828429458895	0.5045838443384347	8.510822506823423	9.782448822289581	1.6216263154661577	3
311	0.770828429458895	0.5045838443384347	1.373558429458895	0.5045838443384347	18.14497525864819	18.92268633345298	1.1277110748047883	3
312	0.770828429458895	0.5045838443384347	0.770828429458895	0.5045838443384347	9.933826199348797	16.654867241709855	7.071041042361058	4
313	0.20734396832420954	1.7263289567226312	-0.39538603167579045	0.1635719567226313	7.116058622318778	8.387801668787233	1.6217430464684557	3
314	-0.39538603167579045	0.1635719567226313	0.20734396832420954	0.1635719567226313	17.82624179943651	18.603952874241298	1.1277110748047883	3
315	-0.39538603167579045	0.1635719567226313	-0.39538603167579045	0.1635719567226313	9.654490428023633	15.583008914478654	6.27851848645502	4
316	2.7051275386872153	2.918227910959063	2.102397538687215	1.3554709109590632	7.36963936650305	8.64079215796324	1.6211527914601898	3
317	2.102397538687215	1.3554709109590632	2.7051275386872153	1.3554709109590632	18.536404639284346	19.314115714089134	1.1277110748047883	3
318	2.102397538687215	1.3554709109590632	2.102397538687215	1.3554709109590632	10.32727041246459	17.201390339588986	7.224119927124395	4
319	0.6794077179566942	2.0548539487578164	1.174027717956694	0.5940019487578164	6.8963499412390705	8.106894751165774	1.5605448099267032	3
320	1.174027717956694	0.5940019487578164	0.6794077179566942	0.5940019487578164	17.160622764348734	17.888521577780857	1.0778988134321232	3
321	1.174027717956694	0.5940019487578164	1.174027717956694	0.5940019487578164	10.444593726521065	17.354419182276683	7.259825455755617	4
322	2.891554133506294	3.144534563192779	3.3861741335062936	1.6836825631927788	7.90915925046478	9.11883099575617	1.5596717452913897	3
323	3.3861741335062936	1.6836825631927788	2.891554133506294	1.6836825631927788	17.875641346960798	18.60354016039292	1.0778988134321232	3
324	3.3861741335062936	1.6836825631927788	3.3861741335062936	1.6836825631927788	9.80567424638172	16.00251638005634	6.546842133674618	4
325	2.3833764954838874	1.8310143297428767	2.8779964954838873	0.37016232974287683	6.439212372457514	7.64916868166095	1.5599563092034363	3
326	2.8779964954838873	0.37016232974287683	2.3833764954838874	0.37016232974287683	16.871646302124404	17.599545115556527	1.0778988134321232	3
327	2.8779964954838873	0.37016232974287683	2.8779964954838873	0.37016232974287683	10.490535438765328	16.754524590576676	6.613989151811348	4
328	0.8355305232469119	2.2714559200135573	1.3301505232469117	0.8106039200135575	6.865427694391868	8.075942039256399	1.5605143448645307	3
329	1.3301505232469117	0.8106039200135575	0.8355305232469119	0.8106039200135575	17.299706188671735	18.027605002103858	1.0778988134321232	3
330	1.3301505232469117	0.8106039200135575	1.3301505232469117	0.8106039200135575	9.843028110199871	16.008558833341038	6.5155307231411665	4
331	2.9046725661082435	2.704439408289565	3.399292566108244	1.2435874082895653	7.554076773792881	8.76374051024107	1.5596637364481887	3
332	3.399292566108244	1.2435874082895653	2.9046725661082435	1.2435874082895653	16.977243740874382	17.705142554306505	1.0778988134321232	3
333	3.399292566108244	1.2435874082895653	3.399292566108244	1.2435874082895653	9.556191136498734	16.597305681098312	7.391114544599578	4
334	2.4909979101244235	1.7835822225749187	2.9856179101244233	0.3227302225749188	7.617805691739336	8.827705915786796	1.55990022404746	3
335	2.9856179101244233	0.3227302225749188	2.4909979101244235	0.3227302225749188	17.498092523900926	18.22599133733305	1.0778988134321232	3
336	2.9856179101244233	0.3227302225749188	2.9856179101244233	0.3227302225749188	9.998850130064085	15.96668344029377	6.317833310229684	4
337	2.977813925918195	2.823618334894805	3.303413925918195	1.0172833348948052	6.994376825382933	8.33883696345249	1.6944601380695574	3
338	3.303413925918195	1.0172833348948052	2.977813925918195	1.0172833348948052	17.264558937212698	17.914580880630876	1.000021943418178	3
339	3.303413925918195	1.0172833348948052	3.303413925918195	1.0172833348948052	9.404651081877953	15.84905123349374	6.794400151615786	4
340	3.485305764799044	2.334219291256595	2.4476167647990437	1.787409291256595	7.783689494553149	8.823971197111561	1.3902817025584118	3
341	2.4476167647990437	1.787409291256595	3.485305764799044	1.787409291256595	17.59518606902782	18.573306832061196	1.328120763033374	3
342	2.4476167647990437	1.787409291256595	2.4476167647990437	1.787409291256595	10.169852595461096	16.57524910299979	6.755396507538695	4
343	0.5367432036778895	2.3981668500244173	0.8604792036778894	1.9016868500244175	7.166089450451692	7.9391662431930445	1.1230767927413523	3
344	0.8604792036778894	1.9016868500244175	0.5367432036778895	1.9016868500244175	17.643963579841536	18.293126675278966	0.9991630954374301	3
345	0.8604792036778894	1.9016868500244175	0.8604792036778894	1.9016868500244175	10.12113970539454	16.396476185745044	6.625336480350503	4
346	0.6144654377194482	3.7437179625220436	1.5757324377194482	2.594797962522043	6.993738342694165	8.18387823268518	1.5401398899910146	3
347	1.5757324377194482	2.594797962522043	0.6144654377194482	2.594797962522043	17.015146841906613	17.958055759240036	1.2929089173334227	3
348	1.5757324377194482	2.594797962522043	1.5757324377194482	2.594797962522043	9.832463647412345	15.732255292303144	6.249791644890799	4
349	-0.6154669072491726	1.8627309009745578	0.2252500927508274	1.049970900974558	7.8526131307195595	8.891394440702834	1.3887813099832749	3
350	0.2252500927508274	1.049970900974558	-0.6154669072491726	1.049970900974558	18.19562471395282	19.08298957330387	1.237364859351049	3
351	0.2252500927508274	1.049970900974558	0.2252500927508274	1.049970900974558	9.575134125129644	15.700581196241217	6.475447071111573	4
352	-0.5156798247954707	1.503439289369045	0.13303417520452931	1.261109289369045	8.597018525400491	9.416090327761582	1.1690718023610907	3
353	0.13303417520452931	1.261109289369045	-0.5156798247954707	1.261109289369045	17.567139036417984	18.36603748544311	1.1488984490251242	3
354	0.13303417520452931	1.261109289369045	0.13303417520452931	1.261109289369045	9.997646724550476	16.7689632365315	7.121316511981025	4
355	0.5948157671128094	3.118173568229609	2.2290227671128093	2.7173935682296086	6.6175637667647385	7.892831539920763	1.625267773156025	3
356	2.2290227671128093	2.7173935682296086	0.5948157671128094	2.7173935682296086	17.984494888061388	19.23746451363753	1.6029696255761423	3
357	2.2290227671128093	2.7173935682296086	2.2290227671128093	2.7173935682296086	9.875337502980306	17.408487235764206	7.883149732783899	4
