ID 		 Origin_X 			 Origin_Y 		 Destination_X 		 Destination_Y 		 E_time 			 L_time 			 Max_Walk
1	1.913847259863873	2.6277558214114314	1.889617259863873	2.1828558214114313	7.989077092587526	8.694258191791901	0.804
2	1.889617259863873	2.1828558214114313	1.913847259863873	2.6277558214114314	18.231375055004957	18.93655615420933	0.804
3	2.6373193175687812	2.128342910463862	2.6130893175687815	1.683442910463862	13.517326213628504	14.22240523630317	0.804
4	0.6989948073104449	2.612502087303308	0.6555048073104449	1.2945720873033075	7.160029388097048	8.267560806457105	0.804
5	0.6555048073104449	1.2945720873033075	0.6989948073104449	2.612502087303308	18.010272045561088	19.117803463921145	0.804
6	2.5701618338943444	2.5910123245912926	2.526671833894344	1.2730823245912928	11.27259106647365	12.37956462453936	0.804
7	2.3265660612490286	1.8128569820576304	2.5807060612490282	0.9187069820576304	8.364460939207625	9.292399416120121	0.804
8	2.5807060612490282	0.9187069820576304	2.3265660612490286	1.8128569820576304	17.137546722183163	18.06548519909566	0.804
9	1.4379444289106305	0.9277679758371034	1.6920844289106305	0.03361797583710335	12.95582701664627	13.883980984688336	0.804
10	1.5489505847578195	3.261481167270819	1.9478705847578195	2.963221167270819	7.961471321498734	8.690931661206472	0.804
11	1.9478705847578195	2.963221167270819	1.5489505847578195	3.261481167270819	17.928339040461356	18.657799380169095	0.804
12	0.9567579432317387	2.007553996862213	1.3556779432317385	1.7092939968622127	14.87316748042901	15.60264937234833	0.804
13	0.34164158478199	3.87973274390939	0.17760158478199006	2.89796274390939	6.371673704269855	7.330295661554015	0.804
14	0.17760158478199006	2.89796274390939	0.34164158478199	3.87973274390939	16.911951644894756	17.870573602178915	0.804
15	0.2835998345083618	1.9822737288380474	0.11955983450836183	1.0005037288380474	13.79229191603946	14.750915692466961	0.804
16	1.702247780615656	1.332039565220025	1.346204780615656	0.9206995652200249	6.859148030884926	7.609761229857215	0.804
17	1.346204780615656	0.9206995652200249	1.702247780615656	1.332039565220025	17.601375611606763	18.35198881057905	0.804
18	2.326718888558915	2.393456527973138	1.9706758885589148	1.982116527973138	15.90377313975286	16.654336297302063	0.804
19	-0.5214995624038847	2.7021745444333742	0.10795043759611533	2.1323845444333744	8.374196263993746	9.265393692222005	0.804
20	0.10795043759611533	2.1323845444333744	-0.5214995624038847	2.7021745444333742	18.197698321869783	19.088895750098043	0.804
21	2.412237407075248	1.511882005709663	3.0416874070752478	0.9420920057096629	13.073408433269655	13.964407550945147	0.804
22	2.295925998149239	2.319163230095321	2.131885998149239	0.35935723009532133	7.464889892535673	8.87036663803535	0.804
23	2.131885998149239	0.35935723009532133	2.295925998149239	2.319163230095321	17.409631015246564	18.81510776074624	0.804
24	0.7032228737013162	2.6608289172475192	0.5391828737013162	0.7010229172475191	12.369857682614155	13.775953270816496	0.804
25	0.1668797595179543	3.436495137219325	-0.13883524048204576	3.5135451372193254	7.51140965556896	8.156674317240658	0.804
26	-0.13883524048204576	3.5135451372193254	0.1668797595179543	3.436495137219325	17.03006456072345	17.675329222395145	0.804
27	0.6599808050362982	1.0869647871081176	0.3542658050362981	1.1640147871081177	14.95529424175497	15.600558563850592	0.804
28	1.0298617029351407	0.15213060139308343	1.3809377029351406	0.44977060139308334	7.046912078108464	7.758961907010825	0.804
29	1.3809377029351406	0.44977060139308334	1.0298617029351407	0.15213060139308343	16.707659295100324	17.419709124002686	0.804
30	1.999039697839101	1.9079006799619225	2.350115697839101	2.2055406799619224	15.860505146160335	16.57251074639247	0.804
31	-0.4726577879467797	2.1153553202622266	-0.14084178794677982	1.5399653202622268	7.093909097721194	7.899944002526325	0.804
32	-0.14084178794677982	1.5399653202622268	-0.4726577879467797	2.1153553202622266	17.521803905502274	18.327838810307405	0.804
33	1.961239204331238	3.0624659130334315	2.293055204331238	2.487075913033432	12.737585928616873	13.543465880445144	0.804
34	0.7715274746246286	2.226492939634528	1.1033434746246285	1.6511029396345278	7.053465307432833	7.859472764923667	0.804
35	1.1033434746246285	1.6511029396345278	0.7715274746246286	2.226492939634528	16.858734628846104	17.66474208633694	0.804
36	1.861863353945245	1.4910400605314322	2.193679353945245	0.9156500605314322	12.095274149575435	12.901168539083208	0.804
37	-0.10965094116787644	1.4958753237084146	0.22216505883212345	0.9204853237084145	7.293425371299951	8.099463456848598	0.804
38	0.22216505883212345	0.9204853237084145	-0.10965094116787644	1.4958753237084146	17.25136349999438	18.057401585543026	0.804
39	1.3455104289403839	3.2263959470158934	1.6773264289403838	2.6510059470158933	14.46702140831471	15.272979704719841	0.804
40	-0.2649766554861377	0.6792880073183019	0.0668393445138622	0.10389800731830179	7.39367948071421	8.199717333654604	0.804
41	0.0668393445138622	0.10389800731830179	-0.2649766554861377	0.6792880073183019	16.753926673639665	17.55996452658006	0.804
42	-0.6619153852501141	2.1022002586581987	-0.3300993852501142	1.5268102586581986	11.094008854757607	11.900038445195712	0.804
43	1.7061342324336701	0.8168292038766565	2.03795023243367	0.2414392038766564	7.252201164455636	8.05811679068072	0.804
44	2.03795023243367	0.2414392038766564	1.7061342324336701	0.8168292038766565	17.52627482843551	18.332190454660594	0.804
45	0.6324837091669238	1.4605857854209576	0.9642997091669236	0.8851957854209577	15.755835285045285	16.561851184614063	0.804
46	1.8620194472208633	2.892246703180485	2.4914654472208633	2.740636703180485	6.941809941886442	7.740112817790797	0.804
47	2.4914654472208633	2.740636703180485	1.8620194472208633	2.892246703180485	16.297326448204764	17.09562932410912	0.804
48	1.7151849416889347	1.0152551576069682	2.3446309416889344	0.8636451576069681	14.985282170601732	15.783586584113516	0.804
49	0.6967412984942998	1.5825049778299976	2.1234172984943	1.1599749778299975	7.001161269513708	8.18671486522322	0.804
50	2.1234172984943	1.1599749778299975	0.6967412984942998	1.5825049778299976	18.198994415970812	19.384548011680323	0.804
51	-0.0632371872762294	3.037549080529746	1.3634388127237707	2.6150190805297457	12.117378277589406	13.302945055321294	0.804
52	2.0326520773291166	2.67496010781396	1.9997190773291165	2.30090010781396	6.828988909353247	7.501899456666189	0.804
53	1.9997190773291165	2.30090010781396	2.0326520773291166	2.67496010781396	18.270659911138807	18.94357045845175	0.804
54	2.354983004332471	1.3093792827659971	2.322050004332471	0.935319282765997	15.050808200966198	15.723682052665534	0.804
55	2.238443227700575	2.3920764260680514	2.205510227700575	2.0180164260680513	7.265176773467276	7.938064519249519	0.804
56	2.205510227700575	2.0180164260680513	2.238443227700575	2.3920764260680514	17.15173121260833	17.824618958390573	0.804
57	-0.28175531262106235	0.591209200235197	-0.31468831262106245	0.2171492002351969	12.994435390519978	13.667449898299553	0.804
58	1.623810183913021	2.2155352383392386	2.523556183913021	1.9290852383392387	8.423482530880538	9.358521319706435	0.804
59	2.523556183913021	1.9290852383392387	1.623810183913021	2.2155352383392386	17.066110131907127	18.001148920733026	0.804
60	1.8301196851002	1.6393979310367546	2.7298656851002	1.3529479310367547	10.874635446887426	11.809668762869526	0.804
61	0.5646776440530081	2.250553713371609	1.710493644053008	2.001383713371609	7.357829500952778	8.398103899874423	0.804
62	1.710493644053008	2.001383713371609	0.5646776440530081	2.250553713371609	16.590901871683325	17.63117627060497	0.804
63	-0.4964486206930201	0.7441560660908022	0.6493673793069799	0.4949860660908023	13.393455072616515	14.433734258003044	0.804
64	2.0822595008709355	0.6490787932085031	2.1015225008709355	0.9802787932085031	6.410053915065889	7.06281244845834	0.804
65	2.1015225008709355	0.9802787932085031	2.0822595008709355	0.6490787932085031	17.70882760945276	18.361586142845212	0.804
66	0.46498195635309586	1.3218299258348356	0.4842449563530958	1.6530299258348355	12.863686713135294	13.51654154706387	0.804
67	2.1691159299308023	2.485543102723441	3.1738719299308027	2.6582931027234413	7.051253605176939	8.020978171959985	0.804
68	3.1738719299308027	2.6582931027234413	2.1691159299308023	2.485543102723441	17.693987057261236	18.663711624044282	0.804
69	0.7027393377218519	1.2096826804999279	1.7074953377218518	1.382432680499928	10.168525162922245	11.138261397653936	0.804
70	-0.17353354252700837	3.219225795977575	0.03773245747299159	2.001959795977575	7.590390420949591	8.659636101266997	0.804
71	0.03773245747299159	2.001959795977575	-0.17353354252700837	3.219225795977575	18.111735047598764	19.180980727916168	0.804
72	0.304613369628298	1.3914210298694498	0.515879369628298	0.1741550298694498	12.392805191985229	13.46203709455883	0.804
73	0.6835211301224635	2.8426768857510134	1.9623071301224633	3.2322768857510136	7.278241655429765	8.39417257846408	0.804
74	1.9623071301224633	3.2322768857510136	0.6835211301224635	2.8426768857510134	17.461800522297267	18.57773144533158	0.804
75	0.9558556311732019	2.7443924994871876	2.2346416311732016	3.1339924994871877	11.13564153217837	12.251566124769269	0.804
76	1.2573458992921134	2.5792137466827794	0.6198148992921133	3.2316537466827793	7.503658311683285	8.423933149186068	0.804
77	0.6198148992921133	3.2316537466827793	1.2573458992921134	2.5792137466827794	17.49763919114526	18.417914028648045	0.804
78	1.2229819733647318	-0.39975068720829565	0.585450973364732	0.2526893127917045	14.65996152457149	15.580238435703986	0.804
79	2.3186905609699515	1.3546447103540873	1.9868745609699514	1.9300347103540874	7.545207386219228	8.351083501682263	0.804
80	1.9868745609699514	1.9300347103540874	2.3186905609699515	1.3546447103540873	18.266727993352987	19.072604108816023	0.804
81	1.6254461090957317	-0.03452812390988913	1.2936301090957318	0.5408618760901109	11.067571294773781	11.873534981745355	0.804
82	0.9660472642375282	2.5257189741039805	0.6342312642375283	3.1011089741039806	7.275072788802786	8.081088590659569	0.804
83	0.6342312642375283	3.1011089741039806	0.9660472642375282	2.5257189741039805	17.9394619505702	18.745477752426986	0.804
84	1.8353144418626308	0.23121333406146904	1.503498441862631	0.8066033340614691	12.704217244988097	13.510157966742986	0.804
85	0.07947619518508553	1.8993380044193364	-0.25233980481491436	2.4747280044193367	7.635940857453373	8.441978792391925	0.804
86	-0.25233980481491436	2.4747280044193367	0.07947619518508553	1.8993380044193364	17.331043809646577	18.137081744585128	0.804
87	0.03753413517650439	0.45510947118519773	-0.2942818648234955	1.0304994711851978	11.835792225471959	12.641829845261737	0.804
88	0.62319603005244	1.1484810382446875	0.62319603005244	1.1484810382446875	7.432425632709601	7.932425632709601	0.804
89	0.62319603005244	1.1484810382446875	0.62319603005244	1.1484810382446875	17.8203685773974	18.3203685773974	0.804
90	1.1090818341801543	2.5048831617892957	1.1090818341801543	2.5048831617892957	11.144095349309561	11.644095349309561	0.804
91	0.9514310401661843	0.005200779324940452	1.2490610401661844	0.4289807793249405	7.329534251111917	8.068108766517147	0.804
92	1.2490610401661844	0.4289807793249405	0.9514310401661843	0.005200779324940452	18.61518141817106	19.353755933576288	0.804
93	1.9364440826022125	0.4666157137819923	2.2340740826022127	0.8903957137819923	13.354275558940053	14.092773731043614	0.804
94	1.18728303585035	2.926879952254702	1.4849130358503502	3.3506599522547025	7.835370149037957	8.573930681934174	0.804
95	1.4849130358503502	3.3506599522547025	1.18728303585035	2.926879952254702	18.052249646156575	18.79081017905279	0.804
96	0.2791122774541275	1.3745869749275355	0.5767422774541275	1.7983669749275355	13.407681667814458	14.146281186094413	0.804
97	2.4740705404909145	1.0869740722678674	2.7717005404909143	1.5107540722678672	8.362029292889316	9.100465896778193	0.804
98	2.7717005404909143	1.5107540722678672	2.4740705404909145	1.0869740722678674	17.653478581041334	18.39191518493021	0.804
99	1.2712855571181985	1.349726707305515	1.5689155571181985	1.773506707305515	11.597254847171282	12.335809746389003	0.804
100	0.7867173625645527	-0.39685369178353835	1.8815773625645529	-0.24399369178353836	7.598471115704044	8.607823858631896	0.804
101	1.8815773625645529	-0.24399369178353836	0.7867173625645527	-0.39685369178353835	17.646787069831955	18.656139812759807	0.804
102	0.07162526100065181	2.229340914695629	1.166485261000652	2.382200914695629	13.511176561985945	14.520531376362928	0.804
103	1.3962424643847589	2.5191351556365875	1.8684824643847588	1.5640871556365876	7.636912029543426	8.627650433790654	0.804
104	1.8684824643847588	1.5640871556365876	1.3962424643847589	2.5191351556365875	16.792939413188616	17.783677817435844	0.804
105	-0.39786529702783335	0.6139597829958929	0.07437470297216664	-0.34108821700410696	11.52674217622834	12.517639084467142	0.804
106	1.9064446110325508	-0.12540431208232383	3.0740046110325507	-0.8381163120823237	7.653740575419856	8.783844060579458	0.804
107	3.0740046110325507	-0.8381163120823237	1.9064446110325508	-0.12540431208232383	16.5900592458367	17.7201627309963	0.804
108	2.417597322840302	0.4412495538959006	3.5851573228403018	-0.2714624461040993	11.131136775503503	12.26116719364179	0.804
109	0.010439015650581362	1.3447186335514012	-0.5425859843494186	2.304738633551401	7.102326547895084	8.112798571585536	0.804
110	-0.5425859843494186	2.304738633551401	0.010439015650581362	1.3447186335514012	17.34113166039369	18.35160368408414	0.804
111	0.27257923027513564	-0.03078151211307767	-0.28044576972486435	0.9292384878869224	15.786766150480052	16.79724230630491	0.804
112	0.6522024107285279	1.793139691421608	0.2874534107285279	1.994469691421608	7.167570807243523	7.8595309878759965	0.804
113	0.2874534107285279	1.994469691421608	0.6522024107285279	1.793139691421608	17.70956506312309	18.401525243755565	0.804
114	2.171380363026514	2.137924313024449	1.8066313630265138	2.339254313024449	11.965861377118706	12.657796062623156	0.804
115	0.9367758619499394	2.557947122345817	0.5720268619499395	2.759277122345817	8.359050575920252	9.051008378071442	0.804
116	0.5720268619499395	2.759277122345817	0.9367758619499394	2.557947122345817	17.833787065211062	18.525744867362253	0.804
117	0.5159001730225714	2.4646440642761487	0.15115117302257142	2.665974064276149	15.83064091311225	16.522601841344176	0.804
118	1.5770912828551502	1.025503077924039	1.45654128285515	1.361663077924039	7.844597755666189	8.509092338893355	0.804
119	1.45654128285515	1.361663077924039	1.5770912828551502	1.025503077924039	18.02360918353895	18.68810376676612	0.804
120	0.9948844884283048	2.7500467997106868	0.8743344884283049	3.086206799710687	12.027436545788953	12.691962818980839	0.804
121	0.45714891828206805	2.788880156260676	1.025078918282068	3.0778201562606764	7.888931196849262	8.68252173104279	0.804
122	1.025078918282068	3.0778201562606764	0.45714891828206805	2.788880156260676	17.19302125002729	17.986611784220816	0.804
123	1.6926364213549863	-0.2806439131510978	2.2605664213549863	0.008296086848902373	13.925718667967722	14.719278340772364	0.804
124	1.5121968034711393	-0.2694861252680236	1.1996438034711394	0.6371038747319764	7.752486132817241	8.694218742642596	0.804
125	1.1996438034711394	0.6371038747319764	1.5121968034711393	-0.2694861252680236	17.072742938589556	18.01447554841491	0.804
126	1.2216589123419113	2.560682459760873	0.9091059123419113	3.4672724597608733	13.522573609131086	14.464348528569282	0.804
127	-0.468062293163944	1.3629561517004973	-0.14184229316394403	2.0856161517004974	7.463022126347206	8.328340620504088	0.804
128	-0.14184229316394403	2.0856161517004974	-0.468062293163944	1.3629561517004973	17.410316059982794	18.275634554139675	0.804
129	1.767594048427795	-0.01271511983839857	2.093814048427795	0.7099448801616015	15.583194933413155	16.448345446384188	0.804
130	0.7004091433573336	0.5186131313013203	1.3733491433573337	1.2667531313013203	7.011786775522081	7.97538359551237	0.804
131	1.3733491433573337	1.2667531313013203	0.7004091433573336	0.5186131313013203	16.82431231516579	17.78790913515608	0.804
132	0.6963567075888862	0.9439460983089307	1.3692967075888864	1.6920860983089308	11.879519141184693	12.843116288543666	0.804
133	1.510310239906255	0.3609142744629814	2.183250239906255	1.1090542744629814	7.241006861216887	8.2045125372699	0.804
134	2.183250239906255	1.1090542744629814	1.510310239906255	0.3609142744629814	16.53709358084803	17.500599256901044	0.804
135	2.1383796264888835	1.3447769110947847	2.8113196264888836	2.0929169110947847	15.163750579520467	16.1271503602973	0.804
136	2.079670442820023	0.5087869147924861	0.3472794428200227	1.0083669147924863	7.713807647344002	9.044526396751749	0.804
137	0.3472794428200227	1.0083669147924863	2.079670442820023	0.5087869147924861	18.203276384601335	19.533995134009082	0.804
138	3.7019742386049637	1.714245784436018	1.9695832386049634	2.213825784436018	10.518764825690354	11.849419808281445	0.804
139	2.6739078801000256	2.770144030984773	1.2472318801000255	3.192674030984773	7.325958833530194	8.511496812253396	0.804
140	1.2472318801000255	3.192674030984773	2.6739078801000256	2.770144030984773	16.545184862503692	17.730722841226893	0.804
141	1.404158222727554	-0.10846304459832168	-0.022517777272446082	0.3140669554016784	13.10623704633803	14.291803364297571	0.804
142	3.972925262777145	1.11080139048957	2.8973252627771444	1.83097139048957	6.871766041743321	7.967849355814056	0.804
143	2.8973252627771444	1.83097139048957	3.972925262777145	1.11080139048957	17.35251246874528	18.448595782816017	0.804
144	2.8173680740590914	2.5970321325426897	1.7417680740590913	3.3172021325426897	10.072647659276383	11.168916423364092	0.804
145	2.7455488802363144	2.0166404768310966	1.669948880236314	2.7368104768310966	7.220583175491821	8.316860994914407	0.804
146	1.669948880236314	2.7368104768310966	2.7455488802363144	2.0166404768310966	17.16998250045126	18.266260319873844	0.804
147	2.711293000254626	0.2717954753292715	1.6356930002546262	0.9919654753292715	13.279831838716376	14.376113875352655	0.804
148	2.454891613046633	2.652399647824665	1.657661613046633	2.9233196478246652	7.8681193504805025	8.756051728340141	0.804
149	1.657661613046633	2.9233196478246652	2.454891613046633	2.652399647824665	16.73738508328577	17.625317461145407	0.804
150	1.5032414872706727	0.6342686888991368	0.7060114872706728	0.9051886888991368	13.163702680394765	14.051653450906505	0.804
151	2.5225055345755165	0.7498977433154899	1.7252755345755162	1.02081774331549	7.658441871091707	8.546372521317357	0.804
152	1.7252755345755162	1.02081774331549	2.5225055345755165	0.7498977433154899	17.241915120070427	18.129845770296075	0.804
153	2.169848220344607	1.2722208042127425	1.3726182203446067	1.5431408042127424	13.177258637556331	14.065197685098392	0.804
154	1.875606184755941	0.1774983147908269	1.078376184755941	0.44841831479082694	7.573437638282697	8.461382529847272	0.804
155	1.078376184755941	0.44841831479082694	1.875606184755941	0.1774983147908269	17.50272861283622	18.390673504400795	0.804
156	2.3598454778645284	1.0839779198981543	1.5626154778645283	1.3548979198981543	11.197867162840994	12.085801874911677	0.804
157	1.4770876279366645	2.276486581569788	1.4770876279366645	2.276486581569788	6.751786390267412	7.251786390267412	0.804
158	1.4770876279366645	2.276486581569788	1.4770876279366645	2.276486581569788	17.601206874072172	18.101206874072172	0.804
159	2.4181382606116357	3.1132675405015777	2.4181382606116357	3.1132675405015777	13.999321268280877	14.499321268280877	0.804
160	1.8110498755082072	3.0071216128774547	1.8110498755082072	3.0071216128774547	7.308610454089047	7.808610454089047	0.804
161	1.8110498755082072	3.0071216128774547	1.8110498755082072	3.0071216128774547	17.598976016263656	18.098976016263656	0.804
162	3.853787455696729	0.886389501074551	3.853787455696729	0.886389501074551	12.028459483511973	12.528459483511973	0.804
163	3.259335941035958	1.8233197994631696	1.7997269410359582	1.8717897994631696	7.244733628952708	8.417626255667837	0.804
164	1.7997269410359582	1.8717897994631696	3.259335941035958	1.8233197994631696	17.90599055366328	19.07888318037841	0.804
165	1.133123765709769	0.3224737823424093	-0.32648523429023113	0.3709437823424093	13.619058436074141	14.791951766379444	0.804
166	1.7300398702241175	0.4109466835029596	0.2704308702241174	0.4594166835029596	6.610949479440516	7.783842715164865	0.804
167	0.2704308702241174	0.4594166835029596	1.7300398702241175	0.4109466835029596	17.349212931801702	18.52210616752605	0.804
168	3.0097794597089846	0.5969012581191252	1.5501704597089843	0.6453712581191252	11.770628316909935	12.943521078978907	0.804
169	3.3993931865284304	1.3273382003714649	2.1839831865284305	1.510638200371465	7.637748477790553	8.704072739286563	0.804
170	2.1839831865284305	1.510638200371465	3.3993931865284304	1.3273382003714649	16.488408554009684	17.554732815505695	0.804
171	0.8516721634387152	0.7206661767139593	-0.3637378365612849	0.9039661767139593	14.384925239131897	15.451264326168664	0.804
172	1.8832313448578057	0.9726677289058745	0.6678213448578056	1.1559677289058745	7.304853366831295	8.37118944733049	0.804
173	0.6678213448578056	1.1559677289058745	1.8832313448578057	0.9726677289058745	17.393366622956165	18.45970270345536	0.804
174	1.445932598119727	0.9800286236754319	0.23052259811972686	1.1633286236754319	10.798991613515437	11.865329466890838	0.804
175	3.695468109990072	2.2495786475978807	3.168538109990072	2.385658647597881	7.639454578061661	8.390177684361447	0.804
176	3.168538109990072	2.385658647597881	3.695468109990072	2.2495786475978807	17.16071102027192	17.911434126571702	0.804
177	3.9144367976611836	0.7346489425472486	3.3875067976611835	0.8707289425472488	14.035849317222903	14.786568728992483	0.804
178	1.9008438584805116	1.1469153118237343	1.6199838584805115	1.3202753118237345	7.316735072079757	7.968789649048354	0.804
179	1.6199838584805115	1.3202753118237345	1.9008438584805116	1.1469153118237343	17.121015242844265	17.77306981981286	0.804
180	0.6832678998772408	1.3210755413422692	0.4024078998772407	1.4944355413422694	11.08968061297949	11.741753105414508	0.804
181	1.4381482690192302	1.8573490415309082	1.15728826901923	2.0307090415309084	7.1628094791748795	7.8148730945868765	0.804
182	1.15728826901923	2.0307090415309084	1.4381482690192302	1.8573490415309082	17.265061223979515	17.917124839391512	0.804
183	1.2705460814861402	2.7505395058051274	0.9896860814861401	2.9238995058051276	10.75071437194554	11.402780586945434	0.804
184	1.8329697012894137	1.9113318168122015	1.2221597012894136	1.4838278168122017	6.616828998302435	7.460305632984439	0.804
185	1.2221597012894136	1.4838278168122017	1.8329697012894137	1.9113318168122015	17.86870609772342	18.71218273240542	0.804
186	2.249776140249958	2.9136751666212866	1.638966140249958	2.4861711666212867	15.496960577314747	16.340412328516663	0.804
187	2.1756195878398064	3.1366515329894664	0.19032958783980647	3.595841532989467	7.017845365293988	8.456715195768279	0.804
188	0.19032958783980647	3.595841532989467	2.1756195878398064	3.1366515329894664	16.797572277285635	18.236442107759924	0.804
189	1.018884473394504	1.581471179261214	-0.9664055266054962	2.040661179261214	14.139911102596523	15.578791091047849	0.804
190	2.0457066790163743	1.7862341742911947	0.638293679016374	2.5399641742911947	6.861828615590307	8.097391031808243	0.804
191	0.638293679016374	2.5399641742911947	2.0457066790163743	1.7862341742911947	17.673338280690558	18.908900696908496	0.804
192	3.5530427002909537	2.1208787415721915	2.1456297002909537	2.8746087415721915	15.905832177466692	17.141236941808316	0.804
193	1.028698755682795	1.8078954741107136	-0.37871424431720524	2.5616254741107136	7.450718817986289	8.686323568166475	0.804
194	-0.37871424431720524	2.5616254741107136	1.028698755682795	1.8078954741107136	17.893571873258697	19.129176623438884	0.804
195	3.113948528697854	2.1303599169074445	1.706535528697854	2.8840899169074445	13.493689150063588	14.729151524396835	0.804
196	2.7563458931622344	1.5632005806643101	1.9877058931622342	2.13300058066431	7.465043712496695	8.40576251966982	0.804
197	1.9877058931622342	2.13300058066431	2.7563458931622344	1.5632005806643101	18.12387666674307	19.064595473916192	0.804
198	3.4808030741895086	2.3402458800095562	2.712163074189508	2.910045880009556	15.021411368660585	15.962035938635823	0.804
199	2.4825539964272867	2.9879254193925	2.0606339964272866	3.5832054193925	7.393999358820469	8.230008637588602	0.804
200	2.0606339964272866	3.5832054193925	2.4825539964272867	2.9879254193925	17.414505386202553	18.250514664970687	0.804
201	1.1612891535579226	2.076973607147699	0.7393691535579225	2.6722536071476988	11.45908540531554	12.295239731028616	0.804
202	1.0038399756767618	2.117708923524503	0.5819199756767617	2.7129889235245033	6.667481740504825	7.503645420135207	0.804
203	0.5819199756767617	2.7129889235245033	1.0038399756767618	2.117708923524503	17.649178747726417	18.485342427356798	0.804
204	0.8737070232065598	2.041948078470826	0.4517870232065597	2.637228078470826	14.92326747852412	15.759437613972356	0.804
205	3.0888912959814805	2.878518476652353	1.8734812959814806	2.083782476652353	7.794981914462658	8.963890039279576	0.804
206	1.8734812959814806	2.083782476652353	3.0888912959814805	2.878518476652353	17.94387301298123	19.112781137798148	0.804
207	3.9374425124314216	1.9704534688618116	2.7220325124314213	1.1757174688618117	13.850416171181713	15.01917398328816	0.804
208	2.3523663986604753	0.8124497243835684	2.204476398660475	1.6245797243835687	7.71720325596604	8.597259057456757	0.804
209	2.204476398660475	1.6245797243835687	2.3523663986604753	0.8124497243835684	17.787451683347165	18.66750748483788	0.804
210	1.3307350311368635	2.6640385472093757	1.1828450311368632	3.476168547209376	14.017119787875231	14.897378064796925	0.804
211	3.100317111130358	0.3122300141730947	1.9905461111303575	1.9197180141730947	7.551664353539026	8.951073820384853	0.804
212	1.9905461111303575	1.9197180141730947	3.100317111130358	0.3122300141730947	17.46328419989374	18.862693666739563	0.804
213	1.9590066308956264	0.1538309800898994	0.8492356308956265	1.7613189800898994	13.591766179440281	14.991593993741894	0.804
214	2.228226483771614	-1.137804552970489	1.424170483771614	0.392633447029511	6.550598395031678	7.846829666924912	0.804
215	1.424170483771614	0.392633447029511	2.228226483771614	-1.137804552970489	18.161825813027196	19.45805708492043	0.804
216	0.8777107887114567	0.9161581995612766	0.07365478871145681	2.4465961995612764	13.326361696800081	14.622888526699638	0.804
217	0.0876367248111729	0.6822425922584314	-0.36534327518882703	2.5103205922584313	7.267019796681974	8.634785325737257	0.804
218	-0.36534327518882703	2.5103205922584313	0.0876367248111729	0.6822425922584314	17.557337387483454	18.925102916538737	0.804
219	0.9734875421990578	0.4076107886854486	0.5205075421990578	2.2356887886854486	13.204471202602216	14.572169642479297	0.804
220	2.6269445265561417	1.4647750429016466	2.1547045265561415	2.4198230429016467	8.461646071880363	9.452201204018372	0.804
221	2.1547045265561415	2.4198230429016467	2.6269445265561417	1.4647750429016466	17.874729025719105	18.865284157857115	0.804
222	3.0866318838934665	0.24702042568723032	2.6143918838934663	1.2020684256872303	11.000979467444143	11.991389922040367	0.804
223	2.3168751536531755	-0.3202908078982688	1.8446351536531755	0.6347571921017311	7.181681346699129	8.172319747760056	0.804
224	1.8446351536531755	0.6347571921017311	2.3168751536531755	-0.3202908078982688	17.15810820321804	18.148746604278966	0.804
225	2.9186558684401547	1.439846355187956	2.4464158684401545	2.394894355187956	12.570474752643925	13.560941013415352	0.804
226	1.3673292076616914	1.5346041905655552	1.9899492076616916	2.6425121905655553	7.612212170556691	8.697580109851717	0.804
227	1.9899492076616916	2.6425121905655553	1.3673292076616914	1.5346041905655552	16.829380899825296	17.91474883912032	0.804
228	1.1357435701599536	0.19686164238559728	1.758363570159954	1.3047696423855972	10.410663965777273	11.496080960733964	0.804
229	2.208232483865514	-1.3833871424499493	1.371243483865514	-0.2270091424499494	8.064855616329437	9.222370208198857	0.804
230	1.371243483865514	-0.2270091424499494	2.208232483865514	-1.3833871424499493	17.994098972633157	19.151613564502576	0.804
231	2.690295363975279	-0.6529699245559061	1.8533063639752794	0.5034080754440938	12.894789055103374	14.052174982747639	0.804
232	2.393362531798497	-1.0264021259082474	1.800572531798497	0.2648058740917525	7.184945837322758	8.339213712876326	0.804
233	1.800572531798497	0.2648058740917525	2.393362531798497	-1.0264021259082474	17.236082035218335	18.390349910771903	0.804
234	2.225830437966418	-0.19637443711696695	1.6330404379664183	1.094833562883033	12.583823635953983	13.738147046550642	0.804
235	2.5597577103275864	1.1856342965860673	2.655447710327586	2.4296222965860674	7.324711591001062	8.398987116287572	0.804
236	2.655447710327586	2.4296222965860674	2.5597577103275864	1.1856342965860673	17.900779672472424	18.975055197758934	0.804
237	2.7535016372232612	-0.8170372867072346	2.849191637223261	0.42695071329276546	12.588103173202938	13.662287513327039	0.804
238	0.6654632107521392	-0.9165019191373265	1.0072232107521393	0.3647660808626736	7.362235384312566	8.473165178739237	0.804
239	1.0072232107521393	0.3647660808626736	0.6654632107521392	-0.9165019191373265	17.738569287422	18.84949908184867	0.804
240	2.0352263409942326	-0.3760600041933103	2.376986340994233	0.9052079958066898	12.066137275159335	13.17670505432103	0.804
241	0.24655358073626643	1.1112313401419769	-0.5382394192637335	2.972869340141977	8.578563351470999	10.009416830489851	0.804
242	-0.5382394192637335	2.972869340141977	0.24655358073626643	1.1112313401419769	17.54420633193986	18.97505981095871	0.804
243	1.7580466705327848	-0.5206097427890762	0.973253670532785	1.3410282572109238	13.25080848753953	14.68143999751455	0.804
244	2.3570770203117655	-1.3078306949395346	2.2110570203117654	0.36987730506046534	7.448035269662461	8.723358455154711	0.804
245	2.2110570203117654	0.36987730506046534	2.3570770203117655	-1.3078306949395346	16.30112000344143	17.57644318893368	0.804
246	1.721711099364362	1.8485895927490343	1.575691099364362	3.5262975927490343	15.069209691179966	16.344825923578345	0.804
247	2.7267556643449193	-1.0033209249257962	2.927455664344919	0.6998670750742038	6.980453021605376	8.269686662899101	0.804
248	2.927455664344919	0.6998670750742038	2.7267556643449193	-1.0033209249257962	17.65886149117064	18.948095132464363	0.804
249	2.0723492060534827	1.630567759818699	2.2730492060534826	3.3337557598186986	12.768038572742453	14.057660499298098	0.804
250	3.5605537642189677	0.45071142988366136	1.7554627642189677	1.8158634298836613	8.504552353437418	10.046901808739822	0.804
251	1.7554627642189677	1.8158634298836613	3.5605537642189677	0.45071142988366136	18.218390875324047	19.76074033062645	0.804
252	3.239255734500031	1.6660870064000348	1.434164734500031	3.031239006400035	15.565850510797222	17.10829263922457	0.804
253	1.9064071194413246	1.531799665493623	0.40703111944132475	2.819901665493623	7.666778065525916	9.077462415612333	0.804
254	0.40703111944132475	2.819901665493623	1.9064071194413246	1.531799665493623	18.97093827303039	20.381622623116808	0.804
255	2.5061692362932875	1.3026748269784214	1.0067932362932877	2.5907768269784217	14.752125471754333	16.162706914857587	0.804
256	4.040814928457632	0.4180205894919431	2.8732549284576314	1.130732589491943	7.096800780702717	8.226754633205566	0.804
257	2.8732549284576314	1.130732589491943	4.040814928457632	0.4180205894919431	16.35394273995821	17.483896592461058	0.804
258	3.9466956305418455	0.48661989074760953	2.7791356305418455	1.1993318907476094	15.48412784488934	16.614098394777923	0.804
259	2.7246791831846147	1.793285381639682	1.854749183184615	2.929777381639682	7.989183976895328	9.148290548537423	0.804
260	1.854749183184615	2.929777381639682	2.7246791831846147	1.793285381639682	16.813286439904964	17.97239301154706	0.804
261	3.647081444927134	-0.3484889020556644	2.777151444927134	0.7880030979443355	13.96997243735478	15.128757849690757	0.804
262	1.1452772016481556	0.40412379576367086	-0.5753077983518443	2.0768557957636706	7.170593648349676	8.776230397007804	0.804
263	-0.5753077983518443	2.0768557957636706	1.1452772016481556	0.40412379576367086	17.098893857175955	18.704530605834083	0.804
264	1.6325132819144905	1.8525113377390166	-0.0880717180855094	3.5252433377390164	12.591081403034998	14.196675993775315	0.804
265	1.412381167687677	-0.7558902176627932	0.6872311676876771	0.9764917823372068	7.214986952014708	8.580169983511242	0.804
266	0.6872311676876771	0.9764917823372068	1.412381167687677	-0.7558902176627932	17.787638596246943	19.152821627743478	0.804
267	2.6369988018214903	2.1788685921043767	1.9118488018214903	3.9112505921043765	14.012233720532333	15.37696027505129	0.804
268	1.0214563950280147	0.6702666359687904	-0.5108526049719853	1.5843086359687903	7.068096761288552	8.39017744887191	0.804
269	-0.5108526049719853	1.5843086359687903	1.0214563950280147	0.6702666359687904	17.65807637465698	18.980157062240337	0.804
270	1.1994568954323992	1.293382030388758	-0.3328521045676007	2.207424030388758	12.392621459415885	13.714698118667593	0.804
271	2.9499751627198867	-0.38933058216916405	1.661865162719887	0.6595414178308359	7.467665234688928	8.732787250894367	0.804
272	1.661865162719887	0.6595414178308359	2.9499751627198867	-0.38933058216916405	16.59279282283542	17.85791483904086	0.804
273	1.8346396876023374	0.5512599795734675	0.5465296876023377	1.6001319795734674	12.613751686397963	13.879054886545594	0.804
274	3.3595147679720037	0.3155029547389061	2.7598847679720038	1.317154954738906	7.944379054553879	8.981706551286267	0.804
275	2.7598847679720038	1.317154954738906	3.3595147679720037	0.3155029547389061	17.129150335054902	18.16647783178729	0.804
276	2.0778770297681066	-0.7887139704782197	1.4782470297681067	0.21293802952178043	12.803096548958735	13.840797799395377	0.804
277	1.292544996515893	1.4641708960258626	0.9389849965158932	2.5031028960258626	6.09362112209121	7.099187893887129	0.804
278	0.9389849965158932	2.5031028960258626	1.292544996515893	1.4641708960258626	17.319844448916054	18.325411220711974	0.804
279	3.73619912008286	0.3653468749936263	3.3826391200828603	1.4042788749936264	13.757705087835761	14.762483654476993	0.804
280	0.8884295051178026	0.641814084758439	0.5348695051178027	1.680746084758439	7.4678967569052395	8.473514499252868	0.804
281	0.5348695051178027	1.680746084758439	0.8884295051178026	0.641814084758439	18.235608648989228	19.241226391336856	0.804
282	3.5261477189499675	1.2424797065599893	3.1725877189499676	2.2814117065599895	11.961422381348067	12.966301036411718	0.804
283	1.424345963198594	0.6213898450747088	0.5830059631985941	2.0567618450747087	8.350480775811691	9.61698113861433	0.804
284	0.5830059631985941	2.0567618450747087	1.424345963198594	0.6213898450747088	17.36937803527346	18.6358783980761	0.804
285	1.8956590220872271	1.1072377368902209	1.0543190220872272	2.542609736890221	14.973239536201426	16.239638382631348	0.804
286	1.5946247458860214	1.7194420873422636	0.30651474588602157	1.7902780873422637	8.016354935315608	9.110754972636109	0.804
287	0.30651474588602157	1.7902780873422637	1.5946247458860214	1.7194420873422636	17.521508343298798	18.6159083806193	0.804
288	1.5864710437649912	0.7737544978236006	0.2983610437649914	0.8445904978236005	13.583116567742973	14.677516609276116	0.804
289	-0.16514209134420688	1.5155835361173793	0.3878829086557931	0.5555635361173792	8.460621844137203	9.471097276751294	0.804
290	0.3878829086557931	0.5555635361173792	-0.16514209134420688	1.5155835361173793	17.9350185825018	18.94549401511589	0.804
291	-0.11972424149039929	1.2105027355739066	0.4333007585096007	0.25048273557390666	14.483200142735981	15.4936748643245	0.804
292	-0.21827284487322718	1.390249136007081	0.6323821551267729	0.854009136007081	7.547467665538872	8.510786495807432	0.804
293	0.6323821551267729	0.854009136007081	-0.21827284487322718	1.390249136007081	18.008149919018418	18.971468749286977	0.804
294	1.5534647801559767	2.450113721727513	2.404119780155977	1.9138737217275128	12.121786546430025	13.085027679724181	0.804
295	-0.21801199989191256	2.791316284237128	0.8072530001080874	0.8762482842371281	7.663297964114506	9.164151389361281	0.804
296	0.8072530001080874	0.8762482842371281	-0.21801199989191256	2.791316284237128	17.13542152386517	18.636274949111943	0.804
297	1.7499255308385524	2.8717870639479566	2.7751905308385525	0.9567190639479566	15.888960499010402	17.38921771442349	0.804
298	0.4539785548663433	2.9185002464055416	1.0772135548663433	1.1438632464055416	7.312811738594751	8.679370561204856	0.804
299	1.0772135548663433	1.1438632464055416	0.4539785548663433	2.9185002464055416	17.506065564620883	18.87262438723099	0.804
300	0.2778185137428235	0.7999925046246616	0.9010535137428236	-0.9746444953753384	15.817040581396581	17.183627454376502	0.804
301	2.379519290547792	2.011590789039863	3.0027542905477924	0.23695378903986328	7.2659023877969195	8.63167922433651	0.804
302	3.0027542905477924	0.23695378903986328	2.379519290547792	2.011590789039863	17.256995435437172	18.622772271976764	0.804
303	1.7064011382880881	1.7945714481762214	2.3296361382880884	0.019934448176221475	13.724126614139589	15.090275811237996	0.804
304	-0.9595574161235855	2.0835631223168636	0.7610275838764144	0.4108311223168637	8.257750004714167	9.863392594118878	0.804
305	0.7610275838764144	0.4108311223168637	-0.9595574161235855	2.0835631223168636	17.509063728855352	19.114706318260062	0.804
306	1.5550599928056639	2.112633193812746	3.2756449928056637	0.43990119381274617	10.334179241673345	11.939345331702237	0.804
307	-0.4775649955636735	1.6510001442063207	1.2430200044363264	-0.02173185579367931	8.221778349271291	9.827409756382844	0.804
308	1.2430200044363264	-0.02173185579367931	-0.4775649955636735	1.6510001442063207	18.082429068687972	19.688060475799524	0.804
309	0.027391688002066483	1.0904766503725027	1.7479766880020664	-0.5822553496274973	12.86982455308974	14.475403458701566	0.804
310	0.16366935006201383	3.7701545668716747	1.715234350062014	1.7519395668716744	7.613441129399284	9.286260519766303	0.804
311	1.715234350062014	1.7519395668716744	0.16366935006201383	3.7701545668716747	17.548549467717436	19.221368858084453	0.804
312	0.31414752740528623	2.1919295327693815	1.8657125274052864	0.17371453276938148	11.698584433290799	13.371369529547316	0.804
313	-0.3302107576860426	1.184837616085972	-0.3302107576860426	1.184837616085972	7.887452060002169	8.387452060002168	0.804
314	-0.3302107576860426	1.184837616085972	-0.3302107576860426	1.184837616085972	17.40477240057968	17.90477240057968	0.804
315	-1.0029178379395485	1.6347583478566396	-1.0029178379395485	1.6347583478566396	12.552830265217189	13.052830265217189	0.804
316	1.4949978332825258	1.9634234415910419	1.4949978332825258	1.9634234415910419	7.529401647279287	8.029401647279286	0.804
317	1.4949978332825258	1.9634234415910419	1.4949978332825258	1.9634234415910419	17.407277217793183	17.907277217793183	0.804
318	-1.1250332575048518	2.3159404177572003	-1.1250332575048518	2.3159404177572003	12.139209624736223	12.639209624736223	0.804
319	1.4085880554371057	3.4379986304749064	1.4085880554371057	3.4379986304749064	7.087860195539218	7.587860195539218	0.804
320	1.4085880554371057	3.4379986304749064	1.4085880554371057	3.4379986304749064	18.113733466621834	18.613733466621834	0.804
321	0.31736262561288414	1.9380393452249631	0.31736262561288414	1.9380393452249631	13.737631935335981	14.237631935335981	0.804
322	2.229172589783294	1.7296251211076525	1.891767589783294	1.3816551211076527	7.382702014398281	8.105951358278634	0.804
323	1.891767589783294	1.3816551211076527	2.229172589783294	1.7296251211076525	16.6919433358034	17.415192679683756	0.804
324	0.7929994786466597	3.2562968677780026	0.45559447864665964	2.908326867778003	15.740728742220899	16.464045664210744	0.804
325	1.48568043972598	2.9064735156770913	1.72615243972598	2.8530435156770912	7.155740870437281	7.769239515467234	0.804
326	1.72615243972598	2.8530435156770912	1.48568043972598	2.9064735156770913	17.565793553316233	18.179292198346186	0.804
327	1.9418242324875115	2.8592955429306803	2.1822962324875115	2.8058655429306802	10.742193993399386	11.355691278625825	0.804
328	0.33602878967317795	-0.16015868604976546	1.254417789673178	-1.0536956860497653	7.942914703317454	9.03327085505127	0.804
329	1.254417789673178	-1.0536956860497653	0.33602878967317795	-0.16015868604976546	17.06550470583678	18.155860857570595	0.804
330	1.036366482247569	-0.23050655654046115	1.9547554822475692	-1.1240435565404612	10.626273483958007	11.716559490990614	0.804
331	1.738585693257152	0.9228715450408517	1.550309693257152	1.6815615450408519	7.385955279834957	8.245988881178743	0.804
332	1.550309693257152	1.6815615450408519	1.738585693257152	0.9228715450408517	17.16951636469318	18.029549966036967	0.804
333	1.4859140887731268	1.8800002308360015	1.2976380887731267	2.6386902308360014	11.30279804797815	12.162871288071482	0.804
334	1.9435442077772684	2.018686122996396	2.7507032077772684	2.837026122996396	7.675521353734899	8.704899318149577	0.804
335	2.7507032077772684	2.837026122996396	1.9435442077772684	2.018686122996396	17.685702642596674	18.715080607011352	0.804
336	1.933018790802831	0.18677521884784976	2.740177790802831	1.0051152188478498	10.833779987594731	11.863159966358488	0.804
337	1.3966703530355407	0.6444154078676926	1.6408693530355407	0.7792454078676926	7.734645771633842	8.363162228760174	0.804
338	1.6408693530355407	0.7792454078676926	1.3966703530355407	0.6444154078676926	18.248666158070442	18.877182615196773	0.804
339	-0.4244091517312394	0.8753995065558192	-0.18021015173123933	1.0102295065558193	14.854646735190263	15.483173321753542	0.804
340	0.31824060100889806	0.7881516633767176	1.496989601008898	0.9130416633767178	7.683553333655276	8.729707289032078	0.804
341	1.496989601008898	0.9130416633767178	0.31824060100889806	0.7881516633767176	18.36533447088225	19.41148842625905	0.804
342	1.2153437530806712	0.7928283937164455	2.3940927530806713	0.9177183937164457	12.535074982279948	13.581226691485046	0.804
343	1.4317667861770076	2.9351359886312904	1.4174767861770077	1.9539889886312904	7.876203277563244	8.828180231811192	0.804
344	1.4174767861770077	1.9539889886312904	1.4317667861770076	2.9351359886312904	17.297110230951933	18.249087185199883	0.804
345	1.0882525129120422	1.033712040185827	1.0739625129120423	0.05256504018582697	15.60406132546025	16.556097536402284	0.804
346	1.8025240227325658	1.0398951178682738	1.788234022732566	0.05874811786827372	7.635440212895881	8.587334984250568	0.804
347	1.788234022732566	0.05874811786827372	1.8025240227325658	1.0398951178682738	17.578907477726244	18.530802249080928	0.804
348	2.9112309464611315	2.775848880363599	2.8969409464611315	1.7947018803635988	13.306982667514658	14.258518822328435	0.804
349	1.5431393771719786	1.470025011624616	1.5288493771719787	0.488878011624616	7.8893811015882855	8.841335356885965	0.804
350	1.5288493771719787	0.488878011624616	1.5431393771719786	1.470025011624616	17.019386125455487	17.971340380753166	0.804
351	2.3390468832429354	3.0438928494497213	2.3247568832429355	2.0627458494497213	12.22884148661258	13.180583834982963	0.804
352	2.816446134786847	2.115300854854374	2.720756134786847	0.8713128548543737	7.801334277455728	8.875534487554324	0.804
353	2.720756134786847	0.8713128548543737	2.816446134786847	2.115300854854374	17.66992782343541	18.744128033534004	0.804
354	0.9835326193757713	1.5334805135588836	0.8878426193757712	0.28949251355888345	13.966382744491035	15.041173833533815	0.804
355	2.076633027210368	1.8919431174540693	2.676263027210368	0.8902911174540693	7.519016090170617	8.556567458288303	0.804
356	2.676263027210368	0.8902911174540693	2.076633027210368	1.8919431174540693	17.92288471770894	18.960436085826625	0.804
357	1.2702220128293087	3.146649807944696	1.8698520128293086	2.1449978079446956	15.336893716720716	16.374636964897945	0.804
358	1.3684504085146085	1.826832203010785	1.9680804085146084	0.8251802030107851	7.697633358879084	8.73535742593479	0.804
359	1.9680804085146084	0.8251802030107851	1.3684504085146085	1.826832203010785	18.313330589594845	19.35105465665055	0.804
360	0.7456664224705394	1.4893653098078568	1.3452964224705393	0.48771330980785677	14.656909806293932	15.694735791941882	0.804
361	0.5070941055154747	1.8946298405293474	0.9377041055154749	0.5474948405293472	7.194235612661599	8.345825898940408	0.804
362	0.9377041055154749	0.5474948405293472	0.5070941055154747	1.8946298405293474	17.949221057556358	19.100811343835165	0.804
363	2.627417178139881	0.5659971987709307	3.058027178139881	-0.7811378012290694	12.35262278790465	13.503532522680617	0.804
364	1.6363859769656743	0.49859315932420656	0.5154309769656743	1.1696731593242065	7.5333093332740235	8.63524618738404	0.804
365	0.5154309769656743	1.1696731593242065	1.6363859769656743	0.49859315932420656	18.681707712107638	19.783644566217653	0.804
366	3.368401679773928	1.4747949438805341	2.247446679773928	2.1458749438805342	14.731779047149342	15.833553283470703	0.804
367	2.4769290877712606	2.865266404079557	1.3559740877712605	3.536346404079557	7.9473077373690195	9.049183766971545	0.804
368	1.3559740877712605	3.536346404079557	2.4769290877712606	2.865266404079557	17.69694894051634	18.798824970118865	0.804
369	2.321333117693489	2.7369994322449926	1.2003781176934885	3.4080794322449925	14.79461424645843	15.896504110586147	0.804
370	2.779376983425987	0.2026323487376167	1.658421983425987	0.8737123487376166	7.002532908042014	8.104378700941119	0.804
371	1.658421983425987	0.8737123487376166	2.779376983425987	0.2026323487376167	17.630041550189	18.731887343088104	0.804
372	0.37775476536542407	2.3523418791678274	-0.743200234634576	3.0234218791678273	12.064841634412637	13.166805682566713	0.804
373	0.21970969496100023	2.103654255226237	-0.9012453050389998	2.774734255226237	8.059011870001116	9.160973916634195	0.804
374	-0.9012453050389998	2.774734255226237	0.21970969496100023	2.103654255226237	16.88264703121254	17.98460907784562	0.804
375	1.861423390701385	1.0057456146906247	0.7404683907013851	1.6768256146906246	12.346861870781513	13.448785787934813	0.804
376	1.8128091336881187	1.2805859443923981	0.6918541336881187	1.951665944392398	7.309072519939808	8.410999439171073	0.804
377	0.6918541336881187	1.951665944392398	1.8128091336881187	1.2805859443923981	17.516463653585145	18.61839057281641	0.804
378	3.3825608730298016	1.2050447295829303	2.2616058730298016	1.8761247295829302	10.403317767107398	11.505090077402354	0.804
379	2.366887004824734	2.891786510526571	2.612957004824734	2.929066510526571	7.1065794575035675	7.721248884123957	0.804
380	2.612957004824734	2.929066510526571	2.366887004824734	2.891786510526571	17.169339755205907	17.7840091818263	0.804
381	1.286735649387466	2.389470916627623	1.532805649387466	2.426750916627623	11.165995215904728	11.780666291909284	0.804
382	2.2806418167967686	2.3532614159368825	1.4001588167967685	2.9709114159368823	8.509475085691435	9.50494047509531	0.804
383	1.4001588167967685	2.9709114159368823	2.2806418167967686	2.3532614159368825	16.798695445283965	17.79416083468784	0.804
384	1.6148316799215514	0.11160018170091845	0.7343486799215514	0.7292501817009183	10.6953976278343	11.69091297035835	0.804
385	0.9476566817094081	1.5852802302155027	-0.5815403182905919	2.4452602302155024	7.530885782504354	8.839239999534268	0.804
386	-0.5815403182905919	2.4452602302155024	0.9476566817094081	1.5852802302155027	17.234778356749263	18.54313257377918	0.804
387	0.7783134747315775	2.006833593597748	-0.7508835252684225	2.8668135935977475	14.451193136109218	15.759548339037417	0.804
388	1.762542785150219	-0.17150411675560573	1.832132785150219	-0.5890671167556057	8.11392278197437	8.80887734258326	0.804
389	1.832132785150219	-0.5890671167556057	1.762542785150219	-0.17150411675560573	17.587414342546616	18.282368903155508	0.804
390	1.8983607268480232	-0.17075404202632405	1.9679507268480232	-0.5883170420263241	14.430270569522186	15.125210487786855	0.804
391	2.499077548117062	0.8914985686506265	2.487267548117062	0.21109456865062648	7.929535753754263	8.74278604719032	0.804
392	2.487267548117062	0.21109456865062648	2.499077548117062	0.8914985686506265	17.46783537952612	18.281085672962178	0.804
393	0.5365724004115942	0.943659924606434	0.524762400411594	0.26325592460643404	15.813851612405276	16.62738517519002	0.804
394	1.2909348703843397	-0.17545637893996324	0.8770948703843396	-0.7154293789399633	8.303760848486807	9.11718585092199	0.804
395	0.8770948703843396	-0.7154293789399633	1.2909348703843397	-0.17545637893996324	18.331114761370642	19.144539763805827	0.804
396	1.3287805900116223	2.6260757673845014	0.9149405900116223	2.086102767384501	13.633311490536812	14.446733982385823	0.804
397	1.4342709671086336	1.4674883774286696	1.0204309671086336	0.9275153774286694	7.858801134936921	8.672216174240361	0.804
398	1.0204309671086336	0.9275153774286694	1.4342709671086336	1.4674883774286696	18.01880104606461	18.83221608536805	0.804
399	1.8558813663771307	0.8503289914631678	1.4420413663771308	0.3103559914631677	12.868965313576473	13.682343887307203	0.804
400	1.2765604637372603	2.2201845957258377	1.7910504637372604	1.4366335957258376	7.725378559280118	8.657165114165823	0.804
401	1.7910504637372604	1.4366335957258376	1.2765604637372603	2.2201845957258377	18.157000582825678	19.088787137711382	0.804
402	0.6780969010497583	2.131659032469061	1.1925869010497583	1.348108032469061	12.380017988439938	13.311872456148688	0.804
403	2.279401759614911	2.257500355282367	1.2423267596149108	3.492164355282367	6.888640876432738	8.13136345050538	0.804
404	1.2423267596149108	3.492164355282367	2.279401759614911	2.257500355282367	17.828833755748114	19.071556329820755	0.804
405	2.9819447870390046	2.073395154169501	1.9448697870390044	3.3080591541695012	15.545444557108526	16.78797031770275	0.804
406	0.43140426434704726	-0.04311325054097992	-0.6056707356529528	1.19155074945902	7.603240515671716	8.846168284831187	0.804
407	-0.6056707356529528	1.19155074945902	0.43140426434704726	-0.04311325054097992	17.104267117890767	18.347194887050236	0.804
408	2.3187077903548907	2.0829624448621518	1.281632790354891	3.317626444862152	11.606667235190368	12.84938052525781	0.804
409	2.7733979120084573	0.1741327052324405	1.924598912008457	0.6501067052324404	7.152390032544981	8.100680664560308	0.804
410	1.924598912008457	0.6501067052324404	2.7733979120084573	0.1741327052324405	17.430022385792995	18.378313017808324	0.804
411	1.9415002646789083	2.7153995422768866	1.0927012646789083	3.1913735422768865	14.241416425135416	15.189759569721243	0.804
412	0.3949065542563306	0.3017111670825424	0.23707655425633045	1.2990151670825423	8.251594046522968	9.216818866073288	0.804
413	0.23707655425633045	1.2990151670825423	0.3949065542563306	0.3017111670825424	16.567622533178316	17.532847352728638	0.804
414	1.0561249618157327	2.1603287824386563	0.8982949618157325	3.1576327824386565	10.45695190810319	11.42211761758064	0.804
415	-0.5005012159681758	2.0503266363700186	-0.11773821596817569	0.32911963637001873	6.953623409786498	8.266038951670863	0.804
416	-0.11773821596817569	0.32911963637001873	-0.5005012159681758	2.0503266363700186	17.634987554877803	18.94740309676217	0.804
417	0.3594863476567234	2.9630036406437585	0.7422493476567235	1.2417966406437588	11.65454123778214	12.966932264567674	0.804
418	1.6089244708616146	3.476801577243913	1.3684524708616146	3.5302315772439132	7.666038389775096	8.279537329702425	0.804
419	1.3684524708616146	3.5302315772439132	1.6089244708616146	3.476801577243913	18.353507438475106	18.967006378402434	0.804
420	0.6242916646208856	3.4050987983360512	0.38381966462088557	3.4585287983360518	11.253979902834592	11.867480438123845	0.804
421	2.196946444350699	1.93907910123286	3.3234994443506993	1.3587091012328603	7.830827162046598	8.914580552727827	0.804
422	3.3234994443506993	1.3587091012328603	2.196946444350699	1.93907910123286	18.236747822349823	19.32050121303105	0.804
423	-0.7752255416452122	2.3133993220613025	0.35132745835478785	1.7330293220613024	10.02885920622023	11.112753787976946	0.804
424	3.465297739424831	1.4633676564712168	3.3459977394248313	0.02302065647121676	7.418976029193429	8.583727968020632	0.804
425	3.3459977394248313	0.02302065647121676	3.465297739424831	1.4633676564712168	16.674050828397093	17.838802767224298	0.804
426	3.543915149539223	2.515480400783869	3.424615149539223	1.075133400783869	14.80335624200887	15.968053646987494	0.804
427	2.6349716292308534	2.454500600287764	2.5156716292308534	1.014153600287764	7.771146881295792	8.936398873041696	0.804
428	2.5156716292308534	1.014153600287764	2.6349716292308534	2.454500600287764	17.971897747061085	19.13714973880699	0.804
429	2.00129661076412	1.7685678782606216	1.88199661076412	0.32822087826062163	10.168501943111073	11.334042203526147	0.804
430	2.0700830496499063	1.9173407709020316	1.9507830496499066	0.47699377090203177	7.367185089061298	8.532697968968764	0.804
431	1.9507830496499066	0.47699377090203177	2.0700830496499063	1.9173407709020316	18.129277720389865	19.29479060029733	0.804
432	0.829625653787655	0.9981902097327993	0.710325653787655	-0.44215679026720067	12.584222695237948	13.750082982679963	0.804
433	1.396944275577877	3.5729555053226716	1.277644275577877	2.1326085053226715	6.9662371160934216	8.131976977243507	0.804
434	1.277644275577877	2.1326085053226715	1.396944275577877	3.5729555053226716	17.2623816806052	18.428121541755285	0.804
435	1.5599079339785242	1.2681390500935248	1.4406079339785243	-0.17220794990647514	14.866781461135067	16.032474743294735	0.804
436	0.32505722907048695	2.2053781343732135	0.205757229070487	0.7650311343732137	7.5169766079463365	8.682889523100538	0.804
437	0.205757229070487	0.7650311343732137	0.32505722907048695	2.2053781343732135	18.032752750330076	19.198665665484278	0.804
438	0.6399898689543926	3.073815963073269	0.5206898689543926	1.6334689630732688	14.644407638739509	15.810293721803053	0.804
439	1.7930252136063887	0.9532853976199374	1.5923252136063886	-0.7499026023800626	7.245656765720972	8.535498915788532	0.804
440	1.5923252136063886	-0.7499026023800626	1.7930252136063887	0.9532853976199374	17.52513255477835	18.81497470484591	0.804
441	0.13203009224299	1.8029400181867778	-0.0686699077570101	0.0997520181867779	14.881409739050245	16.171591873129408	0.804
442	1.9097395333366323	2.207826412769965	1.7090395333366322	0.5046384127699653	7.450386607556941	8.740180242840454	0.804
443	1.7090395333366322	0.5046384127699653	1.9097395333366323	2.207826412769965	17.23615655690122	18.525950192184734	0.804
444	1.761450507392957	3.6012670444081505	1.5607505073929568	1.8980790444081506	11.352632422820843	12.642487142013078	0.804
445	0.9858824795846003	2.3656232652960623	0.3831524795846003	0.8028662652960623	7.424682964866703	8.696378967772121	0.804
446	0.3831524795846003	0.8028662652960623	0.9858824795846003	2.3656232652960623	18.23658600416675	19.508282007072168	0.804
447	1.9478202059384075	3.021487651173682	1.3450902059384076	1.4587306511736822	13.43124091242368	14.70270748777232	0.804
448	1.9503381903730588	1.9947170926919804	1.3476081903730588	0.4319600926919805	6.890198618950691	8.161664345330223	0.804
449	1.3476081903730588	0.4319600926919805	1.9503381903730588	1.9947170926919804	18.076837753106528	19.34830347948606	0.804
450	2.0691803879703152	2.555087451616746	1.4664503879703155	0.9923304516167464	11.964934345553374	13.23635852782849	0.804
451	0.6588849504381178	2.4340817991206447	0.0561549504381178	0.8713247991206448	7.162573049895051	8.43430392094085	0.804
452	0.0561549504381178	0.8713247991206448	0.6588849504381178	2.4340817991206447	17.726849945735445	18.998580816781246	0.804
453	2.8541535428797493	3.330920882348584	2.251423542879749	1.768163882348584	11.319220229318885	12.590297465739813	0.804
454	2.341939509450446	1.034421873161881	1.7392095094504456	-0.5283351268381189	7.309715246504269	8.581033156700862	0.804
455	1.7392095094504456	-0.5283351268381189	2.341939509450446	1.034421873161881	17.99344216555465	19.264760075751244	0.804
456	3.1180344966009708	1.5527531978230025	2.515304496600971	-0.01000380217699759	10.627466905992334	11.89839922276986	0.804
457	2.986225446180107	0.6364768768499454	2.383495446180107	-0.9262801231500546	7.119506951771019	8.390513434892249	0.804
458	2.383495446180107	-0.9262801231500546	2.986225446180107	0.6364768768499454	17.784721037502454	19.055727520623684	0.804
459	3.0587303971586333	1.20829808512521	2.4560003971586335	-0.35445891487478987	13.404697262402504	14.67566338772715	0.804
460	3.2829068192702913	2.9835952987162466	3.7775268192702915	1.5227432987162466	7.634178662489871	8.843597141989314	0.804
461	3.7775268192702915	1.5227432987162466	3.2829068192702913	2.9835952987162466	18.087314566070734	19.29673304557018	0.804
462	0.28540842677724143	1.2261388042414372	0.7800284267772413	-0.23471319575856275	14.156935550626274	15.367536198377568	0.804
463	2.721143143038625	3.1922859773622987	3.215763143038625	1.731433977362299	7.975325318811631	9.185098069144138	0.804
464	3.215763143038625	1.731433977362299	2.721143143038625	3.1922859773622987	17.441957923016243	18.651730673348748	0.804
465	3.609216557766462	1.7428063767928275	4.103836557766462	0.2819543767928275	13.629974289249121	14.839158910479238	0.804
466	2.9428885335586212	1.1870979701581805	3.4375085335586206	-0.2737540298418195	7.01865344514911	8.228293660501839	0.804
467	3.4375085335586206	-0.2737540298418195	2.9428885335586212	1.1870979701581805	18.172954590838764	19.38259480619149	0.804
468	2.592058668389911	0.3883217429499848	3.0866786683899115	-1.072530257050015	12.338097371635165	13.54794288455337	0.804
469	3.08549920008778	3.0138339601498383	3.4110992000877802	1.2074989601498383	6.692864373665985	8.037238723885807	0.804
470	3.4110992000877802	1.2074989601498383	3.08549920008778	3.0138339601498383	16.65465113458022	17.999025484800043	0.804
471	1.693029576419026	0.41355473681761734	2.018629576419026	-1.3927802631823827	11.864324212877333	13.209584958250236	0.804
472	2.963407158533938	1.8004676408237998	3.289007158533938	-0.005867359176200154	7.492423329231064	8.836894725416716	0.804
473	3.289007158533938	-0.005867359176200154	2.963407158533938	1.8004676408237998	17.7236459065155	19.06811730270115	0.804
474	2.749435292046323	1.2611213972028612	3.0750352920463233	-0.5452136027971387	10.219483230727423	11.564115747185411	0.804
475	1.2567679151392386	3.0256850293897513	0.2190789151392385	2.4788750293897515	8.468829499287386	9.509258775848329	0.804
476	0.2190789151392385	2.4788750293897515	1.2567679151392386	3.0256850293897513	16.521789024258915	17.562218300819858	0.804
477	0.43809550623310756	2.695577642730237	-0.5995934937668925	2.148767642730237	12.144933853970034	13.185372755275843	0.804
478	1.1269220009194236	1.7868047820573263	0.08923300091942343	1.2399947820573263	7.240997237280887	8.28142964034344	0.804
479	0.08923300091942343	1.2399947820573263	1.1269220009194236	1.7868047820573263	17.82399824609881	18.864430649161363	0.804
480	3.457063083744142	2.6438041288170755	2.4193740837441418	2.0969941288170757	10.44889141422704	11.489176095831574	0.804
481	1.7246954526348666	2.452787023962435	0.9312054526348666	2.0408070239624347	7.905647411224645	8.817568889628587	0.804
482	0.9312054526348666	2.0408070239624347	1.7246954526348666	2.452787023962435	16.665178436657953	17.577099915061897	0.804
483	2.1977620624598915	2.624166999895499	1.4042720624598912	2.212186999895499	12.37017028156926	13.28207204791295	0.804
484	0.8671763643215206	1.9448189009836039	-0.1183166356784795	2.1032689009836036	7.482993984072566	8.442896419949495	0.804
485	-0.1183166356784795	2.1032689009836036	0.8671763643215206	1.9448189009836039	17.928397165929955	18.888299601806885	0.804
486	0.3635253635137765	1.8556675630032518	-0.6219676364862236	2.0141175630032517	10.684956873154462	11.644859527035457	0.804
487	2.1999976148944205	1.1914134459983472	0.5657906148944204	1.5921934459983471	7.419890813649919	8.695159130108111	0.804
488	0.5657906148944204	1.5921934459983471	2.1999976148944205	1.1914134459983472	17.830283719658087	19.10555203611628	0.804
489	1.007002363710884	2.289088187343256	-0.6272046362891159	2.689868187343256	14.892259718281869	16.16754060392322	0.804
490	0.12154429809908021	2.467727402807999	0.4452802980990802	1.971247402807999	7.682339049255101	8.45542774160916	0.804
491	0.4452802980990802	1.971247402807999	0.12154429809908021	2.467727402807999	17.91724780207871	18.690336494432767	0.804
492	0.5320108579166961	2.99148182146531	0.855746857916696	2.4950018214653102	11.841144967100638	12.614221952157777	0.804
493	0.37272096325600546	3.463552625125333	1.0021719632560055	2.890022625125333	8.6387331589122	9.531077790858433	0.804
494	1.0021719632560055	2.890022625125333	0.37272096325600546	3.463552625125333	17.507901543052867	18.4002461749991	0.804
495	-0.4470290987829685	1.2342574537763644	0.1824219012170316	0.6607274537763645	11.18521934196056	12.077576310073464	0.804
496	1.4571361284866087	1.7904753743599624	2.4376631284866086	1.5145853743599624	7.397920972700543	8.367226647834737	0.804
497	2.4376631284866086	1.5145853743599624	1.4571361284866087	1.7904753743599624	18.021830740731062	18.991136415865256	0.804
498	1.9835569993385351	2.2627664061511177	2.964083999338535	1.9868764061511175	14.012034165425916	14.981327646527323	0.804
499	1.3678039962241506	1.6104099194857255	2.3290709962241505	0.4614899194857257	7.723682739411601	8.913685527949472	0.804
500	2.3290709962241505	0.4614899194857257	1.3678039962241506	1.6104099194857255	17.307856192937173	18.497858981475044	0.804
501	-0.5162847214692016	3.8139305294189816	0.4449822785307984	2.665010529418982	15.60497999084836	16.795193962861617	0.804
502	0.34468491197435114	2.6339199319109055	1.6035819119743513	1.9087799319109056	8.348169893070942	9.517531276860897	0.804
503	1.6035819119743513	1.9087799319109056	0.34468491197435114	2.6339199319109055	17.796628444880284	18.96598982867024	0.804
504	1.5778910870002814	1.6051167784059936	2.836788087000281	0.8799767784059939	15.332606235280352	16.50186800312901	0.804
505	0.8360140966249494	1.2502088712094739	2.8921410966249494	0.25414887120947394	8.044771815083346	9.597336866239557	0.804
506	2.8921410966249494	0.25414887120947394	0.8360140966249494	1.2502088712094739	16.68786397098504	18.24042902214125	0.804
507	0.4028340454934764	2.7982731670653354	2.4589610454934765	1.8022131670653354	12.741837245589473	14.294445783779604	0.804
508	-0.9486613043439044	1.3034575997038618	-0.10794430434390434	0.49069759970386184	7.705191501766549	8.743963255812364	0.804
509	-0.10794430434390434	0.49069759970386184	-0.9486613043439044	1.3034575997038618	17.270391268910622	18.309163022956437	0.804
510	1.7164619370533574	2.9783361215586175	2.557178937053357	2.1655761215586176	13.915555988810574	14.954157837865289	0.804
511	1.5107395649695587	1.1803963916551108	2.351456564969559	0.36763639165511086	7.682118223092745	8.720753232543705	0.804
512	2.351456564969559	0.36763639165511086	1.5107395649695587	1.1803963916551108	17.24446542541388	18.28310043486484	0.804
513	1.3130915510184045	3.3643396489612973	2.1538085510184044	2.5515796489612974	11.915589037722526	12.95425274987376	0.804
514	-0.5810678058786339	1.3104342433916762	1.194199194121366	0.4877342433916765	7.420660671047423	8.82218061688911	0.804
515	1.194199194121366	0.4877342433916765	-0.5810678058786339	1.3104342433916762	17.581465366310645	18.982985312152334	0.804
516	0.5494750694807528	2.0467259698830658	2.324742069480753	1.224025969883066	15.288566114858373	16.690038206636284	0.804
517	-0.4713118081498209	0.8488629200156748	0.9740051918501792	-0.5747010799843251	7.97196380170287	9.406664749348096	0.804
518	0.9740051918501792	-0.5747010799843251	-0.4713118081498209	0.8488629200156748	16.482502852168874	17.9172037998141	0.804
519	1.9374787767076196	2.014640267156475	3.3827957767076198	0.5910762671564755	13.338882814117381	14.773092256726056	0.804
520	0.3098519647661905	3.1745881891810104	1.5973389647661904	2.7483281891810103	7.939941717298326	9.06481540206508	0.804
521	1.5973389647661904	2.7483281891810103	0.3098519647661905	3.1745881891810104	17.966357073805682	19.091230758572436	0.804
522	-1.0160842369065008	1.853702269581916	0.271402763093499	1.427442269581916	10.683026428384801	11.807907359202662	0.804
523	1.0747236786826728	0.8505756969991243	2.708930678682673	0.44979569699912436	7.633550793056817	8.90880794905302	0.804
524	2.708930678682673	0.44979569699912436	1.0747236786826728	0.8505756969991243	17.7885326931758	19.063789849172004	0.804
525	-1.0303064084306404	3.45380726464061	0.6039005915693596	3.05302726464061	14.305725369072796	15.58100619177489	0.804
526	-0.07833889805149988	3.575559970464563	1.5558681019485001	3.1747799704645634	7.6024515940396595	8.877729064773359	0.804
527	1.5558681019485001	3.1747799704645634	-0.07833889805149988	3.575559970464563	17.65070612543989	18.925983596173587	0.804
528	0.9966539199670001	3.0669264163211207	2.630860919967	2.666146416321121	13.990031647193558	15.265290740185037	0.804
529	0.40263972165282613	3.164730381785696	1.243356721652826	1.3739343817856962	7.37458713797001	8.786025534611317	0.804
530	1.243356721652826	1.3739343817856962	0.40263972165282613	3.164730381785696	17.75866655886854	19.17010495550985	0.804
531	-0.33079606023927144	2.5610415621551055	0.5099209397607286	0.7702455621551056	12.927225956960518	14.338740501310381	0.804
