Node 	X 	Y 	;
1   	1.2371500000 	 	2.5637800000 	 	; 
2   	0.5561290000 	 	1.8982900000 	 	; 
3   	0.8618440000 	 	1.8212400000 	 	; 
4   	1.2129200000 	 	2.1188800000 	 	; 
5   	1.1936600000 	 	1.2458500000 	 	; 
6   	1.4912900000 	 	1.6696300000 	 	; 
7   	2.2885200000 	 	1.3987100000 	 	; 
8   	1.7473000000 	 	0.5536430000 	 	; 
9   	1.6659000000 	 	0.2908020000 	 	; 
10  	1.2638700000 	 	0.4312330000 	 	; 
11  	2.3612200000 	 	0.5331380000 	 	; 
12  	2.1922000000 	 	0.1876550000 	 	; 
13  	0.6406350000 	 	2.2058700000 	 	; 
14  	1.6360700000 	 	2.2655200000 	 	; 
15  	0.8289110000 	 	1.4471800000 	 	; 
16  	1.0731100000 	 	1.5820100000 	 	; 
17  	1.7615900000 	 	1.5347900000 	 	; 
18  	2.0076600000 	 	1.5720700000 	 	; 
19  	1.6777100000 	 	0.9712060000 	 	; 
20  	0.3032300000 	 	1.8579000000 	 	; 
21  	0.8811070000 	 	2.1524400000 	 	; 
22  	1.5198800000 	 	1.9685100000 	 	; 
23  	1.8666000000 	 	1.9939900000 	 	; 
24  	1.0731100000 	 	0.6039740000 	 	; 
25  	0.2323930000 	 	2.3947700000 	 	; 
26  	2.1406300000 	 	2.2108400000 	 	;