ID 		 Origin_X 			 Origin_Y 		 Destination_X 		 Destination_Y 		 E_time 			 L_time 			 Max_Duration 			 Seats
1	1.0286462063163744	0.9435869980714797	0.6533402063163746	0.20104699807147974	7.180635215110194	8.063949192115398	1.2333139770052042	3
2	0.6533402063163746	0.20104699807147974	1.0286462063163744	0.20104699807147974	17.93395786000544	18.60688210907332	1.022924249067883	3
3	0.6533402063163746	0.20104699807147974	0.6533402063163746	0.20104699807147974	9.687542637196264	16.33788907663083	7.000346439434566	4
4	-0.25128988826128795	1.650579425692718	-0.2755198882612879	1.205679425692718	6.926770566581274	7.632062241998779	1.055291675417505	3
5	-0.2755198882612879	1.205679425692718	-0.25128988826128795	1.205679425692718	17.922911673314697	18.43407577555371	0.861164102239011	3
6	-0.2755198882612879	1.205679425692718	-0.2755198882612879	1.205679425692718	9.600128370413966	15.942212794786222	6.692084424372256	4
7	0.6274757786762375	0.9684560810459599	1.1519157786762375	-0.06053391895403992	7.106339805148811	8.13842647349296	1.3820866683441486	3
8	1.1519157786762375	-0.06053391895403992	0.6274757786762375	-0.06053391895403992	18.712720747103628	19.454359285206298	1.09163853810267	3
9	1.1519157786762375	-0.06053391895403992	1.1519157786762375	-0.06053391895403992	9.091404281659479	16.83488765055447	8.093483368894992	4
10	0.5887912861645194	2.095923508535882	0.23274828616451937	1.6845835085358818	6.83674809689241	7.587408314588105	1.1006602176956952	3
11	0.23274828616451937	1.6845835085358818	0.5887912861645194	1.6845835085358818	18.208683215911243	18.872731934585808	1.0140487186745646	3
12	0.23274828616451937	1.6845835085358818	0.23274828616451937	1.6845835085358818	9.88618875865383	16.08304135525878	6.546852596604948	4
13	-0.17534207693955506	2.526848526683724	-0.5313850769395551	2.115508526683724	7.8319548276115585	8.582616002723762	1.100661175112204	3
14	-0.5313850769395551	2.115508526683724	-0.17534207693955506	2.115508526683724	17.6691862377921	18.333234956466665	1.0140487186745646	3
15	-0.5313850769395551	2.115508526683724	-0.5313850769395551	2.115508526683724	10.136800711093843	16.897817519524473	7.11101680843063	4
16	0.4579628808260528	1.8984625646905597	0.8090388808260527	2.19610256469056	7.54249311152075	8.254557143911306	1.062064032390556	3
17	0.8090388808260527	2.19610256469056	0.4579628808260528	2.19610256469056	17.326795523452553	17.988555670281425	1.011760146828872	3
18	0.8090388808260527	2.19610256469056	0.8090388808260527	2.19610256469056	9.489835770839413	16.943483187045075	7.803647416205662	4
19	0.8506190130140167	3.4844440902135476	1.1824350130140167	2.909054090213547	7.5573766717063835	8.36337872377076	1.1560020520643763	3
20	1.1824350130140167	2.909054090213547	0.8506190130140167	2.909054090213547	17.962777532790422	18.61566353149204	1.002885998701617	3
21	1.1824350130140167	2.909054090213547	1.1824350130140167	2.909054090213547	10.210434460008367	16.08236285633877	6.2219283963304015	4
22	0.3987582144829954	2.4705681030761877	0.7305742144829953	1.8951781030761876	7.603446415946111	8.409473459038749	1.1560270430926374	3
23	0.7305742144829953	1.8951781030761876	0.3987582144829954	1.8951781030761876	17.327767530226332	17.98065352892795	1.002885998701617	3
24	0.7305742144829953	1.8951781030761876	0.7305742144829953	1.8951781030761876	10.251196404968002	16.68291246594706	6.781716060979056	4
25	1.813971503663606	1.0306687287229288	2.4434175036636057	0.8790587287229288	7.159590690462966	7.9578940813060814	1.148303390843116	3
26	2.4434175036636057	0.8790587287229288	1.813971503663606	0.8790587287229288	17.668096350925936	18.45811696578097	1.1400206148550347	3
27	2.4434175036636057	0.8790587287229288	2.4434175036636057	0.8790587287229288	9.813978162143549	16.755081790291403	7.291103628147853	4
28	1.6148070559636967	3.353924656038232	3.0414830559636967	2.931394656038232	7.199299633919469	8.3848243489364	1.535524715016931	3
29	3.0414830559636967	2.931394656038232	1.6148070559636967	2.931394656038232	18.068600619896767	19.225949226002644	1.5073486061058774	3
30	3.0414830559636967	2.931394656038232	3.0414830559636967	2.931394656038232	10.051192463606801	15.708329093534099	6.007136629927297	4
31	2.515911283162441	1.2944388826323256	3.9425872831624407	0.8719088826323256	7.398998811056024	8.584481418051961	1.5354826069959375	3
32	3.9425872831624407	0.8719088826323256	2.515911283162441	0.8719088826323256	17.869547868239362	19.02689647434524	1.5073486061058774	3
33	3.9425872831624407	0.8719088826323256	3.9425872831624407	0.8719088826323256	9.951125073858067	15.438210011191561	5.837084937333493	4
34	1.2436425768643429	3.273339661282628	1.0224335768643429	3.6579696612826282	7.566073127367671	8.270482206407761	1.0544090790400902	3
35	1.0224335768643429	3.6579696612826282	1.2436425768643429	3.6579696612826282	17.598182234196887	18.20010546540571	0.951923231208822	3
36	1.0224335768643429	3.6579696612826282	1.0224335768643429	3.6579696612826282	10.387641267786266	16.151111271252642	6.113470003466375	4
37	1.3768447493315588	0.6264531986564725	1.3439117493315587	0.2523931986564725	6.902681605032566	7.5756500479736095	1.022968442941044	3
38	1.3439117493315587	0.2523931986564725	1.3768447493315588	0.2523931986564725	17.915370719908534	18.43054477599757	0.8651740560890374	3
39	1.3439117493315587	0.2523931986564725	1.3439117493315587	0.2523931986564725	9.927733312396096	15.646773872218766	6.069040559822669	4
40	0.24932035928635699	2.480096246934865	0.46058635928635694	2.240866246934865	6.890498955574344	7.537552875686249	0.9970539201119045	3
41	0.46058635928635694	2.240866246934865	0.24932035928635699	2.240866246934865	17.2035764807435	17.800918421462743	0.947341940719243	3
42	0.46058635928635694	2.240866246934865	0.46058635928635694	2.240866246934865	10.16748765630617	17.099141694966754	7.281654038660584	4
43	0.9023383913818125	2.4823270009495504	1.1136043913818126	2.2430970009495503	6.784928384283056	7.431971105245526	0.99704272096247	3
44	1.1136043913818126	2.2430970009495503	0.9023383913818125	2.2430970009495503	17.362611503535987	17.95995344425523	0.947341940719243	3
45	1.1136043913818126	2.2430970009495503	1.1136043913818126	2.2430970009495503	9.757420476638853	16.943049162795578	7.535628686156725	4
46	0.6937042807596422	1.7078796053472178	1.839520280759642	1.458709605347218	7.317491957379853	8.3577652039247	1.3902732465448469	3
47	1.839520280759642	1.458709605347218	0.6937042807596422	1.458709605347218	17.368752121459302	18.396692978706366	1.3779408572470637	3
48	1.839520280759642	1.458709605347218	1.839520280759642	1.458709605347218	10.463599120824558	16.573271466000637	6.459672345176079	4
49	1.4044135427254334	1.546908069080015	1.4236765427254334	1.878108069080015	7.081634542164792	7.734448209286012	1.0028136671212198	3
50	1.4236765427254334	1.878108069080015	1.4044135427254334	1.878108069080015	16.553576319938625	17.062451850331943	0.8588755303933183	3
51	1.4236765427254334	1.878108069080015	1.4236765427254334	1.878108069080015	10.659649432254414	15.911873123581382	5.602223691326968	4
52	0.6244949401064143	2.244423245009956	0.6244949401064143	2.244423245009956	7.494544764185418	7.994544764185418	0.85	3
53	0.6244949401064143	2.244423245009956	0.6244949401064143	2.244423245009956	17.42980393626791	17.92980393626791	0.85	3
54	0.6244949401064143	2.244423245009956	0.6244949401064143	2.244423245009956	10.604408473022973	16.50425046011292	6.2498419870899475	4
55	1.1288060383670928	1.1646448066126969	1.1288060383670928	1.1646448066126969	8.450999946956534	8.950999946956534	0.85	3
56	1.1288060383670928	1.1646448066126969	1.1288060383670928	1.1646448066126969	18.024001559080762	18.524001559080762	0.85	3
57	1.1288060383670928	1.1646448066126969	1.1288060383670928	1.1646448066126969	9.76810973561556	15.837053501907238	6.418943766291678	4
58	2.615462188935939	1.6479322208008165	2.615462188935939	1.6479322208008165	8.311963606700331	8.811963606700331	0.85	3
59	2.615462188935939	1.6479322208008165	2.615462188935939	1.6479322208008165	17.713884495602514	18.213884495602514	0.85	3
60	2.615462188935939	1.6479322208008165	2.615462188935939	1.6479322208008165	9.348622413534875	16.38971435419638	7.391091940661504	4
61	1.8313007925777676	-0.1412356873000684	2.1289307925777674	0.28254431269993163	7.196454049288923	7.934962619954531	1.0885085706656077	3
62	2.1289307925777674	0.28254431269993163	1.8313007925777676	0.28254431269993163	18.0142680775408	18.65140269369422	0.9871346161534177	3
63	2.1289307925777674	0.28254431269993163	2.1289307925777674	0.28254431269993163	9.906761182589012	16.289857019821053	6.733095837232041	4
64	0.6320707037299126	1.6307789659181309	0.9297007037299126	2.054558965918131	7.531448984809415	8.270038119728255	1.0885891349188408	3
65	0.9297007037299126	2.054558965918131	0.6320707037299126	2.054558965918131	17.49063818301551	18.127772799168927	0.9871346161534177	3
66	0.9297007037299126	2.054558965918131	0.9297007037299126	2.054558965918131	9.82012852776601	15.999319634780955	6.5291911070149435	4
67	0.27236765140551844	0.4870198800646788	1.3672276514055186	0.6398798800646788	7.682046727340033	8.691401113298097	1.359354385958064	3
68	1.3672276514055186	0.6398798800646788	0.27236765140551844	0.6398798800646788	16.830803719877164	17.835266327281424	1.3544626074042605	3
69	1.3672276514055186	0.6398798800646788	1.3672276514055186	0.6398798800646788	10.12338869185787	16.13801760442968	6.36462891257181	4
70	1.1078139977474726	2.939539418539265	0.7430649977474725	3.140869418539265	7.1723319320135746	7.864287772699744	1.0419558406861698	3
71	0.7430649977474725	3.140869418539265	1.1078139977474726	3.140869418539265	16.748614297043275	17.41667435183393	1.0180600547906544	3
72	0.7430649977474725	3.140869418539265	0.7430649977474725	3.140869418539265	10.515105318344366	16.293228374511777	6.128123056167411	4
73	1.7723389433299812	1.8640879868070916	1.6517889433299815	2.2002479868070917	7.489248091878151	8.153728678166438	1.0144805862882866	3
74	1.6517889433299815	2.2002479868070917	1.7723389433299812	2.2002479868070917	16.907944827355003	17.463488885337377	0.9055440579823738	3
75	1.6517889433299815	2.2002479868070917	1.6517889433299815	2.2002479868070917	9.830664301598915	16.513108975615154	7.032444674016238	4
76	0.9157674125874378	2.452365745989372	1.3998174125874379	2.1777217459893716	8.331625918850543	9.088040510199482	1.1064145913489392	3
77	1.3998174125874379	2.1777217459893716	0.9157674125874378	2.1777217459893716	18.101339193007046	18.824367822342335	1.073028629335289	3
78	1.3998174125874379	2.1777217459893716	1.3998174125874379	2.1777217459893716	9.864162999750873	16.44952831988505	6.935365320134178	4
79	1.3728465061988464	2.774066351990674	1.0602935061988463	3.680656351990674	8.263868938596202	9.205623108176104	1.2917541695799017	3
80	1.0602935061988463	3.680656351990674	1.3728465061988464	3.680656351990674	18.353456925973767	18.997467394282065	0.9940104683082985	3
81	1.0602935061988463	3.680656351990674	1.0602935061988463	3.680656351990674	10.114876032913521	16.75667691365207	6.9918008807385466	4
82	1.8667419411874238	2.817929170108467	1.554188941187424	3.7245191701084672	7.597099930378232	8.538767158013764	1.2916672276355317	3
83	1.554188941187424	3.7245191701084672	1.8667419411874238	3.7245191701084672	17.515882490838354	18.159892959146653	0.9940104683082985	3
84	1.554188941187424	3.7245191701084672	1.554188941187424	3.7245191701084672	9.134030389609956	16.372410912068535	7.5883805224585785	4
85	1.3569330577663303	2.2682972681337423	1.0443800577663302	3.174887268133742	7.1148055309726965	8.056562014053092	1.291756483080396	3
86	1.0443800577663302	3.174887268133742	1.3569330577663303	3.174887268133742	17.359227702424736	18.003238170733034	0.9940104683082985	3
87	1.0443800577663302	3.174887268133742	1.0443800577663302	3.174887268133742	10.243047803172466	16.22986036198986	6.336812558817394	4
88	1.84576891253664	0.9143955986678206	2.17198891253664	1.6370555986678208	6.824046017738317	7.689182299127221	1.2151362813889048	3
89	2.17198891253664	1.6370555986678208	1.84576891253664	1.6370555986678208	18.4273566138352	19.077664225573155	1.0003076117379543	3
90	2.17198891253664	1.6370555986678208	2.17198891253664	1.6370555986678208	9.232338748754671	15.411346364425313	6.529007615670642	4
91	0.48825225739975664	1.694217897275665	1.1611922573997568	2.4423578972756648	6.923418624633669	7.887030860427865	1.3136122357941962	3
92	1.1611922573997568	2.4423578972756648	0.48825225739975664	2.4423578972756648	18.629458850367747	19.439519558610467	1.1600607082427197	3
93	1.1611922573997568	2.4423578972756648	1.1611922573997568	2.4423578972756648	10.095509962101254	16.948153442622292	7.202643480521038	4
94	1.6268547850371413	1.8840048890581995	0.20017878503714137	2.3065348890581996	7.289029353086303	8.474592662683001	1.5355633095966987	3
95	0.20017878503714137	2.3065348890581996	1.6268547850371413	2.3065348890581996	17.64275628992959	18.800104896035467	1.5073486061058774	3
96	0.20017878503714137	2.3065348890581996	0.20017878503714137	2.3065348890581996	10.276709239401082	16.935202977746606	7.008493738345523	4
97	2.5743311091230887	1.7310138673165105	1.1476551091230887	2.1535438673165106	8.1804057397268	9.36594692082152	1.5355411810947204	3
98	1.1476551091230887	2.1535438673165106	2.5743311091230887	2.1535438673165106	17.743747919306802	18.90109652541268	1.5073486061058774	3
99	1.1476551091230887	2.1535438673165106	1.1476551091230887	2.1535438673165106	10.197645068138527	16.560410562652695	6.7127654945141675	4
100	3.415444838033477	2.5681073985328275	1.9887688380334771	2.9906373985328276	8.294944750952313	9.480453643831224	1.535508892878911	3
101	1.9887688380334771	2.9906373985328276	3.415444838033477	2.9906373985328276	17.03139419301199	18.18874279911787	1.5073486061058774	3
102	1.9887688380334771	2.9906373985328276	1.9887688380334771	2.9906373985328276	11.16095841300653	16.370018030910035	5.559059617903506	4
103	2.945946040227978	1.3890215505294523	1.870346040227978	2.1091915505294523	7.993060873652032	9.08931270319335	1.446251829541318	3
104	1.870346040227978	2.1091915505294523	2.945946040227978	2.1091915505294523	17.22058987442835	18.216178333705354	1.3455884592770055	3
105	1.870346040227978	2.1091915505294523	1.870346040227978	2.1091915505294523	9.522693517509637	17.441173578373732	8.268480060864094	4
106	3.5651600516201953	1.443294963291036	2.767930051620195	1.714214963291036	7.66075494086563	8.548651892027406	1.2378969511617766	3
107	2.767930051620195	1.714214963291036	3.5651600516201953	1.714214963291036	17.53898646842011	18.406314459670952	1.2173279912508428	3
108	2.767930051620195	1.714214963291036	2.767930051620195	1.714214963291036	11.046845327556573	16.861121198821806	6.164275871265232	4
109	2.4100607496803845	2.2203131808954417	0.7621757496803845	3.027473180895442	7.719035975433294	9.064429530313747	1.6953935548804533	3
110	0.7621757496803845	3.027473180895442	2.4100607496803845	3.027473180895442	17.38292920229095	18.64220103960565	1.6092718373146995	3
111	0.7621757496803845	3.027473180895442	0.7621757496803845	3.027473180895442	10.139123178423153	16.309554149893646	6.520430971470493	4
112	2.0811767824991483	3.094880210252045	0.43329178249914835	3.9020402102520446	7.353787738881904	8.699204589671922	1.6954168507900182	3
113	0.43329178249914835	3.9020402102520446	2.0811767824991483	3.9020402102520446	16.805585392033354	18.064857229348053	1.6092718373146995	3
114	0.43329178249914835	3.9020402102520446	0.43329178249914835	3.9020402102520446	9.332944500385146	16.835591747712954	7.852647247327807	4
115	2.5802150791138976	0.8726025633649007	1.9277650791138974	1.7394125633649007	7.490347152230954	8.489981090952464	1.3496339387215097	3
116	1.9277650791138974	1.7394125633649007	2.5802150791138976	1.7394125633649007	17.409426450708796	18.210046281738254	1.150619831029458	3
117	1.9277650791138974	1.7394125633649007	1.9277650791138974	1.7394125633649007	10.227971005429069	16.100391361669512	6.222420356240443	4
118	1.7543923549842253	-0.251800012275182	0.29478335498422514	-0.203330012275182	7.193685092871538	8.36657832302977	1.5228932301582323	3
119	0.29478335498422514	-0.203330012275182	1.7543923549842253	-0.203330012275182	17.162803267658443	18.33532592985336	1.5225226621949184	3
120	0.29478335498422514	-0.203330012275182	0.29478335498422514	-0.203330012275182	10.177638796203137	15.561686801417457	5.734048005214319	4
121	3.7297109714337084	0.46725074405680855	2.514300971433708	0.6505507440568086	8.52174660305208	9.588067123642865	1.4163205205907858	3
122	2.514300971433708	0.6505507440568086	3.7297109714337084	0.6505507440568086	17.606106403312786	18.666113068699424	1.4100066653866379	3
123	2.514300971433708	0.6505507440568086	2.514300971433708	0.6505507440568086	9.76394571391528	15.85624327502454	6.4422975611092586	4
124	2.0267255339380688	-0.04020995543737893	1.4997955339380686	0.09587004456262127	7.547635968615407	8.298379747198112	1.100743778582705	3
125	1.4997955339380686	0.09587004456262127	2.0267255339380688	0.09587004456262127	17.855002558148986	18.59778837708431	1.0927858189353246	3
126	1.4997955339380686	0.09587004456262127	1.4997955339380686	0.09587004456262127	10.925314056666911	16.388672418607406	5.8133583619404945	4
127	1.921550463078276	1.1466129248862105	1.394620463078276	1.2826929248862107	7.954749903949475	8.705494541310312	1.1007446373608372	3
128	1.394620463078276	1.2826929248862107	1.921550463078276	1.2826929248862107	18.009673840600474	18.7524596595358	1.0927858189353246	3
129	1.394620463078276	1.2826929248862107	1.394620463078276	1.2826929248862107	9.691930668781847	16.38495381283253	7.043023144050684	4
130	3.16327356441418	1.5012814373205208	2.63634356441418	1.637361437320521	8.090979988852405	8.84171112610276	1.1007311372503552	3
131	2.63634356441418	1.637361437320521	3.16327356441418	1.637361437320521	17.71017232873716	18.452958147672483	1.0927858189353246	3
132	2.63634356441418	1.637361437320521	2.63634356441418	1.637361437320521	10.014696654543839	16.939351854310107	7.2746551997662685	4
133	0.9173211507811312	1.6524634319204279	0.6364611507811311	1.825823431920428	7.165726310975698	7.817796829727779	1.0020705187520815	3
134	0.6364611507811311	1.825823431920428	0.9173211507811312	1.825823431920428	16.705064642301988	17.3344723911608	0.9794077488588137	3
135	0.6364611507811311	1.825823431920428	0.6364611507811311	1.825823431920428	9.390586292200998	17.11593995689589	8.075353664694891	4
136	1.9162457135133029	0.9348331234861035	1.6353857135133028	1.1081931234861035	7.558383649939185	8.210437879048088	1.0020542291089032	3
137	1.6353857135133028	1.1081931234861035	1.9162457135133029	1.1081931234861035	17.74265639671273	18.372064145571542	0.9794077488588137	3
138	1.6353857135133028	1.1081931234861035	1.6353857135133028	1.1081931234861035	10.507609632408883	15.854460142405813	5.6968505099969295	4
139	2.4588209769194456	2.373836694833062	1.0514079769194453	3.127566694833062	7.427853160077109	8.663383635245518	1.5855304751684094	3
140	1.0514079769194453	3.127566694833062	2.4588209769194456	3.127566694833062	17.52795465213663	18.676427727849187	1.498473075712559	3
141	1.0514079769194453	3.127566694833062	1.0514079769194453	3.127566694833062	9.401801252104738	16.751362018226263	7.699560766121525	4
142	3.2942033286031642	1.0802371865151945	1.8867903286031642	1.8339671865151945	7.896873052861802	9.132312938617284	1.585439885755482	3
143	1.8867903286031642	1.8339671865151945	3.2942033286031642	1.8339671865151945	16.89341799841044	18.041891074122997	1.498473075712559	3
144	1.8867903286031642	1.8339671865151945	1.8867903286031642	1.8339671865151945	9.151870077078677	15.795364415574987	6.99349433849631	4
145	3.132002550103582	1.0593930929288224	2.3633625501035818	1.6291930929288223	7.046933107022569	7.987606158719122	1.2906730516965532	3
146	2.3633625501035818	1.6291930929288223	3.132002550103582	1.6291930929288223	17.550023839437145	18.40417883510345	1.2041549956663062	3
147	2.3633625501035818	1.6291930929288223	2.3633625501035818	1.6291930929288223	9.979819227649813	17.60078249129274	7.970963263642927	4
148	1.6313486573315616	0.8941762469690401	1.2094286573315616	1.48945624696904	8.164926396835398	9.001042746859655	1.1861163500242573	3
149	1.2094286573315616	1.48945624696904	1.6313486573315616	1.48945624696904	17.11631129413846	17.8107131933	1.044401899161541	3
150	1.2094286573315616	1.48945624696904	1.2094286573315616	1.48945624696904	9.894637135408711	16.213332416086367	6.668695280677655	4
151	2.4202098543202792	-0.7516600563249323	1.6161538543202796	0.7787779436750677	8.454572460896832	9.750733574312543	1.6461611134157104	3
152	1.6161538543202796	0.7787779436750677	2.4202098543202792	0.7787779436750677	16.72882534476144	17.59929845206195	1.2204731073005122	3
153	1.6161538543202796	0.7787779436750677	1.6161538543202796	0.7787779436750677	9.382890701558422	15.753574929135407	6.720684227576985	4
154	1.1264632783847093	1.300597452770912	0.3224072783847094	2.8310354527709123	8.22845596080971	9.524954404807723	1.6464984439980133	3
155	0.3224072783847094	2.8310354527709123	1.1264632783847093	2.8310354527709123	16.794760681949448	17.665233789249964	1.2204731073005157	3
156	0.3224072783847094	2.8310354527709123	0.3224072783847094	2.8310354527709123	10.69811198477067	17.176997104209164	6.828885119438494	4
157	0.28921528730445756	0.8642032215508381	-0.5148407126955423	2.394641221550838	7.761789839209461	9.05833697466555	1.6465471354560894	3
158	-0.5148407126955423	2.394641221550838	0.28921528730445756	2.394641221550838	17.863861425903803	18.73433453320432	1.2204731073005157	3
159	-0.5148407126955423	2.394641221550838	-0.5148407126955423	2.394641221550838	10.769161276438892	15.963912482582943	5.544751206144051	4
160	1.0113948889169633	0.7371058502975929	0.5584148889169634	2.5651838502975925	7.65857538244175	9.026266590758205	1.7176912083164546	3
161	0.5584148889169634	2.5651838502975925	1.0113948889169633	2.5651838502975925	18.575819071527963	19.284532031999607	1.0587129604716439	3
162	0.5584148889169634	2.5651838502975925	0.5584148889169634	2.5651838502975925	9.294090204379284	16.421831032875534	7.47774082849625	4
163	2.539941605464267	0.2420001111023577	2.0869616054642672	2.0700781111023576	7.894734347673266	9.261835863537002	1.7171015158637357	3
164	2.0869616054642672	2.0700781111023576	2.539941605464267	2.0700781111023576	17.82265311660314	18.531366077074782	1.0587129604716439	3
165	2.0869616054642672	2.0700781111023576	2.0869616054642672	2.0700781111023576	10.100760402204546	17.078362590394693	7.327602188190147	4
166	2.576013257988231	1.1617567151703208	2.546183257988231	3.136474715170321	7.773185786669324	9.1822426618358	1.7590568751664768	3
167	2.546183257988231	3.136474715170321	2.576013257988231	3.136474715170321	17.70583741617885	18.21958174840294	0.8637443322240926	3
168	2.546183257988231	3.136474715170321	2.546183257988231	3.136474715170321	9.816573319749391	16.757951097181966	7.291377777432574	4
169	1.5264727919228405	1.239892069510467	0.6894837919228405	2.3962700695104666	7.605585853645511	8.763230294581497	1.507644440935986	3
170	0.6894837919228405	2.3962700695104666	1.5264727919228405	2.3962700695104666	18.154842390220082	19.040489553609635	1.2356471633895532	3
171	0.6894837919228405	2.3962700695104666	0.6894837919228405	2.3962700695104666	10.019408406363356	15.966482256445552	6.297073850082196	4
172	1.783104857450039	0.044411251651214345	0.946115857450039	1.2007892516512142	7.276810213680819	8.434412944204162	1.507602730523343	3
173	0.946115857450039	1.2007892516512142	1.783104857450039	1.2007892516512142	18.11134711642762	18.996994279817173	1.2356471633895532	3
174	0.946115857450039	1.2007892516512142	0.946115857450039	1.2007892516512142	9.67934845750289	16.971563468455887	7.642215010952997	4
175	2.032913893552722	0.085110468036903	1.4401238935527219	1.376318468036903	7.344066732345271	8.498448370903834	1.5043816385585624	3
176	1.4401238935527219	1.376318468036903	2.032913893552722	1.376318468036903	17.164853168434895	17.937984335016168	1.1231311665812727	3
177	1.4401238935527219	1.376318468036903	1.4401238935527219	1.376318468036903	9.7994960247381	16.675706086305272	7.226210061567171	4
178	2.9962601769019757	-0.032894129817375994	2.2114671769019756	1.828743870182624	6.8670200772227705	8.29705999892256	1.7800399216997893	3
179	2.2114671769019756	1.828743870182624	2.9962601769019757	1.828743870182624	17.525679265353745	18.387276842260942	1.2115975769071974	3
180	2.2114671769019756	1.828743870182624	2.2114671769019756	1.828743870182624	9.632267401786665	16.69199028951225	7.409722887725586	4
181	1.504400873881675	2.0446823875099662	0.7196078738816749	3.906320387509966	8.51641230509479	9.947119471175377	1.7807071660805875	3
182	0.7196078738816749	3.906320387509966	1.504400873881675	3.906320387509966	17.28026443929333	18.141862016200527	1.2115975769071974	3
183	0.7196078738816749	3.906320387509966	0.7196078738816749	3.906320387509966	10.518048081281878	16.623564277728807	6.455516196446929	4
184	2.5016037411575582	0.7769743472458939	2.702303741157558	2.480162347245894	7.843138631445268	9.132517325829058	1.6393786943837898	3
185	2.702303741157558	2.480162347245894	2.5016037411575582	2.480162347245894	17.65382029111718	18.246293890761002	0.9424735996438208	3
186	2.702303741157558	2.480162347245894	2.702303741157558	2.480162347245894	9.837210106794968	16.69910001769227	7.211889910897302	4
187	1.597906086283007	-0.7399410415043562	0.4303460862830072	-0.027229041504356344	6.826741869058767	7.956980087552529	1.4802382184937621	3
188	0.4303460862830072	-0.027229041504356344	1.597906086283007	-0.027229041504356344	18.038200376628314	19.076159898303157	1.3879595216748428	3
189	0.4303460862830072	-0.027229041504356344	0.4303460862830072	-0.027229041504356344	10.673991210701203	17.03969010013992	6.715698889438718	4
190	1.8695109887127939	-0.8339341383161126	0.7019509887127939	-0.12122213831611273	7.0801692428695295	8.210391185262019	1.4802219423924892	3
191	0.7019509887127939	-0.12122213831611273	1.8695109887127939	-0.12122213831611273	17.739013599963183	18.776973121638026	1.3879595216748428	3
192	0.7019509887127939	-0.12122213831611273	0.7019509887127939	-0.12122213831611273	9.561613149755832	16.301100156197965	7.089487006442132	4
193	2.566765184992233	1.9580810731372957	1.696835184992233	3.094573073137296	7.65445630195501	8.813607073259256	1.5091507713042458	3
194	1.696835184992233	3.094573073137296	2.566765184992233	3.094573073137296	18.04083255598375	18.941657461505176	1.2508249055214251	3
195	1.696835184992233	3.094573073137296	1.696835184992233	3.094573073137296	9.609866358205053	17.263462403365008	8.003596045159954	4
196	2.4824467100982996	2.277346918328711	1.1943367100982996	3.3262189183287107	7.802418386633688	9.06763041057477	1.615212023941082	3
197	1.1943367100982996	3.3262189183287107	2.4824467100982996	3.3262189183287107	17.069313563799316	18.162817143456536	1.4435035796572202	3
198	1.1943367100982996	3.3262189183287107	1.1943367100982996	3.3262189183287107	10.21062811112781	16.295217516398363	6.434589405270552	4
199	1.6375672767628067	0.8333550787154173	0.3494572767628067	1.8822270787154172	7.789486644207337	9.054809848118312	1.6153232039109748	3
200	0.3494572767628067	1.8822270787154172	1.6375672767628067	1.8822270787154172	17.836896688081104	18.930400267738325	1.4435035796572202	3
201	0.3494572767628067	1.8822270787154172	0.3494572767628067	1.8822270787154172	9.499794787122575	16.286772185732517	7.136977398609941	4
202	1.361906795217251	2.741051177302424	2.3871717952172506	0.8259831773024239	7.701516060046713	9.201963432374223	1.8504473723275097	3
203	2.3871717952172506	0.8259831773024239	1.361906795217251	0.8259831773024239	17.508983739198147	18.48138007770748	1.3223963385093342	3
204	2.3871717952172506	0.8259831773024239	2.3871717952172506	0.8259831773024239	9.411232722823206	16.483699911656338	7.4224671888331315	4
205	-0.9480911172515053	2.007976414599572	-0.3248561172515052	0.233339414599572	7.2322090246903885	8.598789121443819	1.7165800967534302	3
206	-0.3248561172515052	0.233339414599572	-0.9480911172515053	0.233339414599572	17.532747324861838	18.319906188210204	1.137158863348367	3
207	-0.3248561172515052	0.233339414599572	-0.3248561172515052	0.233339414599572	10.17471495124555	17.34046328351318	7.515748332267631	4
208	-0.8179004038526205	1.9600802231030654	-1.0061764038526206	2.7187702231030655	7.339790282311266	8.199920631503979	1.210130349192713	3
209	-1.0061764038526206	2.7187702231030655	-0.8179004038526205	2.7187702231030655	17.94089695151913	18.52764612663891	0.9367491751197811	3
210	-1.0061764038526206	2.7187702231030655	-1.0061764038526206	2.7187702231030655	9.52262863733697	16.14265525167399	6.970026614337019	4
211	2.594379258325541	2.084087700744554	2.580089258325541	1.1029407007445542	7.194322625025736	8.145978525459494	1.3016559004337585	3
212	2.580089258325541	1.1029407007445542	2.594379258325541	1.1029407007445542	17.604513981047486	18.11109817506298	0.8565841940154953	3
213	2.580089258325541	1.1029407007445542	2.580089258325541	1.1029407007445542	10.585219320357021	16.181266519767725	5.946047199410703	4
214	1.162234207186951	2.4043691604972417	1.7618642071869508	1.4027171604972415	7.967829727122795	9.005592719910002	1.387762992787207	3
215	1.7618642071869508	1.4027171604972415	1.162234207186951	1.4027171604972415	17.502332547578696	18.2786152807846	1.1262827332059033	3
216	1.7618642071869508	1.4027171604972415	1.7618642071869508	1.4027171604972415	9.563668416949154	16.524794189803195	7.311125772854041	4
217	2.9542103296473052	1.7714195931229482	3.3848203296473054	0.4242845931229481	6.725490387849518	7.8762232912194285	1.500732903369911	3
218	3.3848203296473054	0.4242845931229481	2.9542103296473052	0.4242845931229481	17.933267821423826	18.631673684615784	1.0484058631919582	3
219	3.3848203296473054	0.4242845931229481	3.3848203296473054	0.4242845931229481	9.919351369742964	17.0445774316923	7.475226061949336	4
220	2.5633760657360725	1.551447136466462	1.4424210657360725	2.2225271364664616	6.949071709612614	8.05093954763579	1.4518678380231766	3
221	1.4424210657360725	2.2225271364664616	2.5633760657360725	2.2225271364664616	18.199347112115138	19.215833130494513	1.366486018379375	3
222	1.4424210657360725	2.2225271364664616	1.4424210657360725	2.2225271364664616	9.117852529927474	16.849191179989305	8.08133865006183	4
223	2.4146795358210023	1.0941442321014083	1.2937245358210019	1.7652242321014082	6.848211340338809	7.950093045085893	1.4518817047470844	3
224	1.2937245358210019	1.7652242321014082	2.4146795358210023	1.7652242321014082	17.417521758249844	18.43400777662922	1.366486018379375	3
225	1.2937245358210019	1.7652242321014082	1.2937245358210019	1.7652242321014082	10.393534444373916	16.14262284127453	6.099088396900614	4
226	1.7003315696553893	3.2662292981459586	0.17113456965538928	4.126209298145959	7.615158582545961	8.923487886731309	1.6583293041853477	3
227	0.17113456965538928	4.126209298145959	1.7003315696553893	4.126209298145959	17.3273468530422	18.531932558844563	1.5545857058023622	3
228	0.17113456965538928	4.126209298145959	0.17113456965538928	4.126209298145959	10.284205155474522	17.20992426028689	7.275719104812367	4
229	0.9834643445102382	1.18095241904545	0.5696243445102382	0.6409794190454499	6.646557117755398	7.459999324593925	1.163442206838527	3
230	0.5696243445102382	0.6409794190454499	0.9834643445102382	0.6409794190454499	17.420399396455377	18.111078392352734	1.0406789958973577	3
231	0.5696243445102382	0.6409794190454499	0.5696243445102382	0.6409794190454499	9.5804596770873	16.538285717541875	7.307826040454575	4
232	0.2791640907784543	1.1132399335609986	-0.1346759092215457	0.5732669335609986	7.74397213266944	8.557432318988697	1.163460186319257	3
233	-0.1346759092215457	0.5732669335609986	0.2791640907784543	0.5732669335609986	16.736793187556962	17.42747218345432	1.0406789958973577	3
234	-0.1346759092215457	0.5732669335609986	-0.1346759092215457	0.5732669335609986	9.612540629492985	16.694536807582818	7.4319961780898325	4
235	1.6478369047516945	-0.428908013703428	0.6107619047516945	0.805755986296572	5.78517960027875	7.028023258968066	1.5928436586893162	3
236	0.6107619047516945	0.805755986296572	1.6478369047516945	0.805755986296572	17.0846534124516	18.062491271697326	1.3278378592457245	3
237	0.6107619047516945	0.805755986296572	0.6107619047516945	0.805755986296572	9.50620912216021	17.381963920168886	8.225754798008676	4
238	3.120730498695528	0.5359707661208858	2.083655498695528	1.7706347661208857	6.909464905324528	8.151944052068899	1.5924791467443709	3
239	2.083655498695528	1.7706347661208857	3.120730498695528	1.7706347661208857	16.913309889729486	17.89114774897521	1.3278378592457245	3
240	2.083655498695528	1.7706347661208857	2.083655498695528	1.7706347661208857	10.901557330884623	16.910747439766432	6.359190108881808	4
241	1.954429776124182	0.6471234165426425	0.9173547761241819	1.8817874165426425	8.18150034853697	9.424291832986084	1.5927914844491142	3
242	0.9173547761241819	1.8817874165426425	1.954429776124182	1.8817874165426425	17.397144892228656	18.37498275147438	1.3278378592457245	3
243	0.9173547761241819	1.8817874165426425	0.9173547761241819	1.8817874165426425	9.207648167884203	16.873135172550267	8.015487004666063	4
244	1.5840541008719953	2.0763008402835257	0.5469791008719952	3.3109648402835257	7.1807432095432855	8.423596155733755	1.5928529461904692	3
245	0.5469791008719952	3.3109648402835257	1.5840541008719953	3.3109648402835257	17.335684910439088	18.313522769684813	1.3278378592457245	3
246	0.5469791008719952	3.3109648402835257	0.5469791008719952	3.3109648402835257	9.933596150447393	16.07887012677383	6.495273976326436	4
247	-0.09312129348476017	2.6680045012234554	0.2896417065152399	0.9467975012234557	6.46706186060187	7.7794875316796315	1.6624256710777616	3
248	0.2896417065152399	0.9467975012234557	-0.09312129348476017	0.9467975012234557	17.0804672314457	17.75682733319193	1.02636010174623	3
249	0.2896417065152399	0.9467975012234557	0.2896417065152399	0.9467975012234557	10.211571895651224	16.00845923026815	6.1468873346169275	4
250	2.345132432325798	2.848002309848434	2.104660432325798	2.9014323098484343	7.522961357297805	8.136458075310214	0.9634967180124091	3
251	2.104660432325798	2.9014323098484343	2.345132432325798	2.9014323098484343	17.06717899011586	17.677977751718	0.9607987616021404	3
252	2.104660432325798	2.9014323098484343	2.104660432325798	2.9014323098484343	9.805606236101521	16.180854377395917	6.725248141294395	4
253	2.9898652881280006	1.147503042458983	2.8705652881280006	-0.2928439575410171	7.420598582428039	8.585653818383243	1.5150552359552036	3
254	2.8705652881280006	-0.2928439575410171	2.9898652881280006	-0.2928439575410171	17.9346292094423	18.48959732323158	0.904968113789279	3
255	2.8705652881280006	-0.2928439575410171	2.8705652881280006	-0.2928439575410171	9.214523803905967	15.819374883639984	6.954851079734016	4
256	3.553272865652197	1.999302093568489	3.433972865652197	0.558955093568489	7.174732012650827	8.339422843765504	1.5146908311146778	3
257	3.433972865652197	0.558955093568489	3.553272865652197	0.558955093568489	17.404788816311623	17.9597569301009	0.904968113789279	3
258	3.433972865652197	0.558955093568489	3.433972865652197	0.558955093568489	10.403224627612781	16.17134356292644	6.11811893531366	4
259	1.1660294265116287	1.7384174474155287	1.0467294265116287	0.2980704474155289	6.972444468068296	8.138241170266426	1.5157967021981293	3
260	1.0467294265116287	0.2980704474155289	1.1660294265116287	0.2980704474155289	17.649361026393798	18.204329140183077	0.904968113789279	3
261	1.0467294265116287	0.2980704474155289	1.0467294265116287	0.2980704474155289	10.58440153333964	16.635491176971684	6.401089643632043	4
262	2.5528771906483745	3.396527576877663	2.4335771906483745	1.9561805768776628	7.057488584448077	8.22278248001775	1.5152938955696738	3
263	2.4335771906483745	1.9561805768776628	2.5528771906483745	1.9561805768776628	18.519461072651907	19.074429186441186	0.904968113789279	3
264	2.4335771906483745	1.9561805768776628	2.4335771906483745	1.9561805768776628	9.841140899967513	16.911695410733607	7.4205545107660935	4
265	0.9891202146394412	0.6532255061401486	0.7884202146394411	-1.0499624938598513	7.3954500217910155	8.685538504518403	1.6400884827273878	3
266	0.7884202146394411	-1.0499624938598513	0.9891202146394412	-1.0499624938598513	17.689899168810477	18.282372768454298	0.9424735996438208	3
267	0.7884202146394411	-1.0499624938598513	0.7884202146394411	-1.0499624938598513	9.562907265435992	16.986097769162694	7.773190503726701	4
268	3.206843775031868	0.8549599898847431	2.604113775031868	-0.7077970101152569	7.7524613909487226	9.02334173485593	1.6208803439072068	3
269	2.604113775031868	-0.7077970101152569	3.206843775031868	-0.7077970101152569	18.268918753774607	19.046629828579395	1.1277110748047883	3
270	2.604113775031868	-0.7077970101152569	2.604113775031868	-0.7077970101152569	10.242217852449018	16.774502342128095	6.882284489679076	4
271	1.3558489090289585	2.4684653365351217	0.7531189090289585	0.9057083365351218	8.33137774360768	9.603007912827048	1.6216301692193675	3
272	0.7531189090289585	0.9057083365351218	1.3558489090289585	0.9057083365351218	17.4030478266244	18.18075890142919	1.1277110748047883	3
273	0.7531189090289585	0.9057083365351218	0.7531189090289585	0.9057083365351218	10.604517849895855	15.755988446762506	5.5014705968666515	4
274	1.9525168324236288	2.434131399025052	1.3497868324236288	0.871374399025052	8.255847729655327	9.527312720432683	1.6214649907773553	3
275	1.3497868324236288	0.871374399025052	1.9525168324236288	0.871374399025052	17.564429947146504	18.342141021951292	1.1277110748047883	3
276	1.3497868324236288	0.871374399025052	1.3497868324236288	0.871374399025052	9.950793741956423	16.628799722844928	7.028005980888505	4
277	1.4357869957836984	1.3653985090212748	0.8330569957836985	-0.19735849097872515	8.14608148503834	9.417693750085975	1.6216122650476348	3
278	0.8330569957836985	-0.19735849097872515	1.4357869957836984	-0.19735849097872515	16.824598741704918	17.602309816509706	1.1277110748047883	3
279	0.8330569957836985	-0.19735849097872515	0.8330569957836985	-0.19735849097872515	10.20030796382473	15.82903813507856	5.978730171253829	4
280	1.4433190900712725	1.996031838195284	1.9379390900712723	0.5351798381952839	7.307154738251073	8.517505408170141	1.560350669919068	3
281	1.9379390900712723	0.5351798381952839	1.4433190900712725	0.5351798381952839	17.03115569429704	17.759054507729164	1.0778988134321232	3
282	1.9379390900712723	0.5351798381952839	1.9379390900712723	0.5351798381952839	10.552398824757908	17.081535688344275	6.879136863586366	4
283	2.1243623629530974	0.7280076176526333	2.6189823629530973	-0.7328443823473666	7.252085174612587	8.46216725514343	1.5600820805308442	3
284	2.6189823629530973	-0.7328443823473666	2.1243623629530974	-0.7328443823473666	18.305427224095933	19.033326037528056	1.0778988134321232	3
285	2.6189823629530973	-0.7328443823473666	2.6189823629530973	-0.7328443823473666	11.355657992205842	15.598026225205691	4.592368232999849	4
286	3.214798700945277	1.3530782219969417	3.7094187009452764	-0.1077737780030581	7.3328888627507	8.542353551819136	1.5594646890684367	3
287	3.7094187009452764	-0.1077737780030581	3.214798700945277	-0.1077737780030581	18.70600710277924	19.433905916211362	1.0778988134321232	3
288	3.7094187009452764	-0.1077737780030581	3.7094187009452764	-0.1077737780030581	9.72013179875385	16.493557614312394	7.123425815558544	4
289	1.8210475987597488	2.7707379741526736	2.146647598759749	0.9644029741526736	7.699824065611375	9.045023496124061	1.695199430512687	3
290	2.146647598759749	0.9644029741526736	1.8210475987597488	0.9644029741526736	17.622208709484678	18.272230652902856	1.000021943418178	3
291	2.146647598759749	0.9644029741526736	2.146647598759749	0.9644029741526736	10.612665200175773	17.001484455331976	6.738819255156203	4
292	0.6721767911436995	2.2036805525002023	0.9977767911436997	0.3973455525002022	7.647352446737075	8.992955868818116	1.6956034220810419	3
293	0.9977767911436997	0.3973455525002022	0.6721767911436995	0.3973455525002022	16.956804109149523	17.6068260525677	1.000021943418178	3
294	0.9977767911436997	0.3973455525002022	0.9977767911436997	0.3973455525002022	10.35364746448405	16.286362151925967	6.282714687441917	4
295	2.3482216179012614	1.2094461282032878	1.3105326179012615	0.6626361282032878	6.846984433543836	7.88736359632626	1.3903791627824238	3
296	1.3105326179012615	0.6626361282032878	2.3482216179012614	0.6626361282032878	17.11699823621842	18.095118999251795	1.328120763033374	3
297	1.3105326179012615	0.6626361282032878	1.3105326179012615	0.6626361282032878	10.517282520011296	16.463326733838667	6.29604421382737	4
298	1.0560736107338067	2.898354417510236	1.0560736107338067	2.898354417510236	6.619221007643314	7.119221007643314	0.85	3
299	1.0560736107338067	2.898354417510236	1.0560736107338067	2.898354417510236	18.352940420387405	18.852940420387405	0.85	3
300	1.0560736107338067	2.898354417510236	1.0560736107338067	2.898354417510236	9.993523272072835	15.944483849426028	6.300960577353193	4
301	-0.43021560784640933	1.4517905030405387	0.19923539215359076	0.8782605030405388	7.274474817748061	8.166831898802982	1.2423570810549216	3
302	0.19923539215359076	0.8782605030405388	-0.43021560784640933	0.8782605030405388	17.71573122469041	18.505754143322214	1.1400229186318058	3
303	0.19923539215359076	0.8782605030405388	0.19923539215359076	0.8782605030405388	9.874861915340377	15.81451430172237	6.289652386381993	4
304	-0.8927772626509071	1.9852722760475703	0.08774973734909297	1.7093822760475703	7.274178156320837	8.243502862767192	1.3193247064463551	3
305	0.08774973734909297	1.7093822760475703	-0.8927772626509071	1.7093822760475703	17.874485821875705	18.826268887336383	1.3017830654606777	3
306	0.08774973734909297	1.7093822760475703	0.08774973734909297	1.7093822760475703	9.477632151432237	16.091435147684226	6.963802996251989	4
307	-0.4938849660717839	1.5854305542391973	0.7650120339282162	0.8602905542391973	7.310958735570687	8.480343755832738	1.519385020262051	3
308	0.7650120339282162	0.8602905542391973	-0.4938849660717839	0.8602905542391973	17.67695718903425	18.75700072252109	1.4300435334868404	3
309	0.7650120339282162	0.8602905542391973	0.7650120339282162	0.8602905542391973	10.089445912747117	16.6333884315437	6.8939425187965835	4
310	0.6948919380264569	2.8237716480004176	2.751018938026457	1.8277116480004174	7.467285947464887	9.019866420416628	1.9025804729517408	3
311	2.751018938026457	1.8277116480004174	0.6948919380264569	1.8277116480004174	18.20070480820246	19.648076332940143	1.7973715247376831	3
312	2.751018938026457	1.8277116480004174	2.751018938026457	1.8277116480004174	11.172915010198356	16.26579647924208	5.442881469043725	4
313	1.2240976312161151	3.718919396340607	2.064814631216115	2.906159396340607	7.637276477447322	8.675952103297686	1.388675625850364	3
314	2.064814631216115	2.906159396340607	1.2240976312161151	2.906159396340607	18.11642637463008	19.00379123398113	1.237364859351049	3
315	2.064814631216115	2.906159396340607	2.064814631216115	2.906159396340607	10.252981897736195	17.75983521431114	7.856853316574943	4
316	1.446227998630897	2.9351188602085196	2.8915449986308968	1.5115548602085198	7.435545866068274	8.869921515150423	1.7843756490821492	3
317	2.8915449986308968	1.5115548602085198	1.446227998630897	1.5115548602085198	17.364083215379093	18.530020762047805	1.5159375466687117	3
318	2.8915449986308968	1.5115548602085198	2.8915449986308968	1.5115548602085198	10.213690350218842	16.53980972231791	6.676119372099066	4
319	-0.7280766528271516	1.089527791248898	-0.0793626528271516	0.8471977912488982	7.023946128882353	7.843017179120058	1.1690710502377049	3
320	-0.0793626528271516	0.8471977912488982	-0.7280766528271516	0.8471977912488982	17.49541064114635	18.294309090171474	1.1488984490251242	3
321	-0.0793626528271516	0.8471977912488982	-0.0793626528271516	0.8471977912488982	9.750984534093481	17.04127649154776	7.640291957454277	4
