ID 		 Origin_X 			 Origin_Y 		 Destination_X 		 Destination_Y 		 E_time 			 L_time 			 Max_Duration 			 Seats
1	-0.2710855466238946	1.697706120416012	-0.2953155466238946	1.252806120416012	7.352301465391777	8.05759280347627	1.0552913380844928	3
2	-0.2953155466238946	1.252806120416012	-0.2710855466238946	1.252806120416012	18.410351453686495	18.921515555925506	0.861164102239011	3
3	-0.2953155466238946	1.252806120416012	-0.2953155466238946	1.252806120416012	9.806120400822184	16.182046448211292	6.725926047389107	4
4	-0.4196327067589736	2.351479301999875	-0.4631227067589736	1.0335493019998752	6.942198356061532	8.049754165173606	1.4575558091120748	3
5	-0.4631227067589736	1.0335493019998752	-0.4196327067589736	1.0335493019998752	17.772564823690306	18.292603074056572	0.8700382503662659	3
6	-0.4631227067589736	1.0335493019998752	-0.4631227067589736	1.0335493019998752	10.119121200249293	15.339131497095822	5.5700102968465295	4
7	1.987156499518699	1.7593735332891565	1.823116499518699	0.7776035332891564	6.888101037970483	7.846480945760593	1.3083799077901106	3
8	1.823116499518699	0.7776035332891564	1.987156499518699	0.7776035332891564	16.897615661231228	17.47319796957987	0.9255823083486433	3
9	1.823116499518699	0.7776035332891564	1.823116499518699	0.7776035332891564	8.797745494359956	16.67430796347145	8.226562469111492	4
10	-0.8360909094453164	1.3556079852986462	-0.48501490944531644	1.6532479852986461	8.260328502486793	8.972392062052268	1.0620635595654755	3
11	-0.48501490944531644	1.6532479852986461	-0.8360909094453164	1.6532479852986461	18.221591417346293	18.883351564175165	1.011760146828872	3
12	-0.48501490944531644	1.6532479852986461	-0.48501490944531644	1.6532479852986461	9.751831170654677	14.8060253977606	5.404194227105922	4
13	0.3912556733045163	2.7247708380118225	0.7230716733045162	2.1493808380118224	7.148576168130116	7.954603505626849	1.1560273374967331	3
14	0.7230716733045162	2.1493808380118224	0.3912556733045163	2.1493808380118224	17.16212853305647	17.815014531758088	1.002885998701617	3
15	0.7230716733045162	2.1493808380118224	0.7230716733045162	2.1493808380118224	9.22505891443468	15.788688125022082	6.913629210587402	4
16	-0.1040802188447909	2.697031882144086	0.22773578115520898	2.121641882144086	6.6481962775283865	7.454234340066531	1.1560380625381446	3
17	0.22773578115520898	2.121641882144086	-0.1040802188447909	2.121641882144086	17.979678837410194	18.63256483611181	1.002885998701617	3
18	0.22773578115520898	2.121641882144086	0.22773578115520898	2.121641882144086	9.797878725427038	16.906157413166564	7.458278687739526	4
19	0.11570082013527072	0.7043665790829936	0.7451468201352707	0.5527565790829936	7.861015006063647	8.659329220050157	1.1483142139865108	3
20	0.7451468201352707	0.5527565790829936	0.11570082013527072	0.5527565790829936	17.00315036828777	17.793170983142804	1.1400206148550347	3
21	0.7451468201352707	0.5527565790829936	0.7451468201352707	0.5527565790829936	9.802444109874004	16.311519443317056	6.859075333443052	4
22	0.7647710136210113	3.117138886790557	2.1914470136210116	2.694608886790557	6.750920930176629	7.936472871919699	1.5355519417430705	3
23	2.1914470136210116	2.694608886790557	0.7647710136210113	2.694608886790557	17.19766453255701	18.355013138662887	1.5073486061058774	3
24	2.1914470136210116	2.694608886790557	2.1914470136210116	2.694608886790557	9.72938382257102	16.17665758238285	6.797273759811828	4
25	1.7546579423602036	2.6154828408558264	2.5288839423602036	3.0597628408558264	7.738652371563276	8.649870245161294	1.2612178735980177	3
26	2.5288839423602036	3.0597628408558264	1.7546579423602036	3.0597628408558264	17.836613926803867	18.69334270188029	1.206728775076423	3
27	2.5288839423602036	3.0597628408558264	2.5288839423602036	3.0597628408558264	10.608873468139436	16.844840433123654	6.585966964984218	4
28	0.7623424334904707	2.6412022683176417	0.7294094334904706	2.2671422683176417	7.955722174782402	8.62872446068988	1.0230022859074777	3
29	0.7294094334904706	2.2671422683176417	0.7623424334904707	2.2671422683176417	17.26037002820858	17.775544084297618	0.8651740560890374	3
30	0.7294094334904706	2.2671422683176417	0.7294094334904706	2.2671422683176417	10.021189954727582	16.447117485089716	6.775927530362134	4
31	1.5620651539667012	2.77971505821876	1.5291321539667013	2.40565505821876	8.071917235298617	8.74487160498862	1.0229543696900039	3
32	1.5291321539667013	2.40565505821876	1.5620651539667012	2.40565505821876	17.926115388819465	18.441289444908502	0.8651740560890374	3
33	1.5291321539667013	2.40565505821876	1.5291321539667013	2.40565505821876	9.776092979953951	16.466545071426168	7.040452091472217	4
34	1.7166570188929415	0.40148172085133504	1.9279230188929415	0.162251720851335	7.528894552693445	8.17590827837169	0.9970137256782449	3
35	1.9279230188929415	0.162251720851335	1.7166570188929415	0.162251720851335	18.261151555194402	18.858493495913645	0.947341940719243	3
36	1.9279230188929415	0.162251720851335	1.9279230188929415	0.162251720851335	10.533888661245634	17.09907953752741	6.915190876281775	4
37	0.8383413154018527	0.45734729314748823	1.0496073154018528	0.21811729314748818	7.26762476090196	7.914669053660968	0.9970442927590083	3
38	1.0496073154018528	0.21811729314748818	0.8383413154018527	0.21811729314748818	17.35559374101391	17.952935681733152	0.947341940719243	3
39	1.0496073154018528	0.21811729314748818	1.0496073154018528	0.21811729314748818	9.701032284426343	16.194716575278004	6.843684290851661	4
40	0.25117597244425893	1.0979224252353035	1.1509219724442588	0.8114724252353037	8.053412150870468	8.988474156740619	1.285062005870151	3
41	1.1509219724442588	0.8114724252353037	0.25117597244425893	0.8114724252353037	17.094089004863775	18.008651792034332	1.2645627871705565	3
42	1.1509219724442588	0.8114724252353037	1.1509219724442588	0.8114724252353037	9.887758124754995	16.680331876500478	7.142573751745482	4
43	0.32081144815244267	0.2039931908553383	1.4666274481524426	-0.0451768091446616	7.991022482172485	9.03129872146774	1.3902762392952552	3
44	1.4666274481524426	-0.0451768091446616	0.32081144815244267	-0.0451768091446616	17.52815813891382	18.556098996160884	1.3779408572470637	3
45	1.4666274481524426	-0.0451768091446616	1.4666274481524426	-0.0451768091446616	10.207376812786302	15.75920865872269	5.901831845936387	4
46	1.483387086472574	1.4606266969002095	1.5026500864725738	1.7918266969002095	7.90544409121551	8.558252431830502	1.0028083406149917	3
47	1.5026500864725738	1.7918266969002095	1.483387086472574	1.7918266969002095	17.284153421486703	17.79302895188002	0.8588755303933183	3
48	1.5026500864725738	1.7918266969002095	1.5026500864725738	1.7918266969002095	9.68000615746557	16.331619911817363	7.0016137543517925	4
49	0.4404590994774022	0.28900964222523684	0.4597220994774021	0.6202096422252368	7.684519964007419	8.337375324101567	1.002855360094148	3
50	0.4597220994774021	0.6202096422252368	0.4404590994774022	0.6202096422252368	17.80553387170441	18.314409402097727	0.8588755303933183	3
51	0.4597220994774021	0.6202096422252368	0.4597220994774021	0.6202096422252368	9.706715618649385	16.218130164764755	6.86141454611537	4
52	-0.28169145227392933	2.6714293271387586	0.7230645477260706	2.8441793271387583	8.194506275391335	9.164245393142771	1.319739117751436	3
53	0.7230645477260706	2.8441793271387583	-0.28169145227392933	2.8441793271387583	18.034215737801016	18.997162444745353	1.3129467069443366	3
54	0.7230645477260706	2.8441793271387583	0.7230645477260706	2.8441793271387583	9.626560458470895	16.403546285641333	7.126985827170438	4
55	1.260762308417526	2.525522835956468	0.6232313084175259	3.1779628359564684	7.602437313639906	8.522711940759947	1.2702746271200414	3
56	0.6232313084175259	3.1779628359564684	1.260762308417526	3.1779628359564684	16.272463023940006	17.066208845835998	1.1437458218959926	3
57	0.6232313084175259	3.1779628359564684	0.6232313084175259	3.1779628359564684	9.813555991717346	16.885273024457323	7.421717032739977	4
58	0.7741724183850731	0.8719718858818404	0.4423564183850732	1.4473618858818404	8.124517188375817	8.930542442724285	1.1560252543484677	3
59	0.4423564183850732	1.4473618858818404	0.7741724183850731	1.4473618858818404	17.638889746066457	18.291775744768074	1.002885998701617	3
60	0.4423564183850732	1.4473618858818404	0.4423564183850732	1.4473618858818404	10.732048203428734	15.405480618242072	5.023432414813337	4
61	0.9087701430452263	2.161149165981387	0.9087701430452263	2.161149165981387	7.247682168549715	7.747682168549715	0.85	3
62	0.9087701430452263	2.161149165981387	0.9087701430452263	2.161149165981387	16.780272785272782	17.280272785272782	0.85	3
63	0.9087701430452263	2.161149165981387	0.9087701430452263	2.161149165981387	9.742179636578582	16.78757777930243	7.395398142723849	4
64	-0.0363666768226647	0.44267866693723334	0.26126332317733536	0.8664586669372334	7.59437080826561	8.3329744754604	1.0886036671947905	3
65	0.26126332317733536	0.8664586669372334	-0.0363666768226647	0.8664586669372334	17.738351793326533	18.37548640947995	0.9871346161534177	3
66	0.26126332317733536	0.8664586669372334	0.26126332317733536	0.8664586669372334	10.17104732996806	16.135204990303986	6.314157660335926	4
67	0.14555158841585625	0.505717677975416	0.025001588415856313	0.841877677975416	8.110543282510687	8.775088790573703	1.0145455080630161	3
68	0.025001588415856313	0.841877677975416	0.14555158841585625	0.841877677975416	16.910753563255042	17.466297621237416	0.9055440579823738	3
69	0.025001588415856313	0.841877677975416	0.025001588415856313	0.841877677975416	10.057398341541495	16.138091899722852	6.430693558181357	4
70	-0.32924550691143684	1.6506701671382098	0.15480449308856326	1.37602616713821	7.065790131164591	7.822217398697446	1.106427267532855	3
71	0.15480449308856326	1.37602616713821	-0.32924550691143684	1.37602616713821	16.64088155340926	17.363910182744547	1.073028629335289	3
72	0.15480449308856326	1.37602616713821	0.15480449308856326	1.37602616713821	10.69335072736212	16.86096911839356	6.517618391031439	4
73	1.5529163872427385	0.3502479176232448	1.2403633872427384	1.256837917623245	7.766971660589514	8.708697529552243	1.2917258689627293	3
74	1.2403633872427384	1.256837917623245	1.5529163872427385	1.256837917623245	17.235926685969854	17.879937154278153	0.9940104683082985	3
75	1.2403633872427384	1.256837917623245	1.2403633872427384	1.256837917623245	10.31459967246339	16.54403676755034	6.579437095086952	4
76	0.594534442406671	2.3032122477994865	0.9207544424066709	3.0258722477994864	7.412378148157586	8.277674407923357	1.2152962597657706	3
77	0.9207544424066709	3.0258722477994864	0.594534442406671	3.0258722477994864	18.387766522594667	19.03807413433262	1.0003076117379543	3
78	0.9207544424066709	3.0258722477994864	0.9207544424066709	3.0258722477994864	10.590274456144044	16.45416589177593	6.213891435631885	4
79	1.910012713253536	0.243956041374096	2.582952713253536	0.992096041374096	7.969319022645133	8.93276086415849	1.3134418415133573	3
80	2.582952713253536	0.992096041374096	1.910012713253536	0.992096041374096	17.635857530874855	18.445918239117574	1.1600607082427197	3
81	2.582952713253536	0.992096041374096	2.582952713253536	0.992096041374096	9.867516636309913	16.8980567797284	7.380540143418486	4
82	2.5601059008399565	1.7773831024193607	3.507075900839956	2.7423731024193607	7.9273324405291445	9.049834665338537	1.4725022248093924	3
83	3.507075900839956	2.7423731024193607	2.5601059008399565	2.7423731024193607	17.381424449822493	18.317745947852938	1.286321498030445	3
84	3.507075900839956	2.7423731024193607	3.507075900839956	2.7423731024193607	9.160506842318808	16.858787939671732	8.048281097352923	4
85	1.330461841586208	0.6032472263482761	-0.4019291584137923	1.1028272263482761	7.576908069116773	8.907639029226537	1.6807309601097642	3
86	-0.4019291584137923	1.1028272263482761	1.330461841586208	1.1028272263482761	17.3959392217345	18.694147651034754	1.648208429300253	3
87	-0.4019291584137923	1.1028272263482761	-0.4019291584137923	1.1028272263482761	9.261786904733446	16.44031285172353	7.528525946990083	4
88	0.5576616182356733	1.5439931533508073	-0.8690143817643268	1.9665231533508074	7.576524436660747	8.762094569232767	1.5355701325720204	3
89	-0.8690143817643268	1.9665231533508074	0.5576616182356733	1.9665231533508074	17.321579210289485	18.478927816395363	1.5073486061058774	3
90	-0.8690143817643268	1.9665231533508074	-0.8690143817643268	1.9665231533508074	9.740727283586198	16.893695975169685	7.502968691583487	4
91	2.8863496274342744	2.731892306335295	1.4596736274342743	3.154422306335295	8.211205635470858	9.396736225173843	1.5355305897029852	3
92	1.4596736274342743	3.154422306335295	2.8863496274342744	3.154422306335295	17.333222892858394	18.49057149896427	1.5073486061058774	3
93	1.4596736274342743	3.154422306335295	1.4596736274342743	3.154422306335295	10.847162003322337	16.238137801438437	5.7409757981161	4
94	3.315165780767882	1.8324942349786388	1.888489780767882	2.255024234978639	7.701955528565754	8.88746889446302	1.5355133658972657	3
95	1.888489780767882	2.255024234978639	3.315165780767882	2.255024234978639	18.24350192905203	19.400850535157907	1.5073486061058774	3
96	1.888489780767882	2.255024234978639	1.888489780767882	2.255024234978639	8.562805862523476	16.44011946916774	8.227313606644264	4
97	0.8423342660283384	0.40211475957829845	0.04510426602833828	0.6730347595782985	8.524008188726011	9.411965218574371	1.2379570298483604	3
98	0.04510426602833828	0.6730347595782985	0.8423342660283384	0.6730347595782985	17.31807381837369	18.185401809624533	1.2173279912508428	3
99	0.04510426602833828	0.6730347595782985	0.04510426602833828	0.6730347595782985	10.1026841707398	16.614703448794142	6.862019278054342	4
100	1.496253543702311	1.0418724892022766	0.6990235437023109	1.3127924892022766	7.379144940732164	8.267095805367354	1.2379508646351902	3
101	0.6990235437023109	1.3127924892022766	1.496253543702311	1.3127924892022766	17.535982562710842	18.403310553961685	1.2173279912508428	3
102	0.6990235437023109	1.3127924892022766	0.6990235437023109	1.3127924892022766	10.447872106534184	17.285001740924358	7.187129634390173	4
103	1.9325905285963025	2.0962175960429277	1.3913705285963025	1.2511505960429279	7.621927538664773	8.584166734694868	1.3122391960300956	3
104	1.3913705285963025	1.2511505960429279	1.9325905285963025	1.2511505960429279	16.976937827908724	17.726307840859544	1.09937001295082	3
105	1.3913705285963025	1.2511505960429279	1.3913705285963025	1.2511505960429279	9.20347789174031	16.263595699394752	7.4101178076544425	4
106	3.642395181936941	1.6339467095941682	2.9899451819369407	2.5007567095941683	8.19887383623118	9.198220458438378	1.3493466222071988	3
107	2.9899451819369407	2.5007567095941683	3.642395181936941	2.5007567095941683	17.733012807740742	18.5336326387702	1.150619831029458	3
108	2.9899451819369407	2.5007567095941683	2.9899451819369407	2.5007567095941683	9.443787779875185	16.21555494019923	7.121767160324044	4
109	1.008006085553064	1.3319888281957437	-0.45160291444693623	1.3804588281957437	7.216253476460703	8.389146816393197	1.522893339932494	3
110	-0.45160291444693623	1.3804588281957437	1.008006085553064	1.3804588281957437	17.62057156794688	18.793094230141797	1.5225226621949184	3
111	-0.45160291444693623	1.3804588281957437	-0.45160291444693623	1.3804588281957437	8.957251958583386	16.968104208482618	8.360852249899231	4
112	3.0214069672087907	1.5173638124949929	1.5617979672087905	1.5658338124949929	8.109599717705182	9.282492473778943	1.522892756073761	3
113	1.5617979672087905	1.5658338124949929	3.0214069672087907	1.5658338124949929	17.807997116153725	18.980519778348643	1.5225226621949184	3
114	1.5617979672087905	1.5658338124949929	1.5617979672087905	1.5658338124949929	10.527763336570143	16.416477511969315	6.238714175399172	4
115	2.5041844972152614	1.085664529549057	1.2887744972152615	1.268964529549057	7.219279790884117	8.28561209467841	1.416332303794293	3
116	1.2887744972152615	1.268964529549057	2.5041844972152614	1.268964529549057	18.00269950921067	19.06270617459731	1.4100066653866379	3
117	1.2887744972152615	1.268964529549057	1.2887744972152615	1.268964529549057	10.771422739279426	17.14730336548996	6.725880626210534	4
118	2.698845196890951	1.808384262315172	1.4834351968909507	1.991684262315172	6.96568765730024	8.032018473128058	1.4163308158278185	3
119	1.4834351968909507	1.991684262315172	2.698845196890951	1.991684262315172	18.908482876817384	19.968489542204022	1.4100066653866379	3
120	1.4834351968909507	1.991684262315172	1.4834351968909507	1.991684262315172	10.329724676357054	16.342247808943103	6.362523132586048	4
121	2.9706207276161303	2.462931585702592	2.68976072761613	2.636291585702592	7.523399741654039	8.175422965285495	1.0020232236314564	3
122	2.68976072761613	2.636291585702592	2.9706207276161303	2.636291585702592	17.493352074431613	18.122759823290426	0.9794077488588137	3
123	2.68976072761613	2.636291585702592	2.68976072761613	2.636291585702592	10.296186976604737	16.235465400612366	6.2892784240076285	4
124	3.713766718330544	2.3967123455960406	2.3063537183305436	3.1504423455960406	7.538559892205487	8.773941170855249	1.5853812786497623	3
125	2.3063537183305436	3.1504423455960406	3.713766718330544	3.1504423455960406	17.53508275357938	18.68355582929194	1.498473075712559	3
126	2.3063537183305436	3.1504423455960406	2.3063537183305436	3.1504423455960406	10.40574848758979	17.03741520672697	6.981666719137179	4
127	1.6621327751249653	0.5656704901635995	0.893492775124965	1.1354704901635997	7.4317258612647255	8.372539723230307	1.290813861965582	3
128	0.893492775124965	1.1354704901635997	1.6621327751249653	1.1354704901635997	18.06573049934612	18.919885495012426	1.2041549956663062	3
129	0.893492775124965	1.1354704901635997	0.893492775124965	1.1354704901635997	10.640914860853584	15.702261783702768	5.411346922849184	4
130	2.6703108127729	1.6029949385345152	1.9016708127728994	2.1727949385345156	5.987907255345368	6.928635598352146	1.2907283430067786	3
131	1.9016708127728994	2.1727949385345156	2.6703108127729	2.1727949385345156	16.968634075608268	17.822789071274574	1.2041549956663062	3
132	1.9016708127728994	2.1727949385345156	1.9016708127728994	2.1727949385345156	9.408776898072064	16.898302585645236	7.839525687573172	4
133	2.336950456902143	0.03076826819351619	1.915030456902143	0.6260482681935162	7.78612808290196	8.62215917438528	1.1860310914833199	3
134	1.915030456902143	0.6260482681935162	2.336950456902143	0.6260482681935162	17.53160234788578	18.22600424704732	1.044401899161541	3
135	1.915030456902143	0.6260482681935162	1.915030456902143	0.6260482681935162	10.313312874108448	16.867294051743034	6.903981177634586	4
136	2.5269119937024778	0.23509650470625365	1.3115019937024777	-0.5596394952937462	7.6154970443981576	8.78448059809762	1.5189835536994623	3
137	1.3115019937024777	-0.5596394952937462	2.5269119937024778	-0.5596394952937462	17.3110280882273	18.371034753613937	1.4100066653866379	3
138	1.3115019937024777	-0.5596394952937462	1.3115019937024777	-0.5596394952937462	10.293437603570982	15.902701055040946	5.959263451469964	4
139	1.7069474188340323	2.0030182378552426	0.49153741883403224	1.2082822378552427	7.949286868785489	9.118345944596367	1.5190590758108784	3
140	0.49153741883403224	1.2082822378552427	1.7069474188340323	1.2082822378552427	17.522296916304377	18.582303581691015	1.4100066653866379	3
141	0.49153741883403224	1.2082822378552427	0.49153741883403224	1.2082822378552427	10.555485760419645	15.926944108553469	5.721458348133824	4
142	3.20444458362606	1.9881290738756228	1.98903458362606	1.1933930738756229	8.416954585970997	9.585844817513616	1.5188902315426192	3
143	1.98903458362606	1.1933930738756229	3.20444458362606	1.1933930738756229	16.710754119186277	17.770760784572914	1.4100066653866379	3
144	1.98903458362606	1.1933930738756229	1.98903458362606	1.1933930738756229	9.643623568716194	15.821425577898093	6.527802009181899	4
145	0.773126183784579	1.600167054782543	0.32014618378457904	3.428245054782543	7.923432893365659	9.291163611266944	1.717730717901285	3
146	0.32014618378457904	3.428245054782543	0.773126183784579	3.428245054782543	17.24575147869513	17.954464439166774	1.0587129604716439	3
147	0.32014618378457904	3.428245054782543	0.32014618378457904	3.428245054782543	10.57496169556201	16.968029383383353	6.743067687821343	4
148	2.2521015681850285	0.6167079420945362	1.7991215681850283	2.444785942094536	6.7848882313519185	8.152145242594742	1.7172570112428232	3
149	1.7991215681850283	2.444785942094536	2.2521015681850285	2.444785942094536	17.694866094361657	18.4035790548333	1.0587129604716439	3
150	1.7991215681850283	2.444785942094536	1.7991215681850283	2.444785942094536	10.775129416049616	17.274908259512024	6.849778843462408	4
151	1.1549313933494156	1.4531520230624104	0.6826913933494156	2.4082000230624105	8.162116303304547	9.152964063604776	1.3408477603002287	3
152	0.6826913933494156	2.4082000230624105	1.1549313933494156	2.4082000230624105	17.27467421478903	17.99226132338793	1.0675871085988988	3
153	0.6826913933494156	2.4082000230624105	0.6826913933494156	2.4082000230624105	10.168942498727187	16.744728851045007	6.92578635231782	4
154	1.5081423859719494	1.2053846720984902	2.13076238597195	2.31329267209849	8.732588141858642	9.817922701438622	1.4353345595799802	3
155	2.13076238597195	2.31329267209849	1.5081423859719494	2.31329267209849	17.242555782141878	18.029431280947243	1.1368754988053653	3
156	2.13076238597195	2.31329267209849	2.13076238597195	2.31329267209849	10.15671924518255	16.408454473245722	6.601735228063172	4
157	1.2254740801719552	1.6227187234146447	0.38848508017195527	2.7790967234146446	7.093271278430603	8.25095361007144	1.507682331640837	3
158	0.38848508017195527	2.7790967234146446	1.2254740801719552	2.7790967234146446	17.092800491109024	17.978447654498577	1.2356471633895532	3
159	0.38848508017195527	2.7790967234146446	0.38848508017195527	2.7790967234146446	9.744339094930176	16.17815040484252	6.783811309912343	4
160	2.4161308321714134	1.4564217757150832	1.5791418321714135	2.612799775715083	7.858965748345621	9.016428593949998	1.5074628456043775	3
161	1.5791418321714135	2.612799775715083	2.4161308321714134	2.612799775715083	18.55011543609901	19.435762599488562	1.2356471633895532	3
162	1.5791418321714135	2.612799775715083	1.5791418321714135	2.612799775715083	9.546326708615954	16.795571768399164	7.599245059783209	4
163	1.172999569613174	-0.26189064022217834	0.5802095696131742	1.0293173597778216	8.332458898627802	9.487025566178865	1.5045666675510625	3
164	0.5802095696131742	1.0293173597778216	1.172999569613174	1.0293173597778216	17.82143805321469	18.59456921979596	1.1231311665812727	3
165	0.5802095696131742	1.0293173597778216	0.5802095696131742	1.0293173597778216	9.813044689540149	16.84599135146818	7.382946661928029	4
166	1.2575846198237646	1.0089920334694082	0.47279161982376466	2.8706300334694084	7.042560375601382	8.473326292803383	1.7807659172020016	3
167	0.47279161982376466	2.8706300334694084	1.2575846198237646	2.8706300334694084	16.825620169443948	17.687217746351145	1.2115975769071974	3
168	0.47279161982376466	2.8706300334694084	0.47279161982376466	2.8706300334694084	8.983320979056067	16.512134244446926	7.878813265390859	4
169	1.8085295439231195	-0.6908177289477915	1.0237365439231194	1.1708202710522084	7.330554171642957	8.761168776018135	1.7806146043751778	3
170	1.0237365439231194	1.1708202710522084	1.8085295439231195	1.1708202710522084	17.204078710537292	18.06567628744449	1.2115975769071974	3
171	1.0237365439231194	1.1708202710522084	1.0237365439231194	1.1708202710522084	9.001873998162097	16.836730375184004	8.184856377021907	4
172	3.8396570523132985	0.35796368888774854	2.6913570523132986	1.9437056888877484	7.372740749699245	8.773859267465012	1.7511185177657667	3
173	2.6913570523132986	1.9437056888877484	3.8396570523132985	1.9437056888877484	18.382383743122784	19.41146911667037	1.3790853735475879	3
174	2.6913570523132986	1.9437056888877484	2.6913570523132986	1.9437056888877484	9.350686599260843	16.63881344039921	7.638126841138368	4
175	1.2128026908637963	0.3817924439289374	0.0452426908637964	1.0945044439289373	6.1991521715386995	7.32940687964058	1.4802547081018802	3
176	0.0452426908637964	1.0945044439289373	1.2128026908637963	1.0945044439289373	17.291733845996852	18.329693367671695	1.3879595216748428	3
177	0.0452426908637964	1.0945044439289373	0.0452426908637964	1.0945044439289373	9.768114742746207	16.457284558227464	7.039169815481257	4
178	1.4023299208741578	-0.09071577500451422	-0.12997907912584217	0.8233262249954857	7.082639229805953	8.404708758584807	1.6720695287788536	3
179	-0.12997907912584217	0.8233262249954857	1.4023299208741578	0.8233262249954857	18.075866358569616	19.281885935035117	1.5560195764655007	3
180	-0.12997907912584217	0.8233262249954857	-0.12997907912584217	0.8233262249954857	9.843318946778318	16.997557383167205	7.504238436388887	4
181	3.1632564428727306	1.8813478149419782	2.8096964428727307	2.920279814941978	7.269235257309168	8.274272508206739	1.355037250897571	3
182	2.8096964428727307	2.920279814941978	3.1632564428727306	2.920279814941978	17.858482262476972	18.521386925606368	1.012904663129396	3
183	2.8096964428727307	2.920279814941978	2.8096964428727307	2.920279814941978	9.893291110336206	17.441759335647458	7.898468225311252	4
184	1.035256305626925	1.4565701233707196	1.6584913056269253	-0.31806687662928046	7.242428398644093	8.608842931886954	1.7164145332428613	3
185	1.6584913056269253	-0.31806687662928046	1.035256305626925	-0.31806687662928046	17.181152494660154	17.968311358008524	1.1371588633483705	3
186	1.6584913056269253	-0.31806687662928046	1.6584913056269253	-0.31806687662928046	10.279517878016005	16.808121141087167	6.878603263071161	4
187	2.009942819648554	1.401452080713649	2.009942819648554	1.401452080713649	7.161885152340299	7.661885152340299	0.85	3
188	2.009942819648554	1.401452080713649	2.009942819648554	1.401452080713649	17.440343526660868	17.940343526660868	0.85	3
189	2.009942819648554	1.401452080713649	2.009942819648554	1.401452080713649	10.311875901390213	15.96852305936745	6.006647157977238	4
190	0.07112790661306512	1.778800643163301	0.07112790661306512	1.778800643163301	7.472049079138546	7.972049079138546	0.85	3
191	0.07112790661306512	1.778800643163301	0.07112790661306512	1.778800643163301	17.759272162466665	18.259272162466665	0.85	3
192	0.07112790661306512	1.778800643163301	0.07112790661306512	1.778800643163301	10.513721287327462	16.865297862391788	6.701576575064326	4
193	-0.8213849758446936	1.171732421376739	-0.15900597584469356	1.394182421376739	7.730771536040702	8.552715835739166	1.1719442996984637	3
194	-0.15900597584469356	1.394182421376739	-0.8213849758446936	1.394182421376739	17.840879683407923	18.646074354351995	1.1551946709440721	3
195	-0.15900597584469356	1.394182421376739	-0.15900597584469356	1.394182421376739	10.793174425029987	16.606763330047055	6.163588905017068	4
196	1.0597058275780153	3.1516457805421805	0.8714298275780152	3.9103357805421806	7.238341544258113	8.098466699903863	1.2101251556457497	3
197	0.8714298275780152	3.9103357805421806	1.0597058275780153	3.9103357805421806	18.34107403941815	18.92782321453793	0.9367491751197811	3
198	0.8714298275780152	3.9103357805421806	0.8714298275780152	3.9103357805421806	10.64005100194966	16.327202783587758	6.037151781638098	4
199	1.2997718891364938	2.4610669204131024	1.2854818891364939	1.4799199204131024	7.335572334038136	8.287573979330888	1.3020016452927528	3
200	1.2854818891364939	1.4799199204131024	1.2997718891364938	1.4799199204131024	17.228465974396578	17.735050168412073	0.8565841940154953	3
201	1.2854818891364939	1.4799199204131024	1.2854818891364939	1.4799199204131024	10.301973660378044	17.14360221356918	7.191628553191137	4
202	1.6693502124968898	1.7305239838732003	1.6550602124968898	0.7493769838732001	7.470482416067211	8.422408884505966	1.3019264684387548	3
203	1.6550602124968898	0.7493769838732001	1.6693502124968898	0.7493769838732001	18.143636689076185	18.65022088309168	0.8565841940154953	3
204	1.6550602124968898	0.7493769838732001	1.6550602124968898	0.7493769838732001	10.018954266354791	17.259472158949553	7.590517892594761	4
205	1.9525307289402902	2.0485201468252683	1.9382407289402903	1.067373146825268	7.663356857978461	8.615213002641191	1.3018561446627301	3
206	1.9382407289402903	1.067373146825268	1.9525307289402902	1.067373146825268	17.963941353010153	18.470525547025648	0.8565841940154953	3
207	1.9382407289402903	1.067373146825268	1.9382407289402903	1.067373146825268	9.981669099056274	15.566011520703288	5.934342421647013	4
208	1.9929283036847811	-0.038105479066568915	1.897238303684781	-1.282093479066569	8.117460733672786	9.191998738276087	1.4245380046033014	3
209	1.897238303684781	-1.282093479066569	1.9929283036847811	-1.282093479066569	17.957411701588693	18.501501381458734	0.8940896798700407	3
210	1.897238303684781	-1.282093479066569	1.897238303684781	-1.282093479066569	10.228938418037654	16.91242039221066	7.0334819741730055	4
211	1.9555049908974733	2.2521890380317444	2.555134990897473	1.2505370380317444	7.301638982852739	8.339224173228011	1.387585190375272	3
212	2.555134990897473	1.2505370380317444	1.9555049908974733	1.2505370380317444	17.26349214018489	18.039774873390797	1.1262827332059069	3
213	2.555134990897473	1.2505370380317444	2.555134990897473	1.2505370380317444	10.100748625860172	17.088116127988563	7.337367502128391	4
214	1.413377186682468	0.4454994406795616	0.292422186682468	1.1165794406795615	7.524470693806556	8.62641795238705	1.4519472585804931	3
215	0.292422186682468	1.1165794406795615	1.413377186682468	1.1165794406795615	17.187558585966404	18.20404460434578	1.366486018379375	3
216	0.292422186682468	1.1165794406795615	0.292422186682468	1.1165794406795615	10.781442819113686	16.6757666922731	6.244323873159415	4
217	3.4300284697285077	1.3335953844866424	2.309073469728508	2.0046753844866423	7.342739257410037	8.44450504035958	1.451765782949543	3
218	2.309073469728508	2.0046753844866423	3.4300284697285077	2.0046753844866423	17.904590340240617	18.92107635861999	1.366486018379375	3
219	2.309073469728508	2.0046753844866423	2.309073469728508	2.0046753844866423	9.557786034421293	16.646483780797528	7.438697746376235	4
220	1.3137465017738303	1.591108102678531	0.19279150177383036	2.262188102678531	6.781876312844962	7.883827442344723	1.451951129499761	3
221	0.19279150177383036	2.262188102678531	1.3137465017738303	2.262188102678531	17.394014222088185	18.41050024046756	1.366486018379375	3
222	0.19279150177383036	2.262188102678531	0.19279150177383036	2.262188102678531	10.77224585917083	15.965505028004229	5.543259168833398	4
223	3.0136055899111716	0.6353969098507001	1.8926505899111716	1.3064769098507	6.7909217586674515	7.892741101070813	1.4518193424033616	3
224	1.8926505899111716	1.3064769098507	3.0136055899111716	1.3064769098507	17.77843594041985	18.794921958799225	1.366486018379375	3
225	1.8926505899111716	1.3064769098507	1.8926505899111716	1.3064769098507	10.179392752161709	16.28808841303151	6.4586956608698	4
226	1.8266579278650992	2.2792008231975145	1.4128179278650992	1.7392278231975145	7.426824102335054	8.240205548274304	1.1633814459392497	3
227	1.4128179278650992	1.7392278231975145	1.8266579278650992	1.7392278231975145	17.054136529382166	17.744815525279524	1.0406789958973577	3
228	1.4128179278650992	1.7392278231975145	1.4128179278650992	1.7392278231975145	9.92314937403845	16.925651003507358	7.352501629468907	4
229	1.367388497272902	0.0067215882917422975	0.330313497272902	1.2413855882917422	7.2786907820880105	8.521571246868085	1.5928804647800745	3
230	0.330313497272902	1.2413855882917422	1.367388497272902	1.2413855882917422	17.27928840767772	18.257126266923443	1.3278378592457245	3
231	0.330313497272902	1.2413855882917422	0.330313497272902	1.2413855882917422	10.938727231887121	16.84308537223393	6.254358140346808	4
232	1.9381496545333161	0.32168577952731636	0.901074654533316	1.5563497795273165	8.109666243201332	9.352460811523203	1.5927945683218714	3
233	0.901074654533316	1.5563497795273165	1.9381496545333161	1.5563497795273165	17.620476695072444	18.59831455431817	1.3278378592457245	3
234	0.901074654533316	1.5563497795273165	0.901074654533316	1.5563497795273165	9.908226093754543	16.228251451046358	6.670025357291815	4
235	0.5675524154023068	0.9164089560705373	1.4337454154023068	-0.6823880439294626	7.241762835649657	8.57947813734345	1.6877153016937938	3
236	1.4337454154023068	-0.6823880439294626	0.5675524154023068	-0.6823880439294626	16.783157891849225	17.682260954610964	1.2491030627617392	3
237	1.4337454154023068	-0.6823880439294626	1.4337454154023068	-0.6823880439294626	8.86177018330251	16.17162141109561	7.6598512277931	4
238	0.16425181778982023	1.3955253893187785	0.5470148177898203	-0.3256816106812215	6.9092408502630756	8.221652746112063	1.662411895848988	3
239	0.5470148177898203	-0.3256816106812215	0.16425181778982023	-0.3256816106812215	17.266541576921522	17.942901678667752	1.02636010174623	3
240	0.5470148177898203	-0.3256816106812215	0.5470148177898203	-0.3256816106812215	10.458524577661723	16.327432975737604	6.218908398075881	4
241	-0.2535834130027651	1.5588938552401943	0.12917958699723497	-0.16231314475980563	7.911830013896981	9.224256367252005	1.6624263533550248	3
242	0.12917958699723497	-0.16231314475980563	-0.2535834130027651	-0.16231314475980563	17.360601888010518	18.036961989756747	1.02636010174623	3
243	0.12917958699723497	-0.16231314475980563	0.12917958699723497	-0.16231314475980563	10.173581248086055	16.09953729844851	6.2759560503624545	4
244	0.944919194462128	2.186158068093853	0.704447194462128	2.239588068093853	6.415956453346899	7.029456642187259	0.9635001888403595	3
245	0.704447194462128	2.239588068093853	0.944919194462128	2.239588068093853	17.190838654933902	17.801637416536042	0.9607987616021404	3
246	0.704447194462128	2.239588068093853	0.704447194462128	2.239588068093853	10.320258284516337	16.548350235964367	6.57809195144803	4
247	0.3403556091622457	2.4405390772574425	0.0998836091622457	2.4939690772574425	7.248425716553873	7.861926419063751	0.963500702509878	3
248	0.0998836091622457	2.4939690772574425	0.3403556091622457	2.4939690772574425	17.40834813585065	18.019146897452792	0.9607987616021404	3
249	0.0998836091622457	2.4939690772574425	0.0998836091622457	2.4939690772574425	10.127283485050908	16.850738676576924	7.0734551915260155	4
250	2.3965343147485734	1.899812730668453	2.2772343147485734	0.459465730668453	7.14541486240591	8.310784808939236	1.5153699465333257	3
251	2.2772343147485734	0.459465730668453	2.3965343147485734	0.459465730668453	16.866886961614814	17.421855075404093	0.904968113789279	3
252	2.2772343147485734	0.459465730668453	2.2772343147485734	0.459465730668453	10.774370488707632	16.491640788792555	6.067270300084923	4
253	1.2340361839365281	2.357149442648015	1.1147361839365282	0.9168024426480148	7.268373012068633	8.434154089831459	1.5157810777628264	3
254	1.1147361839365282	0.9168024426480148	1.2340361839365281	0.9168024426480148	17.47821059548482	18.0331787092741	0.904968113789279	3
255	1.1147361839365282	0.9168024426480148	1.1147361839365282	0.9168024426480148	10.099658395297453	16.37665171635726	6.626993321059805	4
256	0.6487921335446727	1.6417012321844653	0.5294921335446727	0.2013542321844654	7.599361187289708	8.765246233347487	1.5158850460577784	3
257	0.5294921335446727	0.2013542321844654	0.6487921335446727	0.2013542321844654	17.940290581857937	18.495258695647216	0.904968113789279	3
258	0.5294921335446727	0.2013542321844654	0.5294921335446727	0.2013542321844654	9.670804399718618	16.015694147250887	6.694889747532269	4
259	2.298086151198393	3.360011405124019	2.178786151198393	1.9196644051240188	6.70996182368887	7.875377134309426	1.5154153106205563	3
260	2.178786151198393	1.9196644051240188	2.298086151198393	1.9196644051240188	17.518019796285056	18.072987910074335	0.904968113789279	3
261	2.178786151198393	1.9196644051240188	2.178786151198393	1.9196644051240188	8.779318237178837	16.314326181697886	7.8850079445190495	4
262	2.9047491560789904	1.9455671356122894	2.70404915607899	0.24237913561228963	7.34540805609383	8.634656870999466	1.6392488149056361	3
263	2.70404915607899	0.24237913561228963	2.9047491560789904	0.24237913561228963	17.800868321382517	18.393341921026337	0.9424735996438208	3
264	2.70404915607899	0.24237913561228963	2.70404915607899	0.24237913561228963	10.348682665491218	16.740257057674107	6.741574392182889	4
265	1.0858275279975689	0.7209729404939187	0.4830975279975688	-0.8417840595060813	7.5541026758923975	8.825783655312486	1.621680979420089	3
266	0.4830975279975688	-0.8417840595060813	1.0858275279975689	-0.8417840595060813	17.148752156508554	17.926463231313342	1.1277110748047883	3
267	0.4830975279975688	-0.8417840595060813	0.4830975279975688	-0.8417840595060813	9.390796460401594	16.984840024103423	7.944043563701829	4
268	1.624023187091681	1.3956342297660413	1.021293187091681	-0.1671227702339586	8.242436842179046	9.514001782721117	1.6215649405420707	3
269	1.021293187091681	-0.1671227702339586	1.624023187091681	-0.1671227702339586	17.537319550765304	18.315030625570092	1.1277110748047883	3
270	1.021293187091681	-0.1671227702339586	1.021293187091681	-0.1671227702339586	10.096136426762376	16.779738405145046	7.03360197838267	4
271	1.70785221177375	3.128463257640073	1.1051222117737503	1.5657062576400727	7.485731595648137	8.757273127660921	1.6215415320127842	3
272	1.1051222117737503	1.5657062576400727	1.70785221177375	1.5657062576400727	17.970650197075823	18.74836127188061	1.1277110748047883	3
273	1.1051222117737503	1.5657062576400727	1.1051222117737503	1.5657062576400727	10.191920671940926	16.725212501915486	6.88329182997456	4
274	2.6729151136653493	1.379407291561368	2.0701851136653495	-0.18334970843863196	6.679344722419191	7.950513248660288	1.6211685262410973	3
275	2.0701851136653495	-0.18334970843863196	2.6729151136653493	-0.18334970843863196	19.40267210352249	20.18038317832728	1.1277110748047883	3
276	2.0701851136653495	-0.18334970843863196	2.0701851136653495	-0.18334970843863196	9.312244226461019	15.48258386992173	6.52033964346071	4
277	2.4457952843271156	2.2823213822607396	1.8430652843271156	0.7195643822607396	7.674489092956161	8.945762539767497	1.6212734468113355	3
278	1.8430652843271156	0.7195643822607396	2.4457952843271156	0.7195643822607396	17.770629408808347	18.548340483613135	1.1277110748047883	3
279	1.8430652843271156	0.7195643822607396	1.8430652843271156	0.7195643822607396	10.58504017690587	17.13470263659168	6.899662459685809	4
280	1.159799066316157	1.6484816783319978	1.6544190663161569	0.18762967833199784	7.114795392455155	8.325231337634575	1.5604359451794205	3
281	1.6544190663161569	0.18762967833199784	1.159799066316157	0.18762967833199784	16.61732684801809	17.345225661450215	1.0778988134321232	3
282	1.6544190663161569	0.18762967833199784	1.6544190663161569	0.18762967833199784	10.427327222547863	16.497312964113636	6.419985741565773	4
283	0.7679939387965209	0.8783810891226813	1.2626139387965207	-0.5824709108773186	7.645292478559399	8.85582058306554	1.5605281045061417	3
284	1.2626139387965207	-0.5824709108773186	0.7679939387965209	-0.5824709108773186	17.75622989539581	18.48412870882793	1.0778988134321232	3
285	1.2626139387965207	-0.5824709108773186	1.2626139387965207	-0.5824709108773186	8.578159073722242	16.393213670916875	8.165054597194633	4
286	0.23416401721667265	1.4162675102374058	1.1954310172166727	0.2673475102374059	7.954026796187834	9.144209249524383	1.5401824533365498	3
287	1.1954310172166727	0.2673475102374059	0.23416401721667265	0.2673475102374059	17.278902093866243	18.221811011199666	1.2929089173334227	3
288	1.1954310172166727	0.2673475102374059	1.1954310172166727	0.2673475102374059	10.742590430114147	17.449759858422443	7.0571694283082955	4
289	1.5264312508661806	2.008720420262075	3.582558250866181	1.012660420262075	7.796194158255188	9.348666299223932	1.9024721409687442	3
290	3.582558250866181	1.012660420262075	1.5264312508661806	1.012660420262075	18.254006207256964	19.701377731994647	1.7973715247376831	3
291	3.582558250866181	1.012660420262075	3.582558250866181	1.012660420262075	10.62425543985906	16.524931511455094	6.250676071596034	4
292	1.705373301481942	2.821501463472003	2.546090301481942	2.008741463472003	7.262851161590588	8.301454883445945	1.388603721855357	3
293	2.546090301481942	2.008741463472003	1.705373301481942	2.008741463472003	17.955929329055838	18.843294188406887	1.237364859351049	3
294	2.546090301481942	2.008741463472003	2.546090301481942	2.008741463472003	9.691916905441401	16.535118118133955	7.1932012126925535	4
