ID 		 X 					 Y 			 Service Time
1	1.257544556862571	0.8782520485118581		0.033
2	1.2344836324369168	2.6030697616209544		0.033
3	2.6776715977651375	2.3036262536572267		0.033
4	1.737431452668425	3.7382292912891804		0.033
5	0.4023037157367587	1.378853471500707		0.033
6	0.18389890135712506	2.5360363003650273		0.033
7	0.5193715489382338	4.0490918570268235		0.033
8	2.5394330658592352	2.1156547562909003		0.033
9	1.8452222926609572	3.417267684144519		0.033
10	0.6908837033377013	3.082676096298716		0.033
11	1.4303310833657883	3.173687513229404		0.033
12	-0.07135948270999481	2.7677243400590155		0.033
13	0.738262102777341	1.0863386020512273		0.033
14	0.1306100738712972	3.6573013317986742		0.033
15	1.8661520802854472	2.9992884797887833		0.033
16	1.9823429172757447	3.4276304461462574		0.033
17	1.8156658166846	2.6276341947530177		0.033
18	1.1502269062527357	1.3384579165789279		0.033
19	-0.024016918359884065	0.8421497440722885		0.033
20	0.11173138611829742	1.35359981542338		0.033
21	2.2903367350108876	1.7412037536470923		0.033
22	1.7927865913023608	2.314069661577913		0.033
23	-0.9159181903585035	2.548216107101619		0.033
24	1.0798648063781102	2.613307320077938		0.033
25	-0.3971161203878226	2.4953141775095733		0.033
26	1.0960171471872155	0.7447102882716312		0.033
27	1.6130029137327289	0.9292436774609953		0.033
28	0.3184815546736059	1.7562420560547647		0.033
29	0.3344662077956866	0.5269700257945857		0.033
30	0.40983840668490956	0.5912281267704276		0.033
31	1.5053021078499567	1.2323801074031635		0.033
32	1.9504576384672005	2.194375068056046		0.033
33	1.2685280718723786	3.387457915258797		0.033
34	0.21170745565116889	0.47458597964825744		0.033
35	0.06239115340434709	1.6450829960302986		0.033
36	0.07212668703499381	3.0245770170381707		0.033
37	-0.07828010224077098	3.1346052458205955		0.033
38	0.6442102003300688	0.2052599667179993		0.033
39	-0.27040330572538385	2.8481327025264935		0.033
40	0.4074375451090097	2.643466412083561		0.033
41	0.67445936075883	3.443110913028968		0.033
42	0.2334520481779856	1.3604284745644906		0.033
43	0.7181061806298575	3.5721039008727726		0.033
44	1.391013044614899	3.485361240882808		0.033
45	2.1792427874801783	2.1133895022983697		0.033
46	0.3812945290674923	1.8119343453831052		0.033
47	1.6333998084625416	1.172699071358859		0.033
48	2.475582201159928	2.5085581605566674		0.033
49	1.2077660364932787	0.9251582490843318		0.033
50	0.38343392849483815	3.0980681373858436		0.033
51	0.41004348258572165	0.6964168979746994		0.033
52	0.5487411770608621	0.6542656128985211		0.033
53	0.11877287124921043	0.987487803411478		0.033
54	0.507297033619083	0.5400530706169688		0.033
55	2.1262763247059757	1.6761405043131032		0.033
56	1.9983553347567793	0.5815456330151088		0.033
57	-0.13819799587750903	2.048278645597954		0.033
58	0.5398583874611593	1.8726588380985951		0.033
59	2.2972044373329563	3.273308687094819		0.033
60	1.4335378185957626	1.8511716278598411		0.033
61	-0.5207718851723075	2.3287258056142166		0.033
62	0.19846408934968585	1.7975260439026803		0.033
63	2.602854092046486	1.0426905687365517		0.033
64	-0.1749733826010913	2.5259890782300936		0.033
65	-0.08988471462549885	0.5908555528471313		0.033
66	-0.5599354026529493	1.1818220260391945		0.033
67	2.567409770371829	0.32585339449073814		0.033
68	0.19882660965271792	1.0616392843471048		0.033
69	0.7197942322705857	-0.3128175938358224		0.033
70	0.024455440805493556	1.3035134606198375		0.033
71	1.90519798903668	1.2421243906653092		0.033
72	1.9833962545239894	-0.31968987289631756		0.033
73	0.881627635272245	2.3399462070277703		0.033
74	0.7018157332998036	1.614251954447143		0.033
75	2.4248729009645733	1.3692411923943448		0.033
76	0.9718039260847892	-0.1935362238872005		0.033
77	0.7032595815548108	2.3425454688381597		0.033
78	2.0958974616490047	0.9467973209072552		0.033
79	1.368956866832475	2.56426962671472		0.033
80	1.5495178326862176	2.8875745968501167		0.033
81	0.6814973446724486	0.8522034335776668		0.033
82	2.4258919301802404	2.7418257990367048		0.033
83	0.280594074713723	2.444055292011475		0.033
84	2.7213152375931298	2.433760696105776		0.033
85	1.9623357523022018	0.7792351316400735		0.033
86	0.9802142071290257	3.1079221870644282		0.033
87	1.7919140564282028	1.264127473544324		0.033
88	1.8791943486837	0.3878159839364592		0.033
89	2.8540903818077554	2.744444797191066		0.033
90	0.34925601080628055	2.2775212764222728		0.033
91	2.6656828607176752	1.037699971671886		0.033
92	0.7162588776928361	1.2849154926081514		0.033
93	1.3816725437766813	1.3299033337551802		0.033
94	1.3163831076800678	3.1191021147730265		0.033
95	2.927291748616174	1.1666950449108429		0.033
96	0.8874158946228851	0.05198476280349329		0.033
97	3.5854204674825145	1.1518317304915493		0.033
98	1.1544836155327693	0.9766452950217839		0.033
99	1.953296582903859	1.3761550255907635		0.033
100	3.376830766537498	1.4852548524282565		0.033
101	2.279809488934738	3.121446077441319		0.033
102	2.4248570511756067	2.5324243582319514		0.033
103	0.7297182628558685	1.6467653626470038		0.033
104	3.0412354264100694	2.6267405596912776		0.033
105	3.7374920523060347	0.7194440178877038		0.033
106	0.6170922170369029	1.8019069977686692		0.033
107	2.0574297683837632	2.448675086009015		0.033
108	3.2333790555510125	1.5370635301440856		0.033
109	1.4572284914221172	1.7128721519487908		0.033
110	3.5700740089716128	2.0685923534368875		0.033
111	1.388376806514846	2.1943941430568383		0.033
112	1.4377987203049964	2.400660745929626		0.033
113	1.922519129805761	0.718806676365901		0.033
114	1.016402818966674	0.8925577861276748		0.033
115	1.9200693070954316	0.10196716364017905		0.033
116	1.8331749453621557	-0.6414975410226834		0.033
117	2.3702181023057203	0.9849189419609967		0.033
118	3.083433084071685	0.4501849825333558		0.033
119	1.747983495042683	2.0841452169054584		0.033
120	1.9969943761167248	1.691864219388279		0.033
121	1.1753276080858188	-1.0579702369390125		0.033
122	2.787463512513739	1.238682039650774		0.033
123	2.2867493359459785	2.209698283869544		0.033
124	2.500725784774498	0.6819737779508699		0.033
125	3.156151983487601	0.642365326135031		0.033
126	1.5017553205277523	-0.36256752606356335		0.033
127	3.3686838641342858	-0.02983372071618351		0.033
128	2.6717700974306196	-0.33568239266705857		0.033
129	0.7176528753801136	-0.3593035646995324		0.033
130	2.0940089480449666	0.6372950772529937		0.033
131	0.9828882702155455	0.24510399786397102		0.033
132	1.7729176165710305	0.7352366617356776		0.033
133	0.062255980521665144	0.42404355582238173		0.033
134	1.9847534597302927	-1.0830306275243016		0.033
135	2.1999545513660967	-0.39156852559938526		0.033
136	1.5252227547434316	0.750647085592165		0.033
137	2.571681214017888	0.08737472270290153		0.033
138	2.980150058212616	1.0479617937763193		0.033
139	2.4865556702942664	-0.3953821141015882		0.033
140	0.33541772633353006	-0.7135356072184211		0.033
141	1.8554516502690792	-0.879333576953037		0.033
142	1.433502881047119	1.2917964361766476		0.033
143	2.8809656164754642	1.484537097451222		0.033
144	0.6455583881458842	1.3277639013654683		0.033
145	1.120993426073604	-1.155673024948977		0.033
146	1.6930760395586177	1.908055580597014		0.033
147	2.120475935809079	0.6074784458324233		0.033
148	0.04470814742163576	0.26763878533793134		0.033
149	2.681676675623353	-0.3474997284700192		0.033
150	0.30369440923452795	0.57679996700625		0.033
151	-0.15150338875514624	1.1331434020648499		0.033
152	1.5755973863948072	1.9678100787256427		0.033
153	2.2968608343766106	-0.6610338858332081		0.033
154	2.3953508330737727	1.2900474147713412		0.033
155	-0.22201394703335087	1.2448622100862339		0.033
156	1.4044218856716928	0.14112466942754787		0.033
157	-0.12281358454331914	0.2657373278419244		0.033
158	2.4803518259933353	0.31584355295937194		0.033
159	1.4373693667968788	-0.16718055269945042		0.033
160	2.9568398622969183	0.4983415117440764		0.033
161	2.489428910818948	-0.9250343569412135		0.033
162	1.404926369823664	0.9653507753777905		0.033
163	3.0177399164702923	-0.5413120555301499		0.033
164	2.4688813676045793	1.4842992541647315		0.033
165	3.268780460368317	-0.16686064333521566		0.033
166	3.7972472143809965	-0.08291925805681921		0.033
167	3.8817474289257046	0.14653143077640068		0.033
168	2.675806046074554	0.3892513587293237		0.033
169	2.083640453016869	1.3004728385055695		0.033
170	1.5963658709417021	-0.9991164300337133		0.033
171	2.27863260402837	0.3652079511615808		0.033
172	3.2463866951986007	0.7687313642908642		0.033
173	3.1282836233977327	2.1079755157480937		0.033
174	1.072242629076983	0.1378713540588915		0.033
175	2.3523594337579254	0.3151406878831859		0.033
176	2.4154678432357874	-0.9000546457783313		0.033
177	2.937211966535551	0.7378417536429297		0.033
178	2.0691244549277483	-0.060004508777221216		0.033
179	1.7948471098430754	0.1000352063084192		0.033
180	1.1433275659419104	-1.0456810708699205		0.033
181	2.459425305219726	-0.8664095128616011		0.033
182	1.9890629002366644	-0.6944568659093349		0.033
183	3.123809662244443	0.03376269691959802		0.033
184	1.6832801022925623	0.32903713351992847		0.033
185	1.7565109841196147	0.7205424618232671		0.033
186	1.1831924626272616	1.0988846428927734		0.033
187	2.0416470104327997	0.10480676822960343		0.033
188	0.9540981841900775	1.181958764721865		0.033
189	3.0516221723567414	-1.0065836487349558		0.033
190	3.169096111720014	0.5186890730319942		0.033
191	0.6870743878497312	0.7150627402582418		0.033
192	1.040975288744519	0.3798995456645584		0.033
193	1.051414612808972	2.0101360215028663		0.033
194	0.033935839890021136	3.361106020748436		0.033
195	0.6919310946137913	2.4989531037809227		0.033
196	-0.6632928395717156	3.2754252601124083		0.033
197	2.0943676125675244	2.042185258767814		0.033
198	1.9074925763437158	1.5425192055408679		0.033
199	-0.03342054953749207	2.6219505670508325		0.033
200	2.077333663577708	2.680459570856474		0.033
201	1.038683010763851	2.227416381103904		0.033
202	0.06402306525036527	3.504230851723248		0.033
203	-0.4352581147963094	1.8244931867097507		0.033
204	-0.24393209850120257	2.132103791793988		0.033
205	2.348080952844534	2.644367792583611		0.033
206	1.1865238858206593	1.946089209631324		0.033
207	1.8171910474541049	3.1169608667843667		0.033
208	1.3288703707970217	3.6341305601810197		0.033
209	2.979628373667818	2.2986612416941115		0.033
210	2.1536413252750592	1.6045810224828378		0.033
211	3.095088363307129	3.110251778717951		0.033
212	0.6790278509283716	3.3906708292527603		0.033
213	1.746543225877213	3.2634248420643237		0.033
214	0.6872490550766984	3.1675546673598416		0.033
215	2.101563960800751	0.932607638365099		0.033
216	0.9752335291342527	1.5456406677391752		0.033
217	2.734059141096166	2.6619635405626254		0.033
218	1.8253039054256743	1.4285700387568019		0.033
219	1.6326690204593315	3.2566624452883066		0.033
220	0.2136262664409796	1.9350383847903214		0.033
221	1.9633660866609723	2.842625559850381		0.033
222	1.6875273045398402	2.6402233959650956		0.033
223	2.6002036916023683	1.792160993725238		0.033
224	0.6971163127955794	1.5251850968203873		0.033
225	0.6200977933639884	0.38485484241397416		0.033
226	0.4943956187511691	1.0053139673279654		0.033
227	0.8804910410376897	1.8428383672768947		0.033
228	0.8717027839584107	-0.3110261661398588		0.033
229	0.46180362188659124	2.472310936088527		0.033
230	2.023878203211221	1.3925917699865498		0.033
231	0.21317163920598103	0.3423657356256937		0.033
232	-0.8291503329367442	1.9592879733139994		0.033
233	0.14752092154848584	3.0688077749295006		0.033
234	0.6343746661117085	3.103674060620034		0.033
235	0.45778695643184464	1.4122608418228129		0.033
236	0.0695149368936906	2.9967217054200286		0.033
237	0.2883799595255916	2.7469033854443357		0.033
238	1.5659753350965682	2.2631084126397814		0.033
239	0.0545697776253965	0.2070247072667586		0.033
240	2.227463525892166	1.5059751067518692		0.033
241	0.14700742117747267	2.0923875284949		0.033
242	1.9631334794387962	2.0369996056864084		0.033
243	1.428204309895832	0.3631582855049902		0.033
244	-0.2547766401067897	1.945580341985143		0.033
245	1.6786357792783573	0.6850737637450239		0.033
246	0.26068244051542055	2.0766275388222066		0.033
247	1.5753249124241004	2.6211883062774524		0.033
248	1.7845358499836865	1.6791163712451174		0.033
249	2.7166940121345053	2.109892493147083		0.033
250	0.7673980270333817	1.2976706115561787		0.033
251	0.5584479490204795	1.1669321676349003		0.033
252	1.9521150566184025	1.2773450717568258		0.033
253	1.3670285289588764	2.9901490397574384		0.033
254	0.9935856017346323	0.9642047896402218		0.033
255	-0.0067816836029295224	2.6636252027847944		0.033
256	1.6042817283916078	2.966212015729843		0.033
257	2.6689591397676766	1.3373294059172849		0.033
258	2.590559212040875	0.144934742401434		0.033
259	1.641602598811905	2.082383946932113		0.033
260	1.461603147466585	1.0257327834030605		0.033
261	0.12877357935274114	1.488743186800645		0.033
262	2.1758106560781023	1.2972071490727188		0.033
263	3.228569001928732	2.083620463127232		0.033
264	1.5481869483514414	2.7105474508737575		0.033
265	1.0113205238198306	0.16609195103378838		0.033
266	0.08367908774345056	1.3373799053203912		0.033
267	1.1929289019524603	0.41964448948179656		0.033
268	1.389669999809882	1.6984044632925845		0.033
269	0.19689158135043772	1.1527627162524587		0.033
270	3.355380862362078	1.7588542806537593		0.033
271	1.1777148985476138	1.5694436083040646		0.033
272	2.073558617954086	0.9920634542144997		0.033
273	0.7982200669648212	1.2181435328973436		0.033
274	1.040557101035236	1.4380417552634572		0.033
275	2.7532901198798654	2.8090827741106725		0.033
276	1.8194398763526356	0.04915177324751241		0.033
277	1.6558690167436507	2.313475895058944		0.033
278	0.38698658597945257	1.0110369658938334		0.033
279	1.9812630324389182	0.8729934649741447		0.033
280	3.2007088427581687	1.6835121233340764		0.033
281	1.8547194464272667	1.328319080495649		0.033
282	2.4711788276820768	2.565949940181552		0.033
283	0.43590627923851777	1.922551464196414		0.033
284	1.9368769614145027	-0.1280043557758599		0.033
285	1.6717802774820816	2.0541201179437465		0.033
286	2.4779438031369003	3.024313821985929		0.033
287	2.8521323163758714	1.9440667477917577		0.033
288	3.2793095770050353	1.654098221321909		0.033
289	1.639164495598636	0.4699012153569465		0.033
290	0.8218785123093757	1.212429204761136		0.033
291	1.2943895053813406	-0.43411897870510563		0.033
292	1.4326089702041747	2.3757582146066447		0.033
293	0.8425263751054509	2.3329839221419086		0.033
294	0.6593389590321679	0.773084228823459		0.033
295	2.1882372967348864	-0.6338689879557879		0.033
296	1.0483833211271314	0.7784530725922229		0.033
297	1.8671495960673066	-0.2852941808544185		0.033
298	1.2725631343080497	2.0925201554859116		0.033
299	1.3655503078158429	1.8975234600488096		0.033
300	2.2511513460130104	0.9875729690146182		0.033
301	2.012386989619567	0.6604042718611568		0.033
302	2.0776848554970764	1.5538252446941723		0.033
303	1.1426111501251945	1.9890537025007071		0.033
304	2.139819726373526	0.9958359620714106		0.033
305	1.1183579268572852	0.3349514576343473		0.033
306	0.4441758645495898	0.6200134968317588		0.033
307	0.4920463303728442	1.9832020789642315		0.033
308	-0.5189425684580057	1.5169655980514138		0.033
309	-0.63555043232294	1.9424123243602978		0.033
310	1.1603577474654847	0.8634967942609404		0.033
311	-0.05019392543237988	1.7193700646760175		0.033
312	-0.32233486013193613	1.0894193787327646		0.033
313	-1.165324261031782	2.163516220468911		0.033
314	-0.002234943702317471	3.29419757678584		0.033
315	-0.10833772688328658	3.0754258643824715		0.033
316	2.031969554384501	1.8873869206428744		0.033
317	-0.6321407296793826	1.5896419993362092		0.033
318	0.3750926366249124	3.623484135123276		0.033
319	-0.8026714518051205	2.221430297668819		0.033
320	-0.17302433234352838	2.389444873756039		0.033
321	9.615859794158688E-4	3.088190715550481		0.033
322	0.6134864003403498	0.5908984141293081		0.033
323	0.8702513241538073	1.8141827642138717		0.033
324	1.1678706209239333	2.3189284466596183		0.033
325	0.7095612433381459	1.5458963606448806		0.033
326	0.8172416502407791	3.202811943057818		0.033
327	1.907450161595265	2.4700971122094253		0.033
328	0.4178764419064837	1.1166610084448012		0.033
329	-0.06751014340687544	1.519086563397848		0.033
330	0.691410873611616	1.8894391509387156		0.033
331	1.7094494077077713	0.9485306602100909		0.033
332	2.2320393544620267	1.3418006791745867		0.033
333	1.2847250346004415	2.785162648679365		0.033
334	0.33387330579227836	3.490769400534817		0.033
335	0.40564498248655306	1.843931307479154		0.033
336	1.3068550930428144	2.969420834118389		0.033
337	2.6866678490393543	1.962581322036175		0.033
338	1.0069915206328965	3.471027153293629		0.033
339	3.006701000374912	1.256483522614933		0.033
340	0.4305344988658255	2.3889078434992665		0.033
341	0.9055468229265913	3.1368334569553067		0.033
342	1.478173767579997	2.397001183900873		0.033
343	2.616347902512193	3.1167843730617966		0.033
344	2.4948142225805046	2.7060948701835192		0.033
345	0.8056754915193467	3.129642255767404		0.033
346	1.937584853204164	0.3855793781605432		0.033
347	1.0064997903851447	3.6429157644026553		0.033
348	1.07764309565651	3.660555336648208		0.033
349	-0.012454266896330113	2.28805215502401		0.033
350	2.2338474172803426	1.7570375257686557		0.033
351	2.1572837106297555	3.247403070760692		0.033
352	1.1529393786197923	1.6269301139513748		0.033
353	0.5479164011250388	2.021584853423936		0.033
354	2.588186301672524	2.141011068004045		0.033
355	0.4457930356179234	0.9831122951591782		0.033
356	1.4670658360869633	2.1275499143804457		0.033
357	1.369152593063688	0.7443050760515169		0.033
358	1.0239973843058645	0.7622889982952732		0.033
359	2.1968467637684115	1.8024563913221106		0.033
360	2.980838678374635	2.3443360964270044		0.033
361	0.736531149102051	2.756212106102818		0.033
362	2.523258852722601	1.4649326192405385		0.033
363	2.8738120312702238	1.8185232224071812		0.033
364	1.626836142065656	2.786176938379311		0.033
365	2.313118383678087	1.5642593796416167		0.033
366	3.0610835004417467	2.2519769758120405		0.033
367	0.799122801354089	2.5493939631445586		0.033
368	2.275313199881499	0.3860002277893748		0.033
369	1.8364109340768588	1.1801557319053266		0.033
370	1.3177952557036177	0.7033959473480739		0.033
371	-0.6434737641245185	0.7340232615150185		0.033
372	0.4750306194771514	0.6353068724874992		0.033
373	2.0753868343326327	0.7587502108278028		0.033
374	2.275642714360975	1.1777993212067603		0.033
375	0.03522769747746124	1.0787128114590878		0.033
376	0.600831096696483	1.886722516028846		0.033
377	-0.15748767381194817	0.8983148971564807		0.033
378	1.8014590173955285	1.5768043010838833		0.033
379	0.4579737591377989	1.3431573906043988		0.033
380	1.3209868943928007	1.2681840546430942		0.033
381	-0.2895533760101301	0.8345276389057212		0.033
382	0.6471715365167856	0.7466466464208538		0.033
383	1.3953962565874223	0.9566144760021513		0.033
384	0.9076231595733466	-0.1445742486299083		0.033
385	0.711151719352105	2.661162282009874		0.033
386	-1.1140688813703272	2.4541256744717717		0.033
387	-1.0777756822674127	2.7459835734445144		0.033
388	0.6397236801396771	2.886787399287075		0.033
389	-1.047723279547235	1.7289332132615787		0.033
390	1.6447312467137778	1.6195623048740477		0.033
391	-1.5162763783116975	2.288916225409635		0.033
392	-0.894277245625892	2.5698309411975		0.033
393	0.9500847712661575	0.9322238214468122		0.033
394	0.6268244649662975	4.074311271143875		0.033
395	-0.47432670714956615	1.931517112085971		0.033
396	0.9255561170677872	2.737240886349949		0.033
397	0.1722326548818268	3.93241966210239		0.033
398	1.2087504362365247	3.6899294752937233		0.033
399	-0.039047972320048835	1.2770020052403472		0.033
400	-0.45274638938189593	1.144975873556497		0.033
401	1.2870254183552512	2.051818519584491		0.033
402	2.684785547001963	2.074398931981547		0.033
403	2.7848722260949836	2.62626404156258		0.033
404	3.7986803347834854	2.280955788979968		0.033
405	3.8963373700884767	2.0089505385367525		0.033
406	0.7525432101614893	2.1138483240150294		0.033
407	3.774211554851706	1.7480559939361482		0.033
408	1.1696245527464986	3.001512900121143		0.033
409	1.293369216112211	2.9521495293740743		0.033
410	2.6182197416377972	1.9045130618266062		0.033
411	2.945735198939471	3.50610843781683		0.033
412	2.8728251672853404	1.1662315832880505		0.033
413	1.7582275410763513	1.6662619756047206		0.033
414	1.5051311966321885	2.6945907858284777		0.033
415	1.1287481817213705	2.4229368370288173		0.033
416	2.0034029398242303	1.5322144504315676		0.033
