ID 		 Origin_X 			 Origin_Y 		 Destination_X 		 Destination_Y 		 E_time 			 L_time 			 Max_Walk
1	2.23127175490903	3.23793265849971	1.8559657549090298	2.49539265849971	6.723444311727217	7.6065969815929355	0.804
2	1.8559657549090298	2.49539265849971	2.23127175490903	3.23793265849971	17.233549369310385	18.116702039176104	0.804
3	0.12318059023775718	1.9065534064696132	-0.25212540976224274	1.1640134064696133	10.94120096408275	11.824547640121324	0.804
4	1.9172904914810425	3.5332755660811217	1.8930604914810425	3.0883755660811216	7.222456177147504	7.927636867774233	0.804
5	1.8930604914810425	3.0883755660811216	1.9172904914810425	3.5332755660811217	17.64714420586314	18.35232489648987	0.804
6	2.458209507504586	1.3377053494106852	2.433979507504586	0.8928053494106851	13.94626884036974	14.651376171225861	0.804
7	1.925632677223445	3.921396111877428	1.8821426772234449	2.603466111877428	8.055210463003876	9.162449228571408	0.804
8	1.8821426772234449	2.603466111877428	1.925632677223445	3.921396111877428	17.37285778483918	18.480096550406714	0.804
9	2.085117057469936	1.88826877687278	2.0416270574699356	0.57033877687278	12.014397428354664	13.121577716001864	0.804
10	0.9028895890880868	3.6526697959944023	1.1570295890880868	2.7585197959944026	7.431130617155522	8.359368382599577	0.804
11	1.1570295890880868	2.7585197959944026	0.9028895890880868	3.6526697959944023	17.662624519833624	18.590862285277677	0.804
12	1.9112321422220262	3.2522424075825667	2.1653721422220262	2.3580924075825664	10.921546165947072	11.849597217462401	0.804
13	2.1727057039264146	1.0823144127461608	2.5716257039264145	0.7840544127461608	8.10095240942289	8.830380555353225	0.804
14	2.5716257039264145	0.7840544127461608	2.1727057039264146	1.0823144127461608	17.946974090063794	18.67640223599413	0.804
15	-0.39649921467225435	2.71303789087149	0.0024207853277455893	2.41477789087149	15.383710478152828	16.113208637370434	0.804
16	2.0829886430680875	2.9043494810987456	2.6074286430680873	1.8753594810987457	6.672512721206615	7.704296526134744	0.804
17	2.6074286430680873	1.8753594810987457	2.0829886430680875	2.9043494810987456	17.41765801450906	18.449441819437187	0.804
18	0.9463432059916218	2.4088583699993986	1.470783205991622	1.3798683699993988	13.67105323162323	14.703096856160267	0.804
19	0.25930780076705384	3.4436138090335664	0.8887578007670539	2.873823809033566	6.355031020863262	7.246220753982221	0.804
20	0.8887578007670539	2.873823809033566	0.25930780076705384	3.4436138090335664	17.311188527186697	18.202378260305657	0.804
21	0.6250420778713736	1.3012502371188046	1.2544920778713737	0.7314602371188046	14.026495425218776	14.917670302096834	0.804
22	1.120931022161234	0.12175747325657182	0.8152160221612341	0.1988074732565719	7.7886995417041405	8.433962965323435	0.804
23	0.8152160221612341	0.1988074732565719	1.120931022161234	0.12175747325657182	16.291641269473352	16.936904693092647	0.804
24	-0.7724737060305018	2.453485838451771	-1.078188706030502	2.5305358384517707	12.897120786994378	13.54238431753859	0.804
25	1.9585593072472047	1.41695200416653	2.3096353072472047	1.71459200416653	7.503202639200443	8.215210593836904	0.804
26	2.3096353072472047	1.71459200416653	1.9585593072472047	1.41695200416653	18.24386269197813	18.955870646614592	0.804
27	1.6458520258272211	1.0709320806562117	1.996928025827221	1.3685720806562116	13.791121249800593	14.50314590277907	0.804
28	-0.10368001222003054	0.6316879706661163	0.22813598777996935	0.05629797066611619	7.565051327738198	8.371089388539655	0.804
29	0.22813598777996935	0.05629797066611619	-0.10368001222003054	0.6316879706661163	17.666445040441427	18.472483101242883	0.804
30	-0.43602483255027535	1.9830370721269948	-0.10420883255027547	1.4076470721269947	13.915437934795284	14.721473578805133	0.804
31	-0.20050054764870917	2.346740684085681	0.13131545235129072	1.771350684085681	6.997509470263545	7.80354762466037	0.804
32	0.13131545235129072	1.771350684085681	-0.20050054764870917	2.346740684085681	18.29787038523429	19.103908539631114	0.804
33	1.593903320893677	0.3580762736645726	1.925719320893677	-0.21731372633542745	13.334734432156154	14.140664312294124	0.804
34	-0.4431909659656268	2.2471783091296733	0.18625503403437316	2.0955683091296735	7.121495929899881	7.919810564340148	0.804
35	0.18625503403437316	2.0955683091296735	-0.4431909659656268	2.2471783091296733	17.454343606765946	18.252658241206213	0.804
36	0.841413149616657	1.6248957798309283	1.470859149616657	1.4732857798309282	14.139212610358841	14.937523956126896	0.804
37	1.3918317557344035	1.453698867303681	2.0212777557344035	1.302088867303681	8.695012851682208	9.493320273319513	0.804
38	2.0212777557344035	1.302088867303681	1.3918317557344035	1.453698867303681	17.64477459871862	18.443082020355927	0.804
39	0.6870453340128762	3.3477777865003557	1.316491334012876	3.1961677865003555	14.326494985944947	15.124807161459836	0.804
40	0.2668245318553103	2.3137950684287847	1.6935005318553102	1.8912650684287846	6.1110108530090175	7.296573099980927	0.804
41	1.6935005318553102	1.8912650684287846	0.2668245318553103	2.3137950684287847	17.313871513210216	18.499433760182125	0.804
42	-0.6827016515579878	2.0591053044538046	0.7439743484420123	1.6365753044538045	12.132983868148731	13.31855419690585	0.804
43	0.7899101807304125	0.2231970814379085	2.2165861807304124	-0.19933291856209157	7.925921925430969	9.11147323628035	0.804
44	2.2165861807304124	-0.19933291856209157	0.7899101807304125	0.2231970814379085	17.616007424038205	18.801558734887585	0.804
45	-0.6434092827558104	2.294966266818915	0.7832667172441896	1.8724362668189152	12.720112141480636	13.905682436961797	0.804
46	0.19614407915380905	3.2432504810942833	1.6228200791538092	2.820720481094283	8.125244043689877	9.310807415217118	0.804
47	1.6228200791538092	2.820720481094283	0.19614407915380905	3.2432504810942833	18.23159371262269	19.41715708414993	0.804
48	2.4652099663441014	1.5174306425664705	3.8918859663441014	1.0949006425664705	11.419312093815108	12.604797431375237	0.804
49	2.2281058101401863	0.9004806194199746	3.002331810140186	1.3447606194199746	7.027551969961364	7.938734926210029	0.804
50	3.002331810140186	1.3447606194199746	2.2281058101401863	0.9004806194199746	18.054226199198588	18.965409155447254	0.804
51	1.9149836444090196	1.4923343921233723	2.6892096444090194	1.9366143921233723	14.403682528471773	15.314889354761618	0.804
52	-0.4665471646794146	2.0589849827901827	-0.4994801646794147	1.6849249827901827	7.649548621207232	8.322559353939413	0.804
53	-0.4994801646794147	1.6849249827901827	-0.4665471646794146	2.0589849827901827	18.96359438767711	19.63660512040929	0.804
54	-0.7780381760069046	2.0339860060118036	-0.8109711760069047	1.6599260060118035	10.845043056400616	11.518043383603441	0.804
55	-0.4980157232810849	1.0553084763306417	-0.530948723281085	0.6812484763306417	8.180654190634055	8.85366410255439	0.804
56	-0.530948723281085	0.6812484763306417	-0.4980157232810849	1.0553084763306417	17.524234936529034	18.19724484844937	0.804
57	1.1998937528660694	1.7288501454551937	1.1669607528660695	1.3547901454551936	15.21903457195578	15.89201478449163	0.804
58	-0.6876833766627455	2.5164642153863834	-0.47641737666274553	2.2772342153863834	7.733076790731927	8.380128033167859	0.804
59	-0.47641737666274553	2.2772342153863834	-0.6876833766627455	2.5164642153863834	18.376485662845553	19.023536905281485	0.804
60	1.8433809504220877	0.3496386237255489	2.0546469504220877	0.11040862372554883	12.823224925035081	13.470232639175393	0.804
61	0.8834152897014651	2.0477125231008455	1.783161289701465	1.7612625231008456	6.974710781197085	7.909764944846344	0.804
62	1.783161289701465	1.7612625231008456	0.8834152897014651	2.0477125231008455	18.126953533259545	19.062007696908804	0.804
63	0.3960697865215363	3.3035304089834705	1.2958157865215363	3.0170804089834706	10.322067107967946	11.257127747003175	0.804
64	2.3846964870547005	1.5390015682413587	3.5305124870547004	1.2898315682413588	7.229514171124196	8.26976090123673	0.804
65	3.5305124870547004	1.2898315682413588	2.3846964870547005	1.5390015682413587	16.771937601834217	17.812184331946753	0.804
66	0.3724815189491275	1.477325770655078	1.5182975189491275	1.228155770655078	11.031104518855807	12.071380405095699	0.804
67	0.5951033707505479	3.3076525752510513	1.4109693707505477	2.4576185752510513	7.799264214658565	8.842088287476008	0.804
68	1.4109693707505477	2.4576185752510513	0.5951033707505479	3.3076525752510513	17.294778285914127	18.33760235873157	0.804
69	0.5099883230217689	0.5574257497741568	1.325854323021769	-0.29260825022584314	15.443392419006154	16.48622352807684	0.804
70	1.8880018988058862	1.4827412141918237	1.9072648988058862	1.8139412141918236	8.017270092413519	8.670046604729203	0.804
71	1.9072648988058862	1.8139412141918236	1.8880018988058862	1.4827412141918237	17.673885069406857	18.32666158172254	0.804
72	2.4021027365252605	2.62654284868899	2.4213657365252605	2.95774284868899	10.080125156801834	10.73285027536328	0.804
73	0.961621425840541	3.2034230799243613	1.6196574258405407	3.3506930799243615	6.511671630370447	7.322361732715236	0.804
74	1.6196574258405407	3.3506930799243615	0.961621425840541	3.2034230799243613	16.39757724107144	17.208267343416228	0.804
75	1.7098975183141505	2.479500565122132	2.3679335183141506	2.6267705651221323	14.860301388605691	15.670985870493338	0.804
76	-0.5020887571971961	0.9446670569211885	0.5026672428028038	1.1174170569211883	7.408981435898978	8.378720653700224	0.804
77	0.5026672428028038	1.1174170569211883	-0.5020887571971961	0.9446670569211885	17.766877975390866	18.736617193192114	0.804
78	2.0289355658325157	0.5025358380607112	3.033691565832516	0.6752858380607112	13.799124133096626	14.768850196142031	0.804
79	1.455941463708598	3.1119041950914896	2.460697463708598	3.2846541950914894	6.851108488611952	7.8208398310790415	0.804
80	2.460697463708598	3.2846541950914894	1.455941463708598	3.1119041950914896	17.582729325061262	18.55246066752835	0.804
81	1.5957355354812162	2.3221643249880404	2.600491535481216	2.49491432498804	13.764197161321134	14.733927339809659	0.804
82	1.2927627819264749	1.092329022971514	1.504028781926475	-0.12493697702848605	7.494503554836221	8.563585038106332	0.804
83	1.504028781926475	-0.12493697702848605	1.2927627819264749	1.092329022971514	17.688329256524376	18.757410739794487	0.804
84	0.3355680068725644	1.7675785550273937	0.5468340068725643	0.5503125550273938	14.819511375335498	15.88874105954432	0.804
85	2.3037163736969672	2.1859015782112605	3.5825023736969674	2.5755015782112607	7.893372546754635	9.0092484448071	0.804
86	3.5825023736969674	2.5755015782112607	2.3037163736969672	2.1859015782112605	17.697259866528334	18.8131357645808	0.804
87	1.0400510095702984	1.087715499843482	2.318837009570298	1.477315499843482	15.323670248191014	16.439592644760626	0.804
88	-0.3031684695195691	0.8265588964441417	-0.634984469519569	1.4019488964441418	7.998222426911342	8.804252926483176	0.804
89	-0.634984469519569	1.4019488964441418	-0.3031684695195691	0.8265588964441417	17.5489237362363	18.354954235808133	0.804
90	1.0344055983630416	0.33835397352817587	0.7025895983630417	0.9137439735281759	11.835045504539607	12.641057316634273	0.804
91	2.577074791249542	1.54826498072847	2.577074791249542	1.54826498072847	7.970948343112378	8.47094834311238	0.804
92	2.577074791249542	1.54826498072847	2.577074791249542	1.54826498072847	18.16785185909114	18.66785185909114	0.804
93	-0.37209049165272434	0.5339248022350571	-0.37209049165272434	0.5339248022350571	10.29631016134847	10.79631016134847	0.804
94	-0.14968809718458265	1.4895869317787112	0.14794190281541741	1.9133669317787112	8.268426240297574	9.007030215209866	0.804
95	0.14794190281541741	1.9133669317787112	-0.14968809718458265	1.4895869317787112	17.32989188305153	18.068495857963825	0.804
96	1.3103186649862033	2.49079082060762	1.6079486649862034	2.9145708206076204	10.50522519537594	11.24377736000627	0.804
97	1.6823212936713154	0.48568414196752385	1.9799512936713155	0.9094641419675239	6.781093232787619	7.519615617062572	0.804
98	1.9799512936713155	0.9094641419675239	1.6823212936713154	0.48568414196752385	16.628447563486294	17.36696994776125	0.804
99	2.2140079673797812	1.6207964038012852	2.511637967379781	2.0445764038012855	11.733800006955867	12.47226814663699	0.804
100	1.2417405449400787	1.101662137859795	2.3366005449400786	1.254522137859795	7.262489462565782	8.271840098359379	0.804
101	2.3366005449400786	1.254522137859795	1.2417405449400787	1.101662137859795	16.402488925095724	17.411839560889323	0.804
102	2.5819189455569265	1.214147521094423	3.6767789455569266	1.367007521094423	15.928486343097427	16.93782721346706	0.804
103	2.759639514300189	0.8624109404334656	3.2318795143001893	-0.09263705956653434	7.696167146142934	8.686526617504118	0.804
104	3.2318795143001893	-0.09263705956653434	2.759639514300189	0.8624109404334656	17.583220612011587	18.57358008337277	0.804
105	0.4317979630014154	0.11804776994295052	0.9040379630014154	-0.8370002300570494	11.515489969138937	12.506361646551253	0.804
106	1.1893681378389116	0.0694517735805662	0.8246191378389115	0.2707817735805662	7.634222503142045	8.326177267973133	0.804
107	0.8246191378389115	0.2707817735805662	1.1893681378389116	0.0694517735805662	17.44541615371951	18.137370918550598	0.804
108	-0.1362828502343829	0.565314471840399	-0.5010318502343829	0.766644471840399	13.19726505266706	13.889226047104637	0.804
109	1.009115122655435	0.20493983971114949	0.6443661226554349	0.4062698397111495	8.199855808636112	8.891812829931753	0.804
110	0.6443661226554349	0.4062698397111495	1.009115122655435	0.20493983971114949	17.619680677138902	18.311637698434545	0.804
111	0.06681059921921562	2.1273803764228827	-0.2979384007807844	2.328710376422883	10.592800989349225	11.284762585894445	0.804
112	0.20347806077492003	0.5550653405447902	0.0829280607749201	0.8912253405447902	7.205554248776525	7.870099462941363	0.804
113	0.0829280607749201	0.8912253405447902	0.20347806077492003	0.5550653405447902	17.039891595899213	17.704436810064053	0.804
114	1.1668636739290144	0.2381283541591348	1.0463136739290144	0.5742883541591348	15.296610046944036	15.961128525376452	0.804
115	0.09909857632518482	2.5241155935853277	-0.021451423674815118	2.8602755935853272	7.530009273334225	8.194554909411636	0.804
116	-0.021451423674815118	2.8602755935853272	0.09909857632518482	2.5241155935853277	17.58151120547895	18.24605684155636	0.804
117	1.130429078657702	-0.13686913666237066	1.009879078657702	0.19929086333762935	10.225403545051472	10.889923784481223	0.804
118	2.1741145858926414	2.5005359401980005	2.0535645858926417	2.8366959401980005	8.38204745296101	9.046493913606984	0.804
119	2.0535645858926417	2.8366959401980005	2.1741145858926414	2.5005359401980005	17.029317604651666	17.693764065297643	0.804
120	0.3332270733541912	-0.19420380953098682	0.21267707335419128	0.1419561904690132	12.25580158128199	12.92034559641527	0.804
121	1.5819085196782194	-0.06623576970384337	2.1498385196782195	0.22270423029615682	7.057704693407923	7.851268275808298	0.804
122	2.1498385196782195	0.22270423029615682	1.5819085196782194	-0.06623576970384337	17.72607661026566	18.519640192666035	0.804
123	1.934797061989542	0.24234300931868513	2.502727061989542	0.5312830093186853	11.075895952610606	11.86944629108632	0.804
124	0.0474157448495367	2.39675033571401	0.6153457448495367	2.68569033571401	8.170413079945067	8.964007654414806	0.804
125	0.6153457448495367	2.68569033571401	0.0474157448495367	2.39675033571401	17.641341138193905	18.434935712663645	0.804
126	1.6067439400935508	2.372077356983982	2.174673940093551	2.661017356983982	11.75385130785773	12.547414032942804	0.804
127	1.9287402403018354	-0.33338220703041443	2.7427402403018357	-0.007162207030414258	7.1107432098439345	8.014748925537354	0.804
128	2.7427402403018357	-0.007162207030414258	1.9287402403018354	-0.33338220703041443	17.914366860482723	18.81837257617614	0.804
129	2.325782335942433	0.5608762531551985	3.1397823359424333	0.8870962531551987	10.984568747995159	11.888557344939013	0.804
130	1.7022529547981455	0.4025588265819323	2.186302954798146	0.12791482658193243	7.580876812015095	8.337268207785261	0.804
131	2.186302954798146	0.12791482658193243	1.7022529547981455	0.4025588265819323	17.735749374388263	18.49214077015843	0.804
132	-0.12081320345042235	0.27439284214967696	0.36323679654957775	-2.5115785032292504E-4	14.365939265043952	15.122366465189316	0.804
133	2.738357444857051	0.9141464904023726	2.425804444857051	1.8207364904023726	7.205968923168987	8.147411177571199	0.804
134	2.425804444857051	1.8207364904023726	2.738357444857051	0.9141464904023726	17.31050814889362	18.251950403295833	0.804
135	1.3249522760492527	2.590751018739849	1.0123992760492526	3.4973410187398484	10.406237766993922	11.347998807343224	0.804
136	1.4549834816034255	1.3482318340370747	1.7812034816034255	2.0708918340370746	7.225391042322955	8.09059282304281	0.804
137	1.7812034816034255	2.0708918340370746	1.4549834816034255	1.3482318340370747	17.388338207657398	18.253539988377252	0.804
138	-0.023021877525890355	0.6506193663829765	0.3031981224741096	1.3732793663829765	11.225237935843568	12.090559821476482	0.804
139	0.03416959719036394	0.7766867605206504	0.707109597190364	1.5248267605206505	7.301486846702855	8.265120270053437	0.804
140	0.707109597190364	1.5248267605206505	0.03416959719036394	0.7766867605206504	17.342374873522836	18.30600829687342	0.804
141	0.26161744823544064	0.8227213444797075	0.9345574482354407	1.5708613444797075	12.740686729998131	13.704311552562583	0.804
142	1.4875246470135182	1.5608654361478416	2.160464647013518	2.3090054361478414	7.892019074901434	8.855528014665948	0.804
143	2.160464647013518	2.3090054361478414	1.4875246470135182	1.5608654361478416	17.078915897294983	18.0424248370595	0.804
144	2.1757673862404094	2.0226056235534435	2.8487073862404095	2.770745623553444	11.384573808729002	12.347966316351092	0.804
145	1.7620331335884918	0.5686815175704075	1.6414831335884918	-0.07319448242959237	6.854461065661283	7.655251250394481	0.804
146	1.6414831335884918	-0.07319448242959237	1.7620331335884918	0.5686815175704075	17.207195506156395	18.007985690889594	0.804
147	1.3798818951641147	2.755227702600027	1.2593318951641148	2.1133517026000272	14.345405504899142	15.146246799652229	0.804
148	2.4188206233697986	0.8891112066217917	3.365790623369799	1.854101206621792	7.7420432228344165	8.86458587376758	0.804
149	3.365790623369799	1.854101206621792	2.4188206233697986	0.8891112066217917	16.805496936847664	17.928039587780827	0.804
150	1.1928465623376365	2.9377714011482947	2.1398165623376366	3.902761401148295	13.13902787601724	14.261840489024529	0.804
151	1.6886466286758837	1.7231098741289188	0.2619706286758836	2.1456398741289187	7.580323742360208	8.76588606924904	0.804
152	0.2619706286758836	2.1456398741289187	1.6886466286758837	1.7231098741289188	18.27184062267922	19.457402949568053	0.804
153	1.106661270854681	0.9207945019663937	-0.32001472914531903	1.3433245019663937	11.614932267819858	12.800501301709296	0.804
154	2.038921286286509	2.6723469378496816	0.6122452862865089	3.0948769378496817	7.775835950173106	8.961391491775812	0.804
155	0.6122452862865089	3.0948769378496817	2.038921286286509	2.6723469378496816	17.576701305666436	18.762256847269143	0.804
156	0.934215165463818	1.8829801034025269	-0.49246083453618206	2.305510103402527	11.09226253157181	12.277832457390753	0.804
157	2.6113874753718753	2.806236150897364	1.5357874753718752	3.526406150897364	7.410509025703632	8.506802985536579	0.804
158	1.5357874753718752	3.526406150897364	2.6113874753718753	2.806236150897364	18.30622889758364	19.402522857416585	0.804
159	0.9473085286154963	1.6426813496509873	-0.1282914713845038	2.3628513496509873	15.412604940907631	16.509015054830606	0.804
160	1.2592400683236824	0.02027656168103187	0.4620100683236823	0.2911965616810319	7.4037275785486445	8.291681282034594	0.804
161	0.4620100683236823	0.2911965616810319	1.2592400683236824	0.02027656168103187	17.648008920314012	18.53596262379996	0.804
162	1.0841951918303876	2.6752690182491983	0.2869651918303875	2.946189018249198	10.167547940184166	11.055503299229672	0.804
163	3.3506742100648346	2.433164840174947	2.5534442100648347	2.704084840174947	7.8753876709815795	8.763292636447748	0.804
164	2.5534442100648347	2.704084840174947	3.3506742100648346	2.433164840174947	17.690011485461536	18.577916450927706	0.804
165	2.3739261112628585	2.735030963075752	1.5766961112628586	3.005950963075752	12.140218335521428	13.028152708748483	0.804
166	2.3786417274193283	1.2556689355694224	2.3786417274193283	1.2556689355694224	6.565904721569475	7.065904721569475	0.804
167	2.3786417274193283	1.2556689355694224	2.3786417274193283	1.2556689355694224	17.978918449522773	18.478918449522773	0.804
168	3.597278068604709	1.0500651961178682	3.597278068604709	1.0500651961178682	14.855637459912089	15.355637459912089	0.804
169	1.1551568636313043	1.4393563005801824	-0.49272813636869583	2.2465163005801827	8.21398791434625	9.559441416529737	0.804
170	-0.49272813636869583	2.2465163005801827	1.1551568636313043	1.4393563005801824	17.84774231941723	19.193195821600717	0.804
171	0.6959347803989173	1.9161701710601777	-0.9519502196010828	2.723330171060178	13.173299483515681	14.518755311200678	0.804
172	2.438655412570615	2.650076574850602	1.7862054125706146	3.516886574850602	7.4712568432728474	8.4709208088737	0.804
173	1.7862054125706146	3.516886574850602	2.438655412570615	2.650076574850602	17.4460671837773	18.44573114937815	0.804
174	2.3857019973661755	1.1192430170970953	1.733251997366175	1.9860530170970954	13.263836536543309	14.263511234450217	0.804
175	2.6724110347606476	0.6643167997818016	1.2128020347606476	0.7127867997818016	7.388413376652985	8.561306299415865	0.804
176	1.2128020347606476	0.7127867997818016	2.6724110347606476	0.6643167997818016	17.751397295956853	18.924290218719733	0.804
177	3.024632805673056	1.6138515491386727	1.5650238056730554	1.6623215491386727	12.46272038258298	13.635613136988088	0.804
178	0.6000667356909652	0.8858192339254264	-0.8595422643090349	0.9342892339254264	8.488181732744298	9.661075079514719	0.804
179	-0.8595422643090349	0.9342892339254264	0.6000667356909652	0.8858192339254264	16.844637445566747	18.01753079233717	0.804
180	2.440196394116992	1.4156786934171686	0.9805873941169919	1.4641486934171686	13.944521192690962	15.117414211163595	0.804
181	1.8322168632977354	0.17688371109505674	0.3726078632977352	0.22535371109505675	8.600526715700555	9.773419927173643	0.804
182	0.3726078632977352	0.22535371109505675	1.8322168632977354	0.17688371109505674	17.18368037195035	18.356573583423437	0.804
183	3.097104142195809	0.8855738064471179	1.637495142195809	0.9340438064471179	11.423075212120938	12.595967928420892	0.804
184	1.2386141634151793	0.0981629758103808	0.7116841634151791	0.234242975810381	7.976366850513308	8.72711578058515	0.804
185	0.7116841634151791	0.234242975810381	1.2386141634151793	0.0981629758103808	17.906185791083672	18.656934721155512	0.804
186	1.973179334041751	2.728348514481588	1.4462493340417508	2.864428514481588	15.359444325391683	16.110188547781394	0.804
187	2.7787189072171827	0.7906799906980462	2.4978589072171826	0.9640399906980464	7.296143008827829	7.948172930244346	0.804
188	2.4978589072171826	0.9640399906980464	2.7787189072171827	0.7906799906980462	17.431045611736568	18.083075533153085	0.804
189	2.7026227926447985	2.234353602634035	2.4217627926447984	2.4077136026340353	14.893845437571276	15.545877885039044	0.804
190	3.3589031019344207	0.6404771465934017	3.07804310193442	0.8138371465934019	7.859246234572319	8.511254472620012	0.804
191	3.07804310193442	0.8138371465934019	3.3589031019344207	0.6404771465934017	17.47352085542967	18.12552909347736	0.804
192	2.1866357554208866	1.4989322914079344	1.9057757554208865	1.6722922914079346	14.716470417079766	15.368518046303532	0.804
193	1.0935915456471719	0.5930377105031479	0.4827815456471718	0.16553371050314802	7.4740587623393315	8.317564845884178	0.804
194	0.4827815456471718	0.16553371050314802	1.0935915456471719	0.5930377105031479	16.49339080276486	17.336896886309706	0.804
195	1.511574079621932	1.6266037413903973	0.9007640796219318	1.1990997413903974	13.970982262049422	14.814474007219083	0.804
196	2.207140475934837	0.23722793265352027	0.7997274759348371	0.9909579326535203	7.878361621020588	9.113912569050541	0.804
197	0.7997274759348371	0.9909579326535203	2.207140475934837	0.23722793265352027	17.47096249256857	18.706513440598524	0.804
198	1.3984434958634604	2.490034133219793	-0.00896950413653963	3.243764133219793	13.705387113318304	14.940982447502687	0.804
199	3.2183408190072473	0.44743319183080854	1.8109278190072473	1.2011631918308086	6.964233244609101	8.199682792123301	0.804
200	1.8109278190072473	1.2011631918308086	3.2183408190072473	0.44743319183080854	17.391829734598257	18.627279282112458	0.804
201	3.3098474415779515	2.0172040937244446	1.902434441577951	2.7709340937244447	13.096571241855077	14.332009099562493	0.804
202	2.0217988033976155	1.1748615917660215	0.6143858033976156	1.9285915917660215	7.771476204972747	9.007040209037989	0.804
203	0.6143858033976156	1.9285915917660215	2.0217988033976155	1.1748615917660215	16.90352307904707	18.13908708311231	0.804
204	1.3879169114360441	1.7653997360053524	-0.019496088563956127	2.519129736005352	13.326248356650012	14.561844053328743	0.804
205	2.514415862679473	3.093618625006788	2.0924958626794727	3.6888986250067877	6.984442946556219	7.820447259706712	0.804
206	2.0924958626794727	3.6888986250067877	2.514415862679473	3.093618625006788	17.943093966271707	18.7790982794222	0.804
207	2.717557960044016	0.5391248398191075	2.295637960044016	1.1344048398191076	13.943459810806363	14.77943084028123	0.804
208	2.0405993467908035	2.1433244785439247	0.8251893467908034	1.3485884785439248	7.8330098432308635	9.002043136146405	0.804
209	0.8251893467908034	1.3485884785439248	2.0405993467908035	2.1433244785439247	18.43993938610224	19.60897267901778	0.804
210	2.1300856540892386	2.6853980490611677	0.9146756540892387	1.890662049061168	12.928449115069082	14.097474338097983	0.804
211	0.9062962757984758	1.2859045112546181	-0.3091137242015243	0.49116851125461825	8.112747307563232	9.281840543297498	0.804
212	-0.3091137242015243	0.49116851125461825	0.9062962757984758	1.2859045112546181	17.825051159650886	18.994144395385153	0.804
213	3.182115871128978	2.8715862430769636	1.966705871128978	2.076850243076964	15.01452028665862	16.183414039119	0.804
214	2.8776947276329197	1.5513919072460087	1.6622847276329198	0.7566559072460088	7.1896551130831226	8.35859384086841	0.804
215	1.6622847276329198	0.7566559072460088	2.8776947276329197	1.5513919072460087	17.597348491042236	18.766287218827525	0.804
216	2.1489627762409396	3.0085999200462457	0.9335527762409392	2.213863920046246	15.74014176390322	16.909165222214515	0.804
217	1.2758966178280802	-0.8797388671714261	0.16612561782808027	0.7277491328285739	9.05505884402285	10.455021427766507	0.804
218	0.16612561782808027	0.7277491328285739	1.2758966178280802	-0.8797388671714261	16.817723269465315	18.21768585320897	0.804
219	1.698650261893135	-0.5829841884553078	0.5888792618931351	1.0245038115446923	15.353608084174418	16.753497479354902	0.804
220	1.0163523920863855	-0.46120194143249127	0.21229639208638562	1.0692360585675087	8.183114629747312	9.47962709030445	0.804
221	0.21229639208638562	1.0692360585675087	1.0163523920863855	-0.46120194143249127	17.45199516170946	18.748507622266597	0.804
222	2.950120431492347	1.1530981784024301	2.1460644314923467	2.68353617840243	12.599288608618638	13.895219738194289	0.804
223	1.8232514775720077	1.7301372122390648	1.019195477572008	3.2605752122390648	7.3170654856271575	8.61342178183796	0.804
224	1.019195477572008	3.2605752122390648	1.8232514775720077	1.7301372122390648	17.397081929411165	18.693438225621968	0.804
225	1.809554828150127	1.2475525869158255	1.0054988281501271	2.7779905869158252	14.484516690771647	15.780876670486311	0.804
226	1.288550838510801	-0.5269015379475257	0.8355708385108012	1.3011764620524742	7.403861612417396	8.771489074695154	0.804
227	0.8355708385108012	1.3011764620524742	1.288550838510801	-0.5269015379475257	17.19102350484036	18.55865096711812	0.804
228	2.2887438929940593	0.4634389155655363	1.8357638929940592	2.291516915565536	12.200759205531263	13.567997567404294	0.804
229	1.2818829392783706	0.7043907281109892	0.8289029392783707	2.532468728110989	6.865075738892198	8.232704959363504	0.804
230	0.8289029392783707	2.532468728110989	1.2818829392783706	0.7043907281109892	17.25838086023444	18.626010080705743	0.804
231	1.8258505523068407	1.737986015502025	1.3728705523068407	3.566064015502025	13.033432796889976	14.400882195518275	0.804
232	1.7797219966907203	-0.7104913932557775	1.3267419966907203	1.1175866067442224	7.157155263328656	8.52462276977352	0.804
233	1.3267419966907203	1.1175866067442224	1.7797219966907203	-0.7104913932557775	17.455024582580215	18.82249208902508	0.804
234	2.2499193189742894	-1.3321250445411448	1.7969393189742895	0.4959529554588551	15.555973886200874	16.923231997571417	0.804
235	0.5912931510864621	0.5102891231526415	0.11905315108646208	1.4653371231526413	7.093851784409967	8.08474268537282	0.804
236	0.11905315108646208	1.4653371231526413	0.5912931510864621	0.5102891231526415	17.905023358841557	18.89591425980441	0.804
237	0.6786800350852031	1.0348060908484342	0.20644003508520314	1.9898540908484341	15.822445749437342	16.813332462103144	0.804
238	1.2857092884531878	-1.2278697337975661	1.367109288453188	-0.9650287337975662	7.126243383905371	7.752992417773482	0.804
239	1.367109288453188	-0.9650287337975662	1.2857092884531878	-1.2278697337975661	17.388812105848647	18.01556113971676	0.804
240	2.854032343549994	0.26715223512485886	2.9354323435499943	0.5299932351248589	13.051776973239104	13.678409399714045	0.804
241	0.0949659268258718	-0.43770686375756584	-0.9302990731741282	1.4773611362424341	7.902390041973418	9.40323308140471	0.804
242	-0.9302990731741282	1.4773611362424341	0.0949659268258718	-0.43770686375756584	17.901317099717446	19.402160139148737	0.804
243	2.4091104064616955	-1.0354329929927892	1.3838454064616958	0.8796350070072108	14.164344440077574	15.664782011653868	0.804
244	-0.0984023510741634	0.22501109760015855	-0.9353913510741634	1.3813890976001584	7.836222940889099	8.993930518941628	0.804
245	-0.9353913510741634	1.3813890976001584	-0.0984023510741634	0.22501109760015855	17.611737241298375	18.769444819350902	0.804
246	0.5113531489911076	1.3341412510193404	-0.32563585100889236	2.4905192510193404	13.517830677260918	14.675555253611524	0.804
247	0.6114195263301418	-0.34885022142184485	0.01862952633014192	0.9423577785781551	7.548128570626134	8.702750347667635	0.804
248	0.01862952633014192	0.9423577785781551	0.6114195263301418	-0.34885022142184485	16.903656720508316	18.058278497549818	0.804
249	1.5597888325834919	-0.5578710117817082	0.966998832583492	0.7333369882182917	12.591021228910947	13.7455197353982	0.804
250	2.6851369616890404	0.26297936156759544	3.02689696168904	1.5442473615675956	8.170278909702809	9.28056096552532	0.804
251	3.02689696168904	1.5442473615675956	2.6851369616890404	0.26297936156759544	17.39970016968131	18.509982225503823	0.804
252	1.6772802442949588	-0.625503029997294	2.019040244294959	0.6557649700027061	10.799475619273988	11.91016945109902	0.804
253	2.262539617882976	0.03005162656992244	1.4777466178829763	1.8916896265699223	7.884176851819452	9.314611856076466	0.804
254	1.4777466178829763	1.8916896265699223	2.262539617882976	0.03005162656992244	17.90977055330767	19.340205557564683	0.804
255	2.4750029768242277	1.533026133379414	1.6902099768242278	3.394664133379414	14.576813043348103	16.00714696346068	0.804
256	1.739272126320761	-0.9903881832243011	0.9544791263207609	0.8712498167756988	7.643897307298715	9.074534947966935	0.804
257	0.9544791263207609	0.8712498167756988	1.739272126320761	-0.9903881832243011	17.71841279136122	19.14905043202944	0.804
258	1.1764855449888796	-0.8610070987068035	0.3916925449888796	1.0006309012931964	11.28206875969639	12.712850780127068	0.804
259	1.4254891143449426	0.8841653444031771	1.2794691143449426	2.561873344403177	7.960692051206149	9.23641255434636	0.804
260	1.2794691143449426	2.561873344403177	1.4254891143449426	0.8841653444031771	18.11602502882552	19.39174553196573	0.804
261	0.5420398348053224	1.4555912500923316	0.3960198348053223	3.133299250092332	14.290505035396517	15.566414291688833	0.804
262	2.35897379526866	0.7979668292840546	2.55967379526866	2.5011548292840544	7.680282568052307	8.969746930693882	0.804
263	2.55967379526866	2.5011548292840544	2.35897379526866	0.7979668292840546	18.70690392736086	19.996368290002433	0.804
264	3.4118170375084977	0.4124263778969537	3.6125170375084976	2.1156143778969536	15.890263902039012	17.178982277064822	0.804
265	0.09563169002217542	-0.29554033297751403	0.2963316900221755	1.407647667022486	7.712091612422173	9.00226930604338	0.804
266	0.2963316900221755	1.407647667022486	0.09563169002217542	-0.29554033297751403	17.081413801245603	18.37159149486681	0.804
267	2.8798395911157204	-0.34404022622969876	3.0805395911157207	1.3591477737703013	10.121806520531486	11.410934673116527	0.804
268	1.5316923649833678	-0.6751531990760042	1.732392364983368	1.0280348009239957	7.570046590730269	8.85991266819897	0.804
269	1.732392364983368	1.0280348009239957	1.5316923649833678	-0.6751531990760042	17.678658200894045	18.968524278362747	0.804
270	1.3320222991913777	0.8322669151490089	1.532722299191378	2.5354549151490087	11.695342798631028	12.98528150385718	0.804
271	3.194341187248443	0.531964312932382	3.3950411872484434	2.235152312932382	7.582275821994968	8.871169822552467	0.804
272	3.3950411872484434	2.235152312932382	3.194341187248443	0.531964312932382	17.925720312654747	19.214614313212245	0.804
273	0.5174210120473743	-0.8777990186605409	0.7181210120473744	0.825388981339459	14.317240401413926	15.607377349549587	0.804
274	1.7600183239842122	0.540647384990893	1.1672283239842123	0.853819384990893	6.745917945001201	7.554799971499547	0.804
275	1.1672283239842123	0.853819384990893	1.7600183239842122	0.540647384990893	18.169533130951383	18.978415157449728	0.804
276	3.404844399606411	-0.028116557918673235	2.812054399606411	0.28505544208132677	11.262767892301312	12.071572790414578	0.804
277	3.8146413447514993	-0.42932437867145534	2.3152653447514995	0.8587776213285446	7.553706543748598	8.963916627883775	0.804
278	2.3152653447514995	0.8587776213285446	3.8146413447514993	-0.42932437867145534	16.92065144815983	18.330861532295007	0.804
279	2.748343701856852	0.5402575755111504	1.248967701856852	1.8283595755111504	14.787193501337814	16.19772139317955	0.804
280	3.5943103840296837	0.45581752631437134	2.094934384029684	1.7439195263143712	7.119954582570471	8.530241285328842	0.804
281	2.094934384029684	1.7439195263143712	3.5943103840296837	0.45581752631437134	17.052240368004725	18.462527070763095	0.804
282	2.3134418490236057	-0.16504181217579872	0.814065849023606	1.1230601878242013	12.976170466236333	14.386789594852864	0.804
283	2.3278790723491927	1.149391984022913	1.1795790723491926	2.7351339840229127	8.03740802414489	9.43921007618447	0.804
284	1.1795790723491926	2.7351339840229127	2.3278790723491927	1.149391984022913	18.096353951132706	19.498156003172287	0.804
285	1.5708952833628365	-0.5386689220852895	0.4225952833628366	1.0470730779147104	11.790698177535692	13.192687878322612	0.804
286	1.7247530556935007	1.8966636301191624	0.5571930556935007	2.609375630119162	7.528315280824662	8.658546376176128	0.804
287	0.5571930556935007	2.609375630119162	1.7247530556935007	1.8966636301191624	18.086421192438575	19.21665228779004	0.804
288	3.0529171566608624	-0.33129830064917454	1.8853571566608625	0.38141369935082536	14.99329019337057	16.123396401381825	0.804
289	3.1514386886659445	0.8246025928185214	2.281508688665945	1.9610945928185215	6.340825196542693	7.499796544840977	0.804
290	2.281508688665945	1.9610945928185215	3.1514386886659445	0.8246025928185214	18.085557684365103	19.244529032663387	0.804
291	1.8925105339427586	0.3923335019155722	1.0225805339427587	1.528825501915572	13.181709099544872	14.341013099175814	0.804
292	1.0174353998599148	0.3101558904748254	-0.079914600140085	0.2082508904748254	7.840101661557169	8.847886807161837	0.804
293	-0.079914600140085	0.2082508904748254	1.0174353998599148	0.3101558904748254	17.66235447467264	18.670139620277308	0.804
294	2.013910202091589	1.2414782061792842	0.9165602020915888	1.1395732061792843	14.126705102207417	15.134488973660314	0.804
295	2.409823324527913	-1.196085282985007	0.6892383245279127	0.47664671701499284	7.91813558590195	9.523582495413393	0.804
296	0.6892383245279127	0.47664671701499284	2.409823324527913	-1.196085282985007	17.568831273282875	19.174278182794318	0.804
297	1.1883388168037872	1.853637868291893	-0.5322461831962128	3.5263698682918934	11.521279069420812	13.126913657516756	0.804
298	2.2081086454472656	0.3857488019229081	1.4829586454472656	2.118130801922908	7.915098273012484	9.280022947991045	0.804
299	1.4829586454472656	2.118130801922908	2.2081086454472656	0.3857488019229081	17.45827217989083	18.82319685486939	0.804
300	3.032360567811168	0.4111698203342367	2.3072105678111683	2.1435518203342365	10.44083974173057	11.805347155777843	0.804
301	3.6999416581186426	1.235540518079638	2.1676326581186425	2.149582518079638	7.500107192730931	8.821907342189593	0.804
302	2.1676326581186425	2.149582518079638	3.6999416581186426	1.235540518079638	17.720757855894796	19.042558005353456	0.804
303	2.884987735137164	-0.6726457433052985	1.3526787351371645	0.24139625669470144	13.466348165388588	14.788283499965145	0.804
304	3.4003613720747827	1.0821932471445772	2.112251372074783	2.1310652471445772	6.6254779707777045	7.890494106592821	0.804
305	2.112251372074783	2.1310652471445772	3.4003613720747827	1.0821932471445772	18.12880320538279	19.393819341197908	0.804
306	1.4776489822810608	0.6740020903673074	0.18953898228106092	1.7228740903673072	15.716200746766969	16.981537530630735	0.804
307	2.4722231838026283	1.769816922843134	1.1841131838026284	2.8186889228431338	8.355731423743233	9.620945189250383	0.804
308	1.1841131838026284	2.8186889228431338	2.4722231838026283	1.769816922843134	17.279265493959212	18.544479259466364	0.804
309	3.2113541896721323	1.609020988918715	1.9232441896721322	2.6578929889187153	11.393776514407925	12.658839373536601	0.804
310	3.467953925181031	1.035155433426687	2.868323925181031	2.036807433426687	7.411215489412556	8.44850228906451	0.804
311	2.868323925181031	2.036807433426687	3.467953925181031	1.035155433426687	18.329897688060637	19.367184487712592	0.804
312	1.2863993392716953	1.1936668144753813	0.6867693392716954	2.1953188144753812	10.55972871525721	11.597561918856526	0.804
313	1.492845222490541	0.697904013264737	1.1392852224905412	1.7368360132647371	7.089167773767506	8.094700927419296	0.804
314	1.1392852224905412	1.7368360132647371	1.492845222490541	0.697904013264737	17.431012425916844	18.436545579568634	0.804
315	0.8842726429981838	1.0365444262833816	0.5307126429981839	2.0754764262833816	11.285903401044937	12.291521550565639	0.804
316	2.3098815987291452	1.8359924997253159	1.4685415987291455	3.271364499725316	7.338745038115108	8.60502280396214	0.804
317	1.4685415987291455	3.271364499725316	2.3098815987291452	1.8359924997253159	16.83244856093665	18.098726326783684	0.804
318	3.327734896678569	0.41021247462330035	2.4863948966785694	1.8455844746233003	11.866137125971335	13.131990833214088	0.804
319	2.470740039865604	0.014404926576281452	1.9761200398656042	1.4752569265762814	7.629180403215171	8.839328610817734	0.804
320	1.9761200398656042	1.4752569265762814	2.470740039865604	0.014404926576281452	18.03915703430508	19.249305241907646	0.804
321	2.7622514771146327	-0.2814567986587252	2.267631477114633	1.1793952013412747	10.214727583254485	11.424741703915814	0.804
322	3.7933931498448255	-0.34859469764976403	2.505283149844826	-0.277758697649764	7.616369447401814	8.710767026571155	0.804
323	2.505283149844826	-0.277758697649764	3.7933931498448255	-0.34859469764976403	17.035295513168464	18.129693092337803	0.804
324	2.5435819230181727	1.9478030968425508	1.2554719230181726	2.0186390968425507	10.744505173738382	11.83890447308857	0.804
325	0.16081358240263988	1.7455954446241437	1.1860785824026399	-0.16947255537585632	7.808027412294831	9.30883738079853	0.804
326	1.1860785824026399	-0.16947255537585632	0.16081358240263988	1.7455954446241437	17.328708846360104	18.829518814863803	0.804
327	-0.7401477991541293	2.559746970987251	0.28511720084587067	0.6446789709872512	13.380427641010717	14.881285218279924	0.804
328	1.9238244234182855	2.1187703130146454	2.5470594234182857	0.34413331301464517	7.680022557608766	9.04606310945629	0.804
329	2.5470594234182857	0.34413331301464517	1.9238244234182855	2.1187703130146454	17.07990956183916	18.44595011368668	0.804
330	1.5593782887739667	0.7026915628459731	2.182613288773967	-1.071945437154027	14.582666760445779	15.948883132691526	0.804
331	0.395508962307048	1.6274068946394467	1.018743962307048	-0.14723010536055336	7.782839990646243	9.14940893208803	0.804
332	1.018743962307048	-0.14723010536055336	0.395508962307048	1.6274068946394467	17.4430998016832	18.809668743124984	0.804
333	-0.1355392881290043	3.5527765568818985	0.4876957118709958	1.7781395568818983	12.743219264328493	14.109843322426059	0.804
334	0.6700282925556108	3.4795806151069213	1.293263292555611	1.7049436151069215	7.808528765045958	9.175043228901414	0.804
335	1.293263292555611	1.7049436151069215	0.6700282925556108	3.4795806151069213	17.849482330247323	19.21599679410278	0.804
336	1.0031094550635544	3.920482514648244	1.6263444550635546	2.1458455146482436	11.363245703489529	12.729670290404048	0.804
337	-0.3053909584345199	3.5267477562380285	0.3178440415654802	1.7521107562380285	6.659447533459069	8.026075230394152	0.804
338	0.3178440415654802	1.7521107562380285	-0.3053909584345199	3.5267477562380285	16.99545167119753	18.362079368132612	0.804
339	-0.4357707754404746	1.010012421551374	0.1874642245595255	-0.7646245784486261	13.963293547622058	15.329919437725383	0.804
340	0.7993821379903521	0.6126304427459892	0.7993821379903521	0.6126304427459892	6.742275624530323	7.242275624530323	0.804
341	0.7993821379903521	0.6126304427459892	0.7993821379903521	0.6126304427459892	17.37088960367045	17.87088960367045	0.804
342	-0.42900041930076094	3.402883995319378	-0.42900041930076094	3.402883995319378	12.081208572460127	12.581208572460127	0.804
343	-0.5816784960948077	2.509796075320673	-0.5816784960948077	2.509796075320673	7.538542798048177	8.038542798048177	0.804
344	-0.5816784960948077	2.509796075320673	-0.5816784960948077	2.509796075320673	17.603397026734218	18.103397026734218	0.804
345	0.5954739913705474	0.7705203515589183	0.5954739913705474	0.7705203515589183	13.464157980531876	13.964157980531876	0.804
346	1.539864364888782	1.1772377153840776	1.539864364888782	1.1772377153840776	7.682296676968382	8.182296676968381	0.804
347	1.539864364888782	1.1772377153840776	1.539864364888782	1.1772377153840776	18.902416525188222	19.402416525188222	0.804
348	-0.08637899694328643	3.3538038953143383	-0.08637899694328643	3.3538038953143383	13.484567402851372	13.984567402851372	0.804
349	1.0768363119635096	2.75154779078891	2.44012531196351	1.4920227907889099	6.777037603013361	8.132032603212695	0.804
350	2.44012531196351	1.4920227907889099	1.0768363119635096	2.75154779078891	17.701605909801398	19.056600910000732	0.804
351	1.3481519388454113	2.480004660269617	2.7114409388454113	1.2204796602696169	13.380793938609768	14.73572730938863	0.804
352	-0.5107927245692023	0.3239099631549802	-0.6990687245692023	1.0825999631549803	7.714712933818298	8.574867356649124	0.804
353	-0.6990687245692023	1.0825999631549803	-0.5107927245692023	0.3239099631549802	17.884372985624182	18.74452740845501	0.804
354	1.2057564954523925	0.75795978929825	1.0174804954523924	1.51664978929825	14.911023904759707	15.771133384207095	0.804
355	1.3463642036726011	1.3375870288678817	1.1580882036726012	2.096277028867882	7.717306190500036	8.577398495546825	0.804
356	1.1580882036726012	2.096277028867882	1.3463642036726011	1.3375870288678817	17.301220344875954	18.161312649922746	0.804
357	-0.6931510438977879	1.6997085170303368	-0.8814270438977879	2.4583985170303366	13.405493667058238	14.265634970596103	0.804
358	0.3444304432753764	1.9039824175563371	-0.18125055672462353	2.314702417556337	7.805839074671576	8.613211560572065	0.804
359	-0.18125055672462353	2.314702417556337	0.3444304432753764	1.9039824175563371	18.012424457767832	18.81979694366832	0.804
360	2.050451192294548	0.7646446944225676	1.524770192294548	1.1753646944225677	13.905220937843062	14.712536846840596	0.804
361	3.069362010416734	1.7801448798328612	2.1696160104167346	2.066594879832861	7.060305211555371	7.995328395011412	0.804
362	2.1696160104167346	2.066594879832861	3.069362010416734	1.7801448798328612	17.57784392534605	18.51286710880209	0.804
363	2.371139329904932	-0.10313020529613981	1.471393329904932	0.18331979470386006	10.171195716463153	11.106238215887167	0.804
364	1.6092526928204491	2.5484778799762076	1.041322692820449	2.2595378799762074	7.197652079666781	7.991231516743475	0.804
365	1.041322692820449	2.2595378799762074	1.6092526928204491	2.5484778799762076	17.467116872892383	18.260696309969077	0.804
366	1.569850830779096	2.015383107707598	1.0019208307790959	1.7264431077075977	12.635331409720962	13.428911792522191	0.804
367	1.8688273104032276	0.3669554301849596	1.8545373104032277	-0.6141915698150405	7.150704524697191	8.102582604863148	0.804
368	1.8545373104032277	-0.6141915698150405	1.8688273104032276	0.3669554301849596	17.037294657557222	17.98917273772318	0.804
369	3.093194933306667	1.1701311572463011	3.078904933306667	0.18898415724630097	13.571204773539463	14.522665918601138	0.804
370	1.480687722764579	1.336087627484753	2.080317722764579	0.334435627484753	7.759526084502646	8.79722681123497	0.804
371	2.080317722764579	0.334435627484753	1.480687722764579	1.336087627484753	17.39069791545304	18.42839864218536	0.804
372	2.8490412241315552	2.6540598848984835	3.448671224131555	1.6524078848984836	11.468231663851725	12.505525803692414	0.804
373	1.9822090365217906	0.09497688986828368	2.5818390365217905	-0.9066751101317164	8.941334270955107	9.978912156694323	0.804
374	2.5818390365217905	-0.9066751101317164	1.9822090365217906	0.09497688986828368	17.544317884956456	18.581895770695674	0.804
375	1.910380661226743	0.5052496659121055	2.510010661226743	-0.4964023340878946	11.876693015010174	12.914290353491365	0.804
376	3.2515748968265	1.1228069288097484	3.6821848968264996	-0.2243280711902517	8.600185816364275	9.75074113066828	0.804
377	3.6821848968264996	-0.2243280711902517	3.2515748968265	1.1228069288097484	17.936475934659168	19.08703124896317	0.804
378	0.6475111327265146	0.1896190521645511	1.0781211327265148	-1.157515947835449	10.514968785925776	11.666539027664438	0.804
379	1.6507991991713296	2.8631500725112033	2.08140919917133	1.5160150725112034	7.726038671053039	8.877362386720314	0.804
380	2.08140919917133	1.5160150725112034	1.6507991991713296	2.8631500725112033	16.59530548093397	17.746629196601248	0.804
381	2.423070169522058	0.11420463122180369	2.853680169522058	-1.2329303687781965	14.78682517649768	15.93783572731494	0.804
382	1.5108164970496065	0.24622661037301974	0.38986149704960643	0.9173066103730196	8.032738292876838	9.13468130129632	0.804
383	0.38986149704960643	0.9173066103730196	1.5108164970496065	0.24622661037301974	18.540332711361337	19.64227571978082	0.804
384	2.3110867103423067	1.5520598657200413	1.1901317103423066	2.223139865720041	13.354642941570493	14.456533675694622	0.804
385	0.781303723642213	1.591171066973124	-0.339651276357787	2.262251066973124	7.974902251359071	9.076865927521046	0.804
386	-0.339651276357787	2.262251066973124	0.781303723642213	1.591171066973124	17.850593430160572	18.952557106322548	0.804
387	0.45678287558918385	1.7356805821848826	-0.6641721244108162	2.4067605821848828	12.419498620169511	13.521463215912968	0.804
388	1.8059642679885115	1.0178592078445579	0.6850092679885115	1.6889392078445578	8.276481652872583	9.37840898561867	0.804
389	0.6850092679885115	1.6889392078445578	1.8059642679885115	1.0178592078445579	17.498986765920968	18.600914098667054	0.804
390	0.033708360026949435	1.376659303610774	-1.0872466399730505	2.047739303610774	14.760137534761641	15.862095677790638	0.804
391	0.26842104423752633	1.08418687217255	-0.8525339557624737	1.75526687217255	8.445145312953901	9.547108105317301	0.804
392	-0.8525339557624737	1.75526687217255	0.26842104423752633	1.08418687217255	17.69806000210035	18.80002279446375	0.804
393	1.2608145095298737	0.8734914337298014	0.1398595095298737	1.5445714337298013	14.851301640469627	15.95325463121281	0.804
394	1.9188926188171633	1.6685982866748086	0.7979376188171632	2.3396782866748085	7.911697656048508	9.013617876936348	0.804
395	0.7979376188171632	2.3396782866748085	1.9188926188171633	1.6685982866748086	17.489754486633263	18.591674707521104	0.804
396	0.20019561188904667	1.9070744356340414	-0.9207593881109534	2.5781544356340413	11.970668013337077	13.072629729019	0.804
397	1.4856646356546994	2.00953924302977	0.3647096356546993	2.6806192430297697	7.53849220886689	8.640436358341612	0.804
398	0.3647096356546993	2.6806192430297697	1.4856646356546994	2.00953924302977	17.85400253458197	18.95594668405669	0.804
399	1.0079970437390693	0.6985119519634891	-0.11295795626093075	1.3695919519634892	13.668740965719977	14.770700976605282	0.804
400	1.0020139039787033	0.6814707966591662	-0.11894109602129666	1.352550796659166	7.450091678386556	8.552051817954483	0.804
401	-0.11894109602129666	1.352550796659166	1.0020139039787033	0.6814707966591662	16.596514882455125	17.698475022023054	0.804
402	2.2914391222249932	1.4333130363980466	1.170484122224993	2.1043930363980468	10.21774067942314	11.319633067586084	0.804
403	0.901362856356212	1.0841452055611431	-0.21959214364378798	1.755225205561143	8.487562600710778	9.58952464540539	0.804
404	-0.21959214364378798	1.755225205561143	0.901362856356212	1.0841452055611431	17.15089773202225	18.252859776716864	0.804
405	1.7777086915549585	1.5838710123072333	0.6567536915549584	2.254951012307233	15.201936169862238	16.303865185620293	0.804
406	2.98580808308973	2.6257488974691	1.8648530830897299	3.2968288974691	8.139163371546779	9.24098599145257	0.804
407	1.8648530830897299	3.2968288974691	2.98580808308973	2.6257488974691	18.509522122482135	19.611344742387928	0.804
408	2.8244751091479605	2.7365279390246573	1.7035201091479606	3.407607939024657	14.857552255608505	15.95939316156402	0.804
409	0.002201350413206349	1.6035716087444416	-0.6862786495867936	1.6507916087444414	8.583197890176177	9.401163932633786	0.804
410	-0.6862786495867936	1.6507916087444414	0.002201350413206349	1.6035716087444416	16.966891157432514	17.784857199890123	0.804
411	2.0196299577344003	0.9654103147094627	1.3311499577344004	1.0126303147094626	13.291594958176429	14.109560390870488	0.804
412	0.19895085931280532	2.0991286360282415	-0.48952914068719466	2.1463486360282413	8.34896951651578	9.166935580714211	0.804
413	-0.48952914068719466	2.1463486360282413	0.19895085931280532	2.0991286360282415	16.990125774656384	17.808091838854814	0.804
414	2.4779621133876617	0.43730503855332503	1.7894821133876615	0.48452503855332485	14.399640538547143	15.21760557566714	0.804
415	1.0312803201999148	2.4201804295982523	0.5664903201999149	3.567854429598252	8.040395520216832	9.110862391486563	0.804
416	0.5664903201999149	3.567854429598252	1.0312803201999148	2.4201804295982523	18.509985349258006	19.580452220527736	0.804
417	0.8937236316686973	1.4541160254495544	0.42893363166869725	2.6017900254495543	11.410888792645919	12.481370658572281	0.804
418	0.7596110259761469	1.426409201336185	0.5731910259761469	2.1248332013361853	7.542608129987686	8.37565556433612	0.804
419	0.5731910259761469	2.1248332013361853	0.7596110259761469	1.426409201336185	18.049675618552538	18.88272305290097	0.804
420	3.252160223367349	1.0009816592208254	3.065740223367349	1.6994056592208253	12.498896866299647	13.331492908875171	0.804
421	2.331128596376922	-0.11033118421978849	2.4007185963769224	-0.5278941842197885	7.358428501534825	8.053314656065023	0.804
422	2.4007185963769224	-0.5278941842197885	2.331128596376922	-0.11033118421978849	17.391563194840675	18.086449349370874	0.804
423	1.1304215512745506	1.8447694519312925	1.2000115512745508	1.4272064519312924	10.52981125924048	11.224819942897232	0.804
424	3.2652580562290985	0.7902784266840344	3.3348480562290987	0.37271542668403435	7.198983044932826	7.893716282549054	0.804
425	3.3348480562290987	0.37271542668403435	3.2652580562290985	0.7902784266840344	16.512452875351812	17.20718611296804	0.804
426	3.1029176793897277	1.8079695054058127	3.172507679389728	1.3904065054058126	15.10281930718417	15.797582736304177	0.804
427	3.116589650297345	1.36346642494701	2.7027496502973447	0.82349342494701	6.657713993072669	7.470919814950162	0.804
428	2.7027496502973447	0.82349342494701	3.116589650297345	1.36346642494701	18.124505151944142	18.937710973821634	0.804
429	1.0589799369942798	2.2520991621036663	0.64513993699428	1.7121261621036663	12.98658892586807	13.800027433953998	0.804
430	1.3969602553199714	1.6140305730770206	0.9831202553199715	1.0740575730770208	7.411937019865274	8.225354771523364	0.804
431	0.9831202553199715	1.0740575730770208	1.3969602553199714	1.6140305730770206	17.943579985593683	18.756997737251773	0.804
432	2.5563005236254304	2.293618478303606	2.1424605236254304	1.7536454783036057	10.75093735666635	11.564231736576957	0.804
433	2.1369387247432345	2.3589710972997073	1.0998637247432344	3.5936350972997078	7.3039974267285395	8.546751933811704	0.804
434	1.0998637247432344	3.5936350972997078	2.1369387247432345	2.3589710972997073	17.572020704137714	18.81477521122088	0.804
435	1.9638616045637305	1.948576406350559	0.9267866045637305	3.183240406350559	11.168120419243099	12.410910100982019	0.804
436	1.242048123927357	0.9207322424022232	0.204973123927357	2.1553962424022233	6.610215516745373	7.853109057359636	0.804
437	0.204973123927357	2.1553962424022233	1.242048123927357	0.9207322424022232	17.605215215335836	18.848108755950097	0.804
438	0.3264292500715924	-0.014374554724439048	-0.7106457499284077	1.220289445275561	11.757162252771717	13.000088076922664	0.804
439	0.8088966835904126	-0.4426119224215803	-0.22817831640958752	0.7920520775784197	8.155051612871056	9.397974291748465	0.804
440	-0.22817831640958752	0.7920520775784197	0.8088966835904126	-0.4426119224215803	17.593609706697393	18.836532385574802	0.804
441	2.0959628675921436	-0.7376794615962983	1.0588878675921434	0.4969845384037017	10.253598042658465	11.496361236180167	0.804
442	0.9574206254803148	-0.4507661599857027	0.9157806254803147	0.8435478400142973	7.346822461160696	8.443413453394673	0.804
443	0.9157806254803147	0.8435478400142973	0.9574206254803148	-0.4507661599857027	17.11175612876356	18.208347120997537	0.804
444	1.6725358807917043	1.0724399713779273	1.6308958807917042	2.366753971377927	14.891755817719195	15.988178781742652	0.804
445	1.3992593075509854	0.5946067392751027	0.7946593075509853	1.2054107392751026	8.135671860807555	9.031621991045599	0.804
446	0.7946593075509853	1.2054107392751026	1.3992593075509854	0.5946067392751027	17.772890034825146	18.66884016506319	0.804
447	0.8316559391255398	1.6192130662265527	0.22705593912553979	2.2300170662265524	15.46191081451438	16.357889064395327	0.804
448	1.9846608425184946	1.8336674573338012	0.6101808425184946	2.720361457333801	7.1887446117127345	8.442326958931606	0.804
449	0.6101808425184946	2.720361457333801	1.9846608425184946	1.8336674573338012	17.063312734731646	18.316895081950516	0.804
450	2.1440361443158844	0.2503260652369872	0.7695561443158845	1.1370200652369873	13.036674992826518	14.290242535732128	0.804
451	1.7340457068642885	1.787097287883813	0.9374427068642883	2.968331287883813	8.153565764884132	9.309897067245071	0.804
452	0.9374427068642883	2.968331287883813	1.7340457068642885	1.787097287883813	17.174916725714965	18.331248028075905	0.804
453	0.9218912733843333	0.507551263450035	0.12528827338433324	1.6887852634500349	14.545702641885011	15.702137724460965	0.804
454	0.547679513653155	3.198185666373013	1.157862513653155	2.7153756663730126	7.218899281109753	8.077393877753059	0.804
455	1.157862513653155	2.7153756663730126	0.547679513653155	3.198185666373013	16.70415551187521	17.562650108518515	0.804
456	-0.11799376620035729	1.7128203370681454	0.49218923379964274	1.2300103370681454	15.190155987794626	16.048665137132758	0.804
457	1.0378196642564355	1.7154132909174575	1.6480026642564354	1.2326032909174576	6.492730481984061	7.351202456259682	0.804
458	1.6480026642564354	1.2326032909174576	1.0378196642564355	1.7154132909174575	17.238273212788304	18.096745187063924	0.804
459	-0.41985609375137944	2.02095243738361	0.1903269062486206	1.5381424373836103	10.3264710942852	11.18498070268645	0.804
460	1.8436545688761183	2.2236597739675776	2.7098475688761186	0.6248627739675777	6.720502309848247	8.05780508731376	0.804
461	2.7098475688761186	0.6248627739675777	1.8436545688761183	2.2236597739675776	17.183214216475335	18.52051699394085	0.804
462	1.3495546311914288	0.9964306133168179	2.215747631191429	-0.602366386683182	12.089080071881948	13.426580669754339	0.804
463	1.5883152562709952	0.7680870038305958	2.3731082562709953	-1.093550996169404	6.9585331953691405	8.388916949440357	0.804
464	2.3731082562709953	-1.093550996169404	1.5883152562709952	0.7680870038305958	17.367680210433733	18.798063964504948	0.804
465	2.441359464987073	1.8022530418417586	3.226152464987073	-0.0593849581582413	12.098905378018758	13.528794874354302	0.804
466	1.2366197723483308	3.398546205217375	1.6193827723483307	1.677339205217375	7.485945932664998	8.798132297734353	0.804
467	1.6193827723483307	1.677339205217375	1.2366197723483308	3.398546205217375	17.414513440210442	18.726699805279797	0.804
468	1.4343307913582009	1.4333608807489684	1.8170937913582008	-0.28784611925103143	10.748866323646968	12.060981504518752	0.804
469	1.7901004954560773	1.161354984342073	2.1728634954560775	-0.5598520156579271	7.248258825190107	8.560222705982813	0.804
470	2.1728634954560775	-0.5598520156579271	1.7901004954560773	1.161354984342073	17.474030144507893	18.7859940253006	0.804
471	1.313120773198692	2.7840856192838657	1.695883773198692	1.0628786192838655	12.401021486247004	13.713181400756937	0.804
472	1.5486989091006707	2.7742309523885473	1.3082269091006706	2.8276609523885474	7.203356226834769	7.816855309584784	0.804
473	1.3082269091006706	2.8276609523885474	1.5486989091006707	2.7742309523885473	18.526942892292045	19.14044197504206	0.804
474	-0.363581014439072	2.9553732512344997	-0.604053014439072	3.0088032512345	15.474831313266346	16.08833186481484	0.804
475	0.8125912238779704	0.8147723724259808	0.5721192238779704	0.8682023724259809	7.290865037266647	7.904365389351064	0.804
476	0.5721192238779704	0.8682023724259809	0.8125912238779704	0.8147723724259808	17.655102499558975	18.268602851643394	0.804
477	1.271040237338375	1.2046855147054858	1.0305682373383749	1.2581155147054859	10.442638034833609	11.05613769982476	0.804
478	1.474017694917087	1.0976385063301806	1.4218216949170868	0.39237850633018057	8.299936031883293	9.125673603080912	0.804
479	1.4218216949170868	0.39237850633018057	1.474017694917087	1.0976385063301806	18.359939858486708	19.185677429684326	0.804
480	0.6235132808827928	2.2398470485295583	0.5713172808827927	1.5345870485295583	14.843110525129017	15.668933953642124	0.804
481	2.519826958038376	3.235277650899666	1.8661469580383756	3.3601676508996663	7.246316347774929	8.052942734456876	0.804
482	1.8661469580383756	3.3601676508996663	2.519826958038376	3.235277650899666	16.901878797919434	17.708505184601382	0.804
483	2.076898268067415	3.078733037903268	1.4232182680674148	3.2036230379032675	15.022960926736737	15.829590183784635	0.804
484	3.1653336651015054	1.515370795251488	3.0460336651015054	0.07502379525148817	7.511952941838755	8.676901533774718	0.804
485	3.0460336651015054	0.07502379525148817	3.1653336651015054	1.515370795251488	17.470241460420652	18.635190052356613	0.804
486	2.6383834632216754	3.3253908060382527	2.5190834632216754	1.8850438060382526	11.968654454092412	13.133904674961512	0.804
487	2.6689490928402773	3.018540011077726	2.5496490928402773	1.578193011077726	7.4582974125490145	8.623531664133644	0.804
488	2.5496490928402773	1.578193011077726	2.6689490928402773	3.018540011077726	17.069565916342725	18.234800167927354	0.804
489	1.9394364549556355	1.5303035834788707	1.8201364549556356	0.08995658347887076	10.98245624201505	12.14802031224214	0.804
490	2.918255568395727	3.2787930332356163	2.7989555683957272	1.8384460332356163	7.760501819835553	8.92559879789696	0.804
491	2.7989555683957272	1.8384460332356163	2.918255568395727	3.2787930332356163	17.820919559799542	18.986016537860948	0.804
492	3.479904955808387	2.6240675221410097	3.360604955808387	1.18372052214101	14.128326856604206	15.293068756991682	0.804
493	2.839205969762089	1.1844208790128699	2.638505969762089	-0.5187671209871302	7.440499415239531	8.729791343539599	0.804
494	2.638505969762089	-0.5187671209871302	2.839205969762089	1.1844208790128699	18.028832981383015	19.318124909683082	0.804
495	1.9572825839884376	2.768235181100848	1.7565825839884375	1.065047181100848	13.06397257720223	14.353745523616473	0.804
496	1.3193826437680496	2.0028595579447135	0.7166526437680496	0.44010255794471353	7.3880947286211205	8.659732631114183	0.804
497	0.7166526437680496	0.44010255794471353	1.3193826437680496	2.0028595579447135	17.639044330545396	18.910682233038457	0.804
498	1.7612461082570012	0.6223621098535723	1.1585161082570012	-0.9403948901464276	11.106186323298289	12.377712196066629	0.804
499	0.889404269199931	1.3911167863521787	0.286674269199931	-0.17164021364782112	8.193717086996372	9.465425653211186	0.804
500	0.286674269199931	-0.17164021364782112	0.889404269199931	1.3911167863521787	18.080304719634324	19.35201328584914	0.804
501	2.639789477246801	1.872177021249074	2.037059477246801	0.3094200212490741	14.40942593173566	15.680610417613824	0.804
502	1.3572827700963659	0.8167333928331477	0.754552770096366	-0.7460236071668522	8.344839951506268	9.616469811091935	0.804
503	0.754552770096366	-0.7460236071668522	1.3572827700963659	0.8167333928331477	17.358776271171305	18.630406130756974	0.804
504	3.016271402211463	2.857696648974105	2.413541402211463	1.294939648974105	15.020065840991087	16.291055730237098	0.804
505	3.1913762202535567	1.0671034737565477	2.5886462202535565	-0.49565352624345227	7.19586357473678	8.466753086434098	0.804
506	2.5886462202535565	-0.49565352624345227	3.1913762202535567	1.0671034737565477	17.133391259163133	18.40428077086045	0.804
507	1.9150799431779277	1.1253777987262752	1.3123499431779277	-0.43737920127372476	14.952121517927866	16.2235990139936	0.804
508	0.8472269228637943	0.6846669898797082	1.3418469228637941	-0.7761850101202917	7.323484206467423	8.533996078377331	0.804
509	1.3418469228637941	-0.7761850101202917	0.8472269228637943	0.6846669898797082	16.82944955892981	18.039961430839718	0.804
510	2.5584977472492456	1.0627071508957437	3.053117747249246	-0.3981448491042562	12.821583606326286	14.031447507722477	0.804
511	0.7349752969049983	2.434866334507149	1.2295952969049981	0.9740143345071492	7.494231158797445	8.704765668036655	0.804
512	1.2295952969049981	0.9740143345071492	0.7349752969049983	2.434866334507149	17.632632269049335	18.843166778288545	0.804
513	2.0186104136521736	0.7319887529016695	2.5132304136521735	-0.7288632470983304	15.739786971075796	16.94991666072324	0.804
514	1.6751066588767116	2.65838617354406	2.1697266588767112	1.1975341735440606	7.601216968537268	8.811486330424964	0.804
515	2.1697266588767112	1.1975341735440606	1.6751066588767116	2.65838617354406	17.836742935106802	19.0470122969945	0.804
516	3.5917546341047495	1.6661043783720004	4.086374634104749	0.2052523783720005	11.756685022301497	12.96588268032749	0.804
517	1.8200387591574738	3.4332575002525028	2.3146587591574734	1.9724055002525027	7.693601257031547	8.903814480348071	0.804
518	2.3146587591574734	1.9724055002525027	1.8200387591574738	3.4332575002525028	17.71011034829423	18.920323571610755	0.804
519	2.348603087307154	2.626896825177436	2.843223087307154	1.1660448251774362	14.516900997908982	15.726874948540615	0.804
520	3.34575138206727	2.2105322180153197	3.84037138206727	0.7496802180153198	7.627644517990733	8.837019561906375	0.804
521	3.84037138206727	0.7496802180153198	3.34575138206727	2.2105322180153197	18.13004417090021	19.33941921481585	0.804
522	0.44943409230889864	2.790631933788368	0.9440540923088985	1.3297799337883682	15.872708360029396	17.083289424725766	0.804
523	1.3615818925105656	2.9991550101002673	1.8562018925105654	1.5383030101002673	7.5404112658737015	8.750788121027142	0.804
524	1.8562018925105654	1.5383030101002673	1.3615818925105656	2.9991550101002673	17.926761238828842	19.137138093982283	0.804
525	3.131402121662432	1.9338006523596913	3.626022121662432	0.4729486523596914	13.19729349967685	14.406813547074577	0.804
526	1.002074438199104	1.185665195488597	1.3276744381991041	-0.620669804511403	7.853614653044223	9.199135767299424	0.804
527	1.3276744381991041	-0.620669804511403	1.002074438199104	1.185665195488597	17.835890778909185	19.181411893164388	0.804
528	1.5294369026602235	2.1594131964654704	1.8550369026602236	0.35307819646547045	15.57084909940604	16.916182249762684	0.804
529	3.0184231665107735	1.9388666313066518	1.9807341665107732	1.392056631306652	6.774206231280272	7.814533531604888	0.804
530	1.9807341665107732	1.392056631306652	3.0184231665107735	1.9388666313066518	17.363605939680262	18.40393324000488	0.804
531	1.2773480803875015	2.9136562591417787	0.2396590803875015	2.3668462591417785	12.338649314233319	13.379078039882788	0.804
532	1.7502570983075205	3.209403918571005	0.9567670983075205	2.7974239185710053	7.712384234510402	8.624304800017795	0.804
533	0.9567670983075205	2.7974239185710053	1.7502570983075205	3.209403918571005	18.065087506156555	18.977008071663946	0.804
534	2.380323864105045	3.047840441398283	1.5868338641050448	2.6358604413982833	13.746947200980612	14.6588397679652	0.804
535	3.0803778416496135	3.174981863360638	2.9753678416496134	2.715781863360638	7.226974851375455	7.943727479203471	0.804
536	2.9753678416496134	2.715781863360638	3.0803778416496135	3.174981863360638	17.326774610502294	18.04352723833031	0.804
537	2.4905634024745695	2.9063850558739923	2.3855534024745695	2.4471850558739927	15.913374085998495	16.630227946105073	0.804
538	2.239439093430205	2.8255991875787725	2.380499093430205	2.403679187578773	6.927236217223442	7.632065227808387	0.804
539	2.380499093430205	2.403679187578773	2.239439093430205	2.8255991875787725	17.136589338874185	17.84141834945913	0.804
540	1.8977749337269367	2.885085902814367	2.0388349337269367	2.463165902814367	11.4585592145304	12.16342926016579	0.804
541	2.8428410611176007	1.537933411910942	2.4961210611176003	1.512453411910942	7.4504902209303205	8.110673182372569	0.804
542	2.4961210611176003	1.512453411910942	2.8428410611176007	1.537933411910942	17.68676873199322	18.346951693435468	0.804
543	1.2047787762705597	0.5109539934013512	0.8580587762705596	0.4854739934013512	13.306287160162228	13.966470915432033	0.804
544	2.5773856509699353	0.43659218563432867	2.5773856509699353	0.43659218563432867	8.849703695216622	9.349703695216622	0.804
545	2.5773856509699353	0.43659218563432867	2.5773856509699353	0.43659218563432867	17.8526855832799	18.3526855832799	0.804
546	1.5050611808103864	0.3699981035119164	1.5050611808103864	0.3699981035119164	15.144800087426036	15.644800087426036	0.804
547	0.576510884834381	1.3375016738286063	-1.057696115165619	1.7382816738286064	7.568284564519457	8.843565303945088	0.804
548	-1.057696115165619	1.7382816738286064	0.576510884834381	1.3375016738286063	17.391874964549363	18.66715570397499	0.804
549	0.2804190281292058	1.7090645306814127	-1.3537879718707941	2.1098445306814124	14.884946001104845	16.160225198592972	0.804
550	-0.16041497276538932	0.9034437735343785	0.16332102723461067	0.40696377353437874	7.595860440581934	8.368951477115742	0.804
551	0.16332102723461067	0.40696377353437874	-0.16041497276538932	0.9034437735343785	16.931731612673662	17.70482264920747	0.804
552	1.3989906578573128	2.1390080678785455	1.7227266578573128	1.6425280678785457	12.516107590842385	13.289127531813676	0.804
553	0.07243556146262417	1.7895537222026021	0.7018865614626242	1.2160237222026022	7.028335306700895	7.920688685951793	0.804
554	0.7018865614626242	1.2160237222026022	0.07243556146262417	1.7895537222026021	17.781580740695688	18.673934119946587	0.804
555	0.011171580400306386	2.842290859921092	0.6406225804003065	2.268760859921092	15.762479751977008	16.65483431544404	0.804
556	-0.6217495976782165	1.0416035682280107	0.3395174023217835	-0.10731643177198924	7.6292754202819575	8.819488239358334	0.804
557	0.3395174023217835	-0.10731643177198924	-0.6217495976782165	1.0416035682280107	17.957876462119224	19.1480892811956	0.804
558	1.922775332007762	2.168086838309876	2.8840423320077617	1.0191668383098758	14.410957476972072	15.600814411730651	0.804
559	1.3900608711780569	1.898181118955984	1.7983028711780569	1.7092811189559842	7.801059879192599	8.508306066254493	0.804
560	1.7983028711780569	1.7092811189559842	1.3900608711780569	1.898181118955984	17.52080957071752	18.228055757779416	0.804
561	0.6578451422462586	3.6865931540255463	1.0660871422462586	3.497693154025547	15.895819804566052	16.603076000501765	0.804
562	-0.7101467244615763	3.439124484917974	-0.11362872446157635	2.491534484917974	7.3159524185937	8.331855647420692	0.804
563	-0.11362872446157635	2.491534484917974	-0.7101467244615763	3.439124484917974	17.653822408037374	18.669725636864367	0.804
564	0.7099395902937066	3.6599055366444526	1.3064575902937066	2.7123155366444527	13.937348795843588	14.95320436937444	0.804
565	1.1242812844432	1.3102323364156536	1.9649982844432	0.4974723364156537	7.640723263068341	8.679411505026003	0.804
566	1.9649982844432	0.4974723364156537	1.1242812844432	1.3102323364156536	16.987482982330338	18.026171224288	0.804
567	-0.06974329902133644	3.425142721793286	0.7709737009786636	2.6123827217932862	12.910533070325652	13.949311015837266	0.804
568	-0.07628592689808553	3.732361822973118	1.4529110731019146	2.872381822973118	6.980848464153702	8.28918965568268	0.804
569	1.4529110731019146	2.872381822973118	-0.07628592689808553	3.732361822973118	17.335648039500303	18.64398923102928	0.804
570	1.0443078192015576	1.0275298634851175	2.5735048192015575	0.1675498634851178	10.765895671660875	12.074154093931392	0.804
571	0.4257075921179129	2.2682521704014493	1.074421592117913	2.0259221704014494	7.054102832942581	7.873171505215155	0.804
572	1.074421592117913	2.0259221704014494	0.4257075921179129	2.2682521704014493	17.1614813630506	17.980550035323176	0.804
573	0.47272162109737714	3.696675798505533	1.121435621097377	3.4543457985055332	13.41534299885043	14.234411238299238	0.804
574	0.9430032552688816	2.5976303325907106	1.5917172552688816	2.3553003325907107	7.521532467965128	8.340594930826335	0.804
575	1.5917172552688816	2.3553003325907107	0.9430032552688816	2.5976303325907106	17.32862649370564	18.14768895656685	0.804
576	-0.2689963971925997	1.529827949898773	0.3797176028074003	1.287497949898773	15.47185937676837	16.290931378728168	0.804
577	0.5562948445159624	3.2559414340920796	2.1905018445159623	2.85516143409208	7.442815825914704	8.718084317669764	0.804
578	2.1905018445159623	2.85516143409208	0.5562948445159624	3.2559414340920796	17.472695699117107	18.747964190872167	0.804
579	-0.5934176712030862	1.5638271134931714	1.0407893287969139	1.1630471134931715	12.54249182470428	13.81777261672123	0.804
580	-0.6194190653565423	1.1352027582479718	0.2212979346434577	-0.655593241752028	7.6121941486784515	9.023705097344667	0.804
581	0.2212979346434577	-0.655593241752028	-0.6194190653565423	1.1352027582479718	16.555278306345873	17.96678925501209	0.804
582	-0.5369991101499235	1.8168978748474383	0.30371788985007653	0.026101874847438422	10.843200736509111	12.254714645588473	0.804
583	0.438379095696348	2.7722221984709714	2.3466160956963478	2.5882921984709717	6.424246236352785	7.8075486907383596	0.804
584	2.3466160956963478	2.5882921984709717	0.438379095696348	2.7722221984709714	17.885936644481014	19.26923909886659	0.804
585	-0.022744676179316664	1.7901698080863866	1.885492323820683	1.6062398080863869	15.256917129451306	16.640220910765017	0.804
