ID 		 Origin_X 			 Origin_Y 		 Destination_X 		 Destination_Y 		 E_time 			 L_time 			 Max_Walk
1	0.3912763093391757	3.2472362868027886	0.01597030933917576	2.5046962868027887	7.662672955369046	8.546017896415208	0.804
2	0.01597030933917576	2.5046962868027887	0.3912763093391757	3.2472362868027886	17.977555048019592	18.860899989065754	0.804
3	0.6885071728840685	1.493984688432547	0.31320117288406857	0.751444688432547	14.817239664716158	15.70057486757059	0.804
4	1.227984595689639	2.5490304829728614	1.1844945956896389	1.2311004829728616	8.367956587980576	9.475395906337615	0.804
5	1.1844945956896389	1.2311004829728616	1.227984595689639	2.5490304829728614	18.030741958063643	19.13818127642068	0.804
6	2.410251363299126	1.315238970637255	2.3667613632991262	-0.002691029362745123	11.308760539898714	12.41580705524356	0.804
7	1.2726178191416346	0.9230919855085156	1.5267578191416347	0.028941985508515566	8.037921288390692	8.96610483730382	0.804
8	1.5267578191416347	0.028941985508515566	1.2726178191416346	0.9230919855085156	17.716851828585266	18.645035377498395	0.804
9	2.468501158852479	3.57669068844973	2.722641158852479	2.6825406884497296	12.782603208476296	13.710498445220942	0.804
10	2.443882233107088	2.9827936620587723	1.847367233107088	2.6248836620587723	7.462383506858414	8.28284837677236	0.804
11	1.847367233107088	2.6248836620587723	2.443882233107088	2.9827936620587723	17.91852194618461	18.738986816098556	0.804
12	1.5083031403771376	1.0188463848242506	0.9117881403771375	0.6609363848242507	15.013174983806419	15.833680405202125	0.804
13	0.23880968467280705	1.2283603538821255	-0.16942931532719296	0.11176035388212546	7.550921288645228	8.598706682970242	0.804
14	-0.16942931532719296	0.11176035388212546	0.23880968467280705	1.2283603538821255	18.444909878248843	19.492695272573858	0.804
15	0.2990095194408493	2.312474083080893	-0.10922948055915072	1.1958740830808934	13.30809139475522	14.35587621496182	0.804
16	0.6415314987289731	3.983725406458924	0.4774914987289731	3.001955406458924	7.295698604211026	8.254303867938978	0.804
17	0.4774914987289731	3.001955406458924	0.6415314987289731	3.983725406458924	16.747560785712942	17.706166049440895	0.804
18	1.3374614273110856	3.5034321430411097	1.1734214273110857	2.5216621430411097	14.020144733991216	14.978664166471766	0.804
19	0.9488682682346998	1.05743941048144	0.7848282682346999	0.07566941048143994	7.1805878138069	8.13916328770776	0.804
20	0.7848282682346999	0.07566941048143994	0.9488682682346998	1.05743941048144	16.815909763488428	17.77448523738929	0.804
21	2.491512444030678	3.719693826979713	2.327472444030678	2.737923826979713	12.349771151186712	13.308003214487297	0.804
22	0.6205362885892326	1.0111092489252747	1.3910462885892327	0.01939924892527478	7.503075192120943	8.581659270501312	0.804
23	1.3910462885892327	0.01939924892527478	0.6205362885892326	1.0111092489252747	16.894406749255246	17.972990827635616	0.804
24	1.2063368592992871	1.8477082833045109	1.9768468592992872	0.8559982833045109	14.034249744757034	15.112750214102471	0.804
25	0.6815853588624251	0.9993771609339657	1.311035358862425	0.42958716093396565	7.471478729621664	8.362650669126282	0.804
26	1.311035358862425	0.42958716093396565	0.6815853588624251	0.9993771609339657	17.24778391130814	18.138955850812756	0.804
27	1.3204567578794286	1.6983417601887623	1.9499067578794287	1.1285517601887625	12.189036447295532	13.080163282427165	0.804
28	0.21403539573832653	2.66729547576981	0.049995395738326565	0.7074894757698101	8.175318197647302	9.581464289979573	0.804
29	0.049995395738326565	0.7074894757698101	0.21403539573832653	2.66729547576981	16.927095887617217	18.333241979949488	0.804
30	2.625242336705246	2.6082804928170873	2.461202336705246	0.6484744928170874	12.321855599322873	13.727117677801948	0.804
31	-0.27086010690209616	2.8924183057623036	-0.5765751069020962	2.9694683057623035	7.241234290290989	7.8864987149767805	0.804
32	-0.5765751069020962	2.9694683057623035	-0.27086010690209616	2.8924183057623036	17.570162337893652	18.215426762579444	0.804
33	0.45769950896294403	1.8769075596908438	0.15198450896294396	1.9539575596908438	14.64310245168798	15.288366990819421	0.804
34	0.6287151623764674	3.4132276145451916	0.32300016237646734	3.490277614545192	8.29550647445054	8.940770837157292	0.804
35	0.32300016237646734	3.490277614545192	0.6287151623764674	3.4132276145451916	17.235874562030233	17.881138924736984	0.804
36	-0.6563014771480506	0.9207134412743573	-0.9620164771480507	0.9977634412743573	15.475789517382534	16.12105331416072	0.804
37	0.0265966817940384	2.137730370820952	0.37767268179403835	2.4353703708209524	7.444517639774269	8.156586540980497	0.804
38	0.37767268179403835	2.4353703708209524	0.0265966817940384	2.137730370820952	17.58796142909583	18.300030330302057	0.804
39	0.7919867941219132	1.041881244056461	1.1430627941219131	1.339521244056461	11.033627182399433	11.745683991932188	0.804
40	-0.37437559188918046	2.295254328350103	-0.023299591889180515	2.592894328350103	7.675466130920365	8.387535049983917	0.804
41	-0.023299591889180515	2.592894328350103	-0.37437559188918046	2.295254328350103	17.3331370152036	18.045205934267152	0.804
42	0.5454824024634332	0.3399259200575948	0.8965584024634331	0.6375659200575947	14.967213678346656	15.679276109570411	0.804
43	0.6205483157266115	3.228771167982182	0.9716243157266115	3.526411167982182	8.281386519413694	8.993447412491037	0.804
44	0.9716243157266115	3.526411167982182	0.6205483157266115	3.228771167982182	17.083699222192237	17.79576011526958	0.804
45	1.9081613854454589	0.5236015988606262	2.259237385445459	0.8212415988606261	13.999762932793335	14.71177375690586	0.804
46	0.3884615192062904	0.22415575548257638	0.7202775192062902	-0.3512342445174237	6.621943288521551	7.427970734656209	0.804
47	0.7202775192062902	-0.3512342445174237	0.3884615192062904	0.22415575548257638	17.6892115029077	18.49523894904236	0.804
48	1.0755090200998259	0.6243865028831914	1.4073250200998257	0.04899650288319135	14.472315081785297	15.27829937338689	0.804
49	0.12340000353788738	2.6095373116522227	0.45521600353788727	2.034147311652222	7.537780823146459	8.343816091612348	0.804
50	0.45521600353788727	2.034147311652222	0.12340000353788738	2.6095373116522227	16.725048070042014	17.531083338507905	0.804
51	-0.682026106214803	1.9740931412693814	-0.3502101062148031	1.3987031412693813	13.826175892573508	14.632204771023554	0.804
52	0.3499809208312843	0.8794627083072426	0.9794269208312842	0.7278527083072426	6.422942674505269	7.221256249302839	0.804
53	0.9794269208312842	0.7278527083072426	0.3499809208312843	0.8794627083072426	16.08586124986643	16.884174824664	0.804
54	0.9377267133948217	2.085936254638598	1.5671727133948217	1.934326254638598	10.602686824347652	11.400997592309349	0.804
55	1.4327974831049786	2.0302978682337534	2.0622434831049787	1.8786878682337536	7.840700253452978	8.639007322755322	0.804
56	2.0622434831049787	1.8786878682337536	1.4327974831049786	2.0302978682337534	17.475669029643193	18.273976098945536	0.804
57	1.7765288130606955	1.2956601662892973	2.4059748130606957	1.1440501662892975	13.283683023967834	14.081986808137222	0.804
58	2.1104050215133663	2.1322874243098155	2.512431021513366	0.7422804243098158	6.935528562865144	8.101729423502135	0.804
59	2.512431021513366	0.7422804243098158	2.1104050215133663	2.1322874243098155	17.323716146220463	18.489917006857453	0.804
60	-0.4064261550493038	1.0076294685932252	-0.0044001550493038	-0.38237753140677466	15.6838934045832	16.850590895588315	0.804
61	0.2709319493553236	0.22972610303707497	0.04972294935532351	0.614356103037075	7.438338763815674	8.14277727827908	0.804
62	0.04972294935532351	0.614356103037075	0.2709319493553236	0.22972610303707497	17.1468846132845	17.851323127747907	0.804
63	0.8525264376424945	3.07431105500044	0.6313174376424944	3.45894105500044	11.176129593387605	11.880555829887566	0.804
64	1.292290276150527	2.5850648381388157	1.259357276150527	2.2110048381388157	7.621922598635147	8.294896869814632	0.804
65	1.259357276150527	2.2110048381388157	1.292290276150527	2.5850648381388157	17.614341780995375	18.28731605217486	0.804
66	2.2176606076536762	1.628591362059283	2.1847276076536764	1.2545313620592828	11.072295852292488	11.74518600124716	0.804
67	-0.03563310608004333	1.583161554420931	0.17563289391995662	1.343931554420931	8.222723294019556	8.86977873793469	0.804
68	0.17563289391995662	1.343931554420931	-0.03563310608004333	1.583161554420931	17.69801443483651	18.345069878751644	0.804
69	1.4864356832806662	0.4051312397095861	1.6977016832806662	0.16590123970958603	10.776884501201627	11.423908115197277	0.804
70	0.3999034404146108	1.032286962711906	0.6111694404146107	0.793056962711906	6.726334637957057	7.373386927537069	0.804
71	0.6111694404146107	0.793056962711906	0.3999034404146108	1.032286962711906	17.22637766419774	17.87342995377775	0.804
72	0.09739307344089332	2.920697491900592	0.3086590734408933	2.681467491900592	13.507634294459871	14.154689281332045	0.804
73	0.7966334499647346	1.909509617671717	1.6963794499647347	1.6230596176717171	7.158760312434915	8.09381584099728	0.804
74	1.6963794499647347	1.6230596176717171	0.7966334499647346	1.909509617671717	17.932636274932374	18.86769180349474	0.804
75	1.5483981293672375	3.4457242463551143	2.4481441293672375	3.159274246355114	13.234501203339324	14.169541863411306	0.804
76	-0.03294206375390585	2.2086524590494263	1.112873936246094	1.9594824590494262	7.392089596972112	8.432367720682441	0.804
77	1.112873936246094	1.9594824590494262	-0.03294206375390585	2.2086524590494263	17.730981357113585	18.771259480823915	0.804
78	0.4823696657790567	0.8589832259651619	1.6281856657790565	0.609813225965162	14.179644768999283	15.219919838452629	0.804
79	1.3929604646253577	0.6078465166440878	1.4122234646253577	0.9390465166440878	7.375820412587357	8.028634828157717	0.804
80	1.4122234646253577	0.9390465166440878	1.3929604646253577	0.6078465166440878	17.9189948021779	18.57180921774826	0.804
81	0.5749329936824031	2.159095274928856	0.5941959936824031	2.490295274928856	10.777757256602383	11.430609388344486	0.804
82	1.161008156774799	1.0918749001907306	1.1802711567747988	1.4230749001907306	8.084427573378637	8.737255837163287	0.804
83	1.1802711567747988	1.4230749001907306	1.161008156774799	1.0918749001907306	17.255255495446416	17.908083759231065	0.804
84	1.8797742165827278	1.39646270354284	1.8990372165827276	1.72766270354284	13.923985627076341	14.57676286224639	0.804
85	2.05856816516861	1.6298172627392968	2.7166041651686097	1.7770872627392968	6.878150714481435	7.6888317159785275	0.804
86	2.7166041651686097	1.7770872627392968	2.05856816516861	1.6298172627392968	16.85291216101621	17.6635931625133	0.804
87	0.9372475839953437	0.8082274213510312	1.5952835839953434	0.9554974213510312	13.664612113881336	14.475302356853794	0.804
88	-0.43817011750334234	2.5012965002950853	0.5665858824966576	2.6740465002950855	7.935536833612368	8.905276042944557	0.804
89	0.5665858824966576	2.6740465002950855	-0.43817011750334234	2.5012965002950853	16.902403500139837	17.872142709472026	0.804
90	0.08061259907812512	3.3430182063080447	1.0853685990781252	3.515768206308045	13.18378885728274	14.153527376890597	0.804
91	1.050643348405409	1.0765487539171743	1.261909348405409	-0.14071724608282554	7.639237185466118	8.708370725732859	0.804
92	1.261909348405409	-0.14071724608282554	1.050643348405409	1.0765487539171743	16.623251308924456	17.692384849191196	0.804
93	-0.3273526400299136	2.909379027194437	-0.11608664002991365	1.692113027194437	14.18028801144433	15.24952994209887	0.804
94	1.1362802916682437	0.3517870072512581	1.3475462916682437	-0.8654789927487418	7.715888202174537	8.785004457658538	0.804
95	1.3475462916682437	-0.8654789927487418	1.1362802916682437	0.3517870072512581	17.451698814614886	18.520815070098887	0.804
96	0.8628693651696047	3.3590363702910566	1.0741353651696046	2.1417703702910567	15.262121424575083	16.33128854444976	0.804
97	1.9828896220258307	2.2338391957810044	1.6510736220258309	2.8092291957810045	7.664501725014382	8.470424454239597	0.804
98	1.6510736220258309	2.8092291957810045	1.9828896220258307	2.2338391957810044	16.9050857954964	17.711008524721617	0.804
99	1.9851370337103822	1.5114283863684193	1.6533210337103823	2.086818386368419	12.556469971563335	13.362392415013197	0.804
100	2.719595771011901	0.3762330121640378	2.719595771011901	0.3762330121640378	6.615050753881261	7.115050753881261	0.804
101	2.719595771011901	0.3762330121640378	2.719595771011901	0.3762330121640378	17.922553533372152	18.422553533372152	0.804
102	2.6696751379482384	1.4304999069051758	2.6696751379482384	1.4304999069051758	13.554774989362564	14.054774989362564	0.804
103	0.8628104997056836	2.657935146823493	0.8628104997056836	2.657935146823493	6.300442875713611	6.800442875713611	0.804
104	0.8628104997056836	2.657935146823493	0.8628104997056836	2.657935146823493	17.524562186201464	18.024562186201464	0.804
105	1.2210869794995745	-0.06681395347365293	1.2210869794995745	-0.06681395347365293	15.95528401993832	16.45528401993832	0.804
106	-0.3549145540024754	1.3176826108910542	0.7399454459975248	1.4705426108910542	8.43021089028683	9.439566218147547	0.804
107	0.7399454459975248	1.4705426108910542	-0.3549145540024754	1.3176826108910542	17.5495632977079	18.558918625568616	0.804
108	2.5026580097819497	0.5493068894789431	3.5975180097819495	0.7021668894789431	15.840648514978033	16.849990110512557	0.804
109	0.5816041082364793	0.5248652097838904	1.6764641082364795	0.6777252097838904	8.144688617463343	9.154042109623289	0.804
110	1.6764641082364795	0.6777252097838904	0.5816041082364793	0.5248652097838904	17.325691791387417	18.335045283547363	0.804
111	0.9095627595185817	2.0115092227100204	2.0044227595185817	2.16436922271002	15.80471848687625	16.81407072137559	0.804
112	2.129564845344714	0.438813520578182	2.199774845344714	-0.3758034794218179	7.350023587885343	8.226487343137702	0.804
113	2.199774845344714	-0.3758034794218179	2.129564845344714	0.438813520578182	16.885046312112785	17.761510067365144	0.804
114	0.5143238938463266	2.7076462521983267	0.5845338938463267	1.8930292521983265	11.139884005886099	12.016597425020676	0.804
115	0.9262545360269396	-0.1150568998912338	0.3732295360269397	0.8449631001087663	7.108732389565706	8.119183900584478	0.804
116	0.3732295360269397	0.8449631001087663	0.9262545360269396	-0.1150568998912338	16.99598145428502	18.00643296530379	0.804
117	0.5351226858788273	0.4737526583698394	-0.017902314121172713	1.4337726583698394	14.203947966134931	15.214420218434334	0.804
118	0.7235518532633047	2.8887736482707247	1.1659618532633047	3.9084436482707248	7.750808444137622	8.762882765168118	0.804
119	1.1659618532633047	3.9084436482707248	0.7235518532633047	2.8887736482707247	17.081230951458128	18.093305272488625	0.804
120	0.048437314869509196	0.01889588291184463	0.49084731486950917	1.0385658829118447	11.814506306480583	12.826634447191545	0.804
121	2.273844546339446	2.297401356160235	1.909095546339446	2.498731356160235	7.5704521485421665	8.262383981379237	0.804
122	1.909095546339446	2.498731356160235	2.273844546339446	2.297401356160235	18.083083633569228	18.7750154664063	0.804
123	-0.5073905064423456	1.3400761582641771	-0.8721395064423456	1.5414061582641772	10.987707351729842	11.679665791156804	0.804
124	-0.10374980603704831	2.354394701662695	-0.22429980603704824	2.690554701662695	7.825950458032195	8.490495530144255	0.804
125	-0.22429980603704824	2.690554701662695	-0.10374980603704831	2.354394701662695	17.705391768413364	18.369936840525423	0.804
126	1.0987512699622068	1.036207605652006	0.9782012699622069	1.372367605652006	14.667563317317434	15.332085039932398	0.804
127	-0.44286187422850487	0.888702545238264	-0.5634118742285048	1.224862545238264	8.261655233104193	8.92619528129415	0.804
128	-0.5634118742285048	1.224862545238264	-0.44286187422850487	0.888702545238264	18.168363306683172	18.832903354873128	0.804
129	0.1278852060307103	1.0387219772725789	0.007335206030710362	1.3748819772725789	14.741870856437655	15.406416424478415	0.804
130	2.05123343677091	0.327697438541108	2.6191634367709096	0.6166374385411082	8.117894220850738	8.911439688191278	0.804
131	2.6191634367709096	0.6166374385411082	2.05123343677091	0.327697438541108	17.696551292575823	18.490096759916362	0.804
132	2.0397942762220262	1.3025602495092214	2.607724276222026	1.5915002495092216	10.190266541506206	10.983812498419645	0.804
133	0.6881535906061862	-0.16293166597055642	1.5021535906061863	0.16328833402944376	7.358771566290572	8.262813509317173	0.804
134	1.5021535906061863	0.16328833402944376	0.6881535906061862	-0.16293166597055642	16.615883387393154	17.519925330419756	0.804
135	-0.4170428311151133	1.5795196390490926	0.39695716888488675	1.9057396390490928	12.92812869046579	13.832180845971394	0.804
136	1.779263065331075	2.826752359401091	1.466710065331075	3.7333423594010915	8.14606810435114	9.087752868650263	0.804
137	1.466710065331075	3.7333423594010915	1.779263065331075	2.826752359401091	17.073004964877622	18.014689729176744	0.804
138	-0.4433850350643327	1.3282175388413315	-0.7559380350643327	2.2348075388413315	12.391847227732278	13.333668787337368	0.804
139	1.1035735723691256	0.09979573688971133	1.7765135723691257	0.8479357368897114	7.73968941464298	8.70324726009068	0.804
140	1.7765135723691257	0.8479357368897114	1.1035735723691256	0.09979573688971133	17.130095981409447	18.093653826857146	0.804
141	-0.3730071629528675	1.7157157612417744	0.2999328370471326	2.463855761241774	11.801471792380148	12.765110526124294	0.804
142	2.0200914417700386	0.9743112748470321	2.6930314417700387	1.7224512748470322	7.475194305391074	8.438616379828403	0.804
143	2.6930314417700387	1.7224512748470322	2.0200914417700386	0.9743112748470321	18.260481701045244	19.223903775482572	0.804
144	-0.3394418423154526	0.39131897028442375	0.3334981576845475	1.1394589702844238	15.394011643720052	16.35765042923138	0.804
145	0.28708596878128234	2.46942540805735	0.9600259687812824	3.21756540805735	7.337478615478997	8.301102223546103	0.804
146	0.9600259687812824	3.21756540805735	0.28708596878128234	2.46942540805735	17.624436499051892	18.588060107119	0.804
147	1.6108085715063025	-0.33019990123059695	2.283748571506303	0.4179400987694031	11.907012509800404	12.870503307852653	0.804
148	0.957105591255407	1.97579427836934	0.836555591255407	1.3339182783693402	7.868954511544424	8.669837288243922	0.804
149	0.836555591255407	1.3339182783693402	0.957105591255407	1.97579427836934	18.093747950595088	18.894630727294587	0.804
150	0.11407681897083366	1.542919635585479	-0.006473181029166275	0.9010436355854792	14.81538008102881	15.616298336546349	0.804
151	1.8493099571083411	2.838522948371699	0.11691895710834099	3.3381029483716995	7.787589107711336	9.11831277228908	0.804
152	0.11691895710834099	3.3381029483716995	1.8493099571083411	2.838522948371699	17.908902338149304	19.239626002727046	0.804
153	2.608970784403355	0.8923610220364856	0.8765797844033548	1.3919410220364856	15.074003235622147	16.4047067886911	0.804
154	2.6418000521730822	0.3681557213040305	1.2151240521730824	0.7906857213040306	7.573322986354339	8.758862015864059	0.804
155	1.2151240521730824	0.7906857213040306	2.6418000521730822	0.3681557213040305	17.396308923687098	18.581847953196817	0.804
156	1.3013367210754967	0.4959849373551821	-0.12533927892450325	0.9185149373551822	10.163270441185759	11.348837866366406	0.804
157	2.1105012501156533	-0.18956041471487706	0.6838252501156532	0.23296958528512302	6.224249040304006	7.409802941239696	0.804
158	0.6838252501156532	0.23296958528512302	2.1105012501156533	-0.18956041471487706	17.499663203320065	18.685217104255756	0.804
159	2.6744483853412744	0.6189382120663978	1.247772385341274	1.0414682120663978	12.395723940435815	13.581261901321726	0.804
160	1.2240009002711658	1.4516433865192981	0.1484009002711657	2.171813386519298	7.813171083850639	8.909572672872924	0.804
161	0.1484009002711657	2.171813386519298	1.2240009002711658	1.4516433865192981	17.26583459721957	18.362236186241855	0.804
162	1.1878213603029093	1.9866431653381518	0.11222136030290919	2.7068131653381515	11.184836881351373	12.28123982971917	0.804
163	1.8579130777092248	2.6729993050210727	0.7823130777092246	3.3931693050210727	8.071261335219395	9.167627166391526	0.804
164	0.7823130777092246	3.3931693050210727	1.8579130777092248	2.6729993050210727	16.94996985075058	18.04633568192271	0.804
165	1.9039541454177107	1.4430319656521915	0.8283541454177106	2.1632019656521915	14.885437728636841	15.981800082920639	0.804
166	3.773322075779328	1.3797656007210009	2.976092075779328	1.650685600721001	8.088031938728317	8.97592057668765	0.804
167	2.976092075779328	1.650685600721001	3.773322075779328	1.3797656007210009	16.305078665998952	17.192967303958284	0.804
168	1.7969118746784218	0.6166857594603459	0.9996818746784216	0.8876057594603459	10.228896076319959	11.116842351558985	0.804
169	1.5555611327389323	0.1014128538330259	0.758331132738932	0.37233285383302595	7.128542993355775	8.016493040183876	0.804
170	0.758331132738932	0.37233285383302595	1.5555611327389323	0.1014128538330259	16.15184400334965	17.039794050177754	0.804
171	3.850029433014843	0.9842576783294785	3.0527994330148425	1.2551776783294786	12.457607585509885	13.345493027222972	0.804
172	2.8535619572768	1.9359981854879946	2.0563319572768	2.2069181854879947	7.441355999425319	8.32927738549139	0.804
173	2.0563319572768	2.2069181854879947	2.8535619572768	1.9359981854879946	18.076102174383077	18.96402356044915	0.804
174	1.0892536608018863	2.13799258138243	0.29202366080188624	2.4089125813824297	10.193151283790362	11.081106600251955	0.804
175	3.995785521853246	1.61781667585946	3.995785521853246	1.61781667585946	7.882074571219897	8.382074571219897	0.804
176	3.995785521853246	1.61781667585946	3.995785521853246	1.61781667585946	17.00202298556441	17.50202298556441	0.804
177	1.2839840801514557	2.6729848000542775	1.2839840801514557	2.6729848000542775	11.166658056849416	11.666658056849416	0.804
178	3.43786834486147	2.2087455030754484	2.4132183448614697	1.2412685030754482	7.875480019883108	9.02438585361995	0.804
179	2.4132183448614697	1.2412685030754482	3.43786834486147	2.2087455030754484	17.116710651119543	18.265616484856388	0.804
180	1.3896867706547298	2.155577556761932	0.3650367706547297	1.1881005567619323	13.514934488658188	14.664203191248301	0.804
181	3.539323154827278	0.7380466652213097	3.612023154827278	-0.1275253347786902	6.964900932259009	7.864348418574622	0.804
182	3.612023154827278	-0.1275253347786902	3.539323154827278	0.7380466652213097	16.72540432283922	17.624851809154833	0.804
183	2.4258169935176026	1.1767939738153559	2.4985169935176024	0.3112219738153559	13.717048962709947	14.616903212811774	0.804
184	2.2338168205850866	2.0641127778779866	0.5859318205850864	2.8712727778779863	7.639545137581672	8.98495184609774	0.804
185	0.5859318205850864	2.8712727778779863	2.2338168205850866	2.0641127778779866	17.286448311988156	18.631855020504226	0.804
186	1.7315185157891206	0.6850122828324732	0.0836335157891206	1.4921722828324733	14.382228643478603	15.727664353922089	0.804
187	3.064949861332371	0.6288248052936136	2.4124998613323707	1.4956348052936137	7.874894605776254	8.87441099624972	0.804
188	2.4124998613323707	1.4956348052936137	3.064949861332371	0.6288248052936136	17.37632879588175	18.375845186355217	0.804
189	2.9180554533624563	0.6409207319055693	2.2656054533624563	1.5077307319055695	13.718314236199403	14.717868655703066	0.804
190	1.4077202525200905	0.39034743308030095	-0.05188874747990979	0.43881743308030097	7.359345579493852	8.532238876279466	0.804
191	-0.05188874747990979	0.43881743308030097	1.4077202525200905	0.39034743308030095	17.356499555292338	18.52939285207795	0.804
192	1.2276815918269268	0.3901178852651177	-0.23192740817307334	0.4385878852651177	12.896453480477689	14.069346801162194	0.804
193	1.361935801209357	2.188416094417007	0.146525801209357	2.371716094417007	7.411734490530088	8.478072600485284	0.804
194	0.146525801209357	2.371716094417007	1.361935801209357	2.188416094417007	17.99041820015422	19.056756310109417	0.804
195	0.8462674758250306	2.2296171704730563	-0.3691425241749695	2.4129171704730563	10.82004498036142	11.886384072401254	0.804
196	3.4729885966098673	1.0714815786549896	2.257578596609867	1.2547815786549896	7.28981043765704	8.356133901732676	0.804
197	2.257578596609867	1.2547815786549896	3.4729885966098673	1.0714815786549896	17.623752328908342	18.69007579298398	0.804
198	2.915953178288953	0.09293734690520505	1.7005431782889526	0.2762373469052051	14.86718312076098	15.933512105986006	0.804
199	3.2107414798225498	1.430883659296094	1.9953314798225499	1.614183659296094	7.323082261736429	8.389408472829373	0.804
200	1.9953314798225499	1.614183659296094	3.2107414798225498	1.430883659296094	17.383018650192582	18.449344861285528	0.804
201	1.575064780359463	2.9298684140199693	0.35965478035946286	3.1131684140199694	15.789944008456967	16.85628141460464	0.804
202	2.5677955592361004	0.08791161197158504	2.0408655592361002	0.22399161197158524	7.892758414997995	8.643496942432566	0.804
203	2.0408655592361002	0.22399161197158524	2.5677955592361004	0.08791161197158504	16.659909938690163	17.410648466124734	0.804
204	1.7236645536752377	2.3726542606929595	1.1967345536752376	2.5087342606929597	15.021385124467447	15.772131234625371	0.804
205	3.3741263415276226	0.3619851544547428	3.093266341527622	0.535345154454743	7.580337543398987	8.232345154841905	0.804
206	3.093266341527622	0.535345154454743	3.3741263415276226	0.3619851544547428	16.90479163998735	17.556799251430267	0.804
207	3.659815949500728	1.3457450154105235	3.3789559495007278	1.5191050154105237	12.078820969410799	12.730816275153595	0.804
208	1.6718957496878448	0.3197625118776095	1.3910357496878447	0.4931225118776097	7.607114079327697	8.259173470227783	0.804
209	1.3910357496878447	0.4931225118776097	1.6718957496878448	0.3197625118776095	17.126395031240527	17.778454422140616	0.804
210	3.8055853148717036	1.6271574394357475	3.524725314871703	1.8005174394357477	10.244546927517092	10.896535554883709	0.804
211	2.079535748790094	2.45803676878937	1.7986757487900935	2.6313967687893696	7.581118785676451	8.233169140631926	0.804
212	1.7986757487900935	2.6313967687893696	2.079535748790094	2.45803676878937	17.27885480967347	17.930905164628943	0.804
213	3.954275524543827	1.1759380784380509	3.6734155245438274	1.349298078438051	10.93799443543278	11.589975972642065	0.804
214	0.593593422345976	1.60037976716973	-0.8138195776540241	2.3541097671697297	6.8954609843017245	8.13106806947391	0.804
215	-0.8138195776540241	2.3541097671697297	0.593593422345976	1.60037976716973	17.254310020247683	18.489917105419867	0.804
216	1.8813220216208648	2.5127424130719875	0.47390902162086473	3.2664724130719875	10.705062377853775	11.94063513547508	0.804
217	1.0802833508491032	2.3771200571170463	0.311643350849103	2.946920057117046	7.603635518386061	8.544476725068849	0.804
218	0.311643350849103	2.946920057117046	1.0802833508491032	2.3771200571170463	17.92731686823824	18.868158074921027	0.804
219	1.4560898714149526	1.6563789852891897	0.6874498714149524	2.22617898528919	10.274435506731917	11.215260895047846	0.804
220	1.7056864913951788	2.6157869103000486	1.2837664913951787	3.211066910300049	7.382918718387919	8.219027684114891	0.804
221	1.2837664913951787	3.211066910300049	1.7056864913951788	2.6157869103000486	18.029260185273785	18.865369151000756	0.804
222	3.2983100897731656	1.6365347680430529	2.8763900897731656	2.231814768043053	14.332685700277477	15.168546093559383	0.804
223	2.1292981872174965	2.8701064494678152	1.9814081872174962	3.6822364494678155	6.643811179748044	7.523921173184691	0.804
224	1.9814081872174962	3.6822364494678155	2.1292981872174965	2.8701064494678152	17.953019751783422	18.83312974522007	0.804
225	2.9968770135532123	0.9215257459203802	2.848987013553212	1.7336557459203803	13.189709767648246	14.069577669927737	0.804
226	1.6102586225408042	1.7234631828810807	1.462368622540804	2.535593182881081	7.914148530539668	8.794363034849077	0.804
227	1.462368622540804	2.535593182881081	1.6102586225408042	1.7234631828810807	18.119940035274368	19.000154539583775	0.804
228	3.906119148021352	1.1886957066658155	3.7582291480213517	2.0008257066658155	14.004960711059281	14.88448444142266	0.804
229	0.8962223169066563	1.00406862658581	0.09216631690665644	2.5345066265858103	6.966101530070721	8.262626652805803	0.804
230	0.09216631690665644	2.5345066265858103	0.8962223169066563	1.00406862658581	17.289311697060306	18.58583681979539	0.804
231	0.7191154358547481	1.3218390331541217	-0.08494056414525175	2.8522770331541216	10.744454661506916	12.040993446604796	0.804
232	2.639620829442907	-0.0189375228813376	2.1866408294429074	1.8091404771186623	7.665537201784152	9.032580063339214	0.804
233	2.1866408294429074	1.8091404771186623	2.639620829442907	-0.0189375228813376	17.724462469775382	19.091505331330445	0.804
234	1.5073351259410979	2.0411263828714747	1.054355125941098	3.869204382871475	12.855816702803956	14.223380334635225	0.804
235	0.5519204725757589	-0.759033799086382	0.098940472575759	1.0690442009136178	7.941959387688314	9.309714128936688	0.804
236	0.098940472575759	1.0690442009136178	0.5519204725757589	-0.759033799086382	18.113316812413856	19.481071553662233	0.804
237	0.1200991081659959	0.6159870752935761	-0.33288089183400404	2.444065075293576	13.734177067524577	15.101943588031261	0.804
238	1.6285682932390293	0.9797746957937519	1.1563282932390293	1.9348226957937518	6.940294681160884	7.931076677993798	0.804
239	1.1563282932390293	1.9348226957937518	1.6285682932390293	0.9797746957937519	17.91926439207112	18.910046388904036	0.804
240	3.1656137706912424	0.8089278073975977	2.6933737706912426	1.7639758073975975	15.374359064339995	16.36474210937915	0.804
241	0.889019774978197	1.3756512407950354	0.41677977497819696	2.3306992407950355	8.697688396776355	9.68856126593644	0.804
242	0.41677977497819696	2.3306992407950355	0.889019774978197	1.3756512407950354	16.331382109430553	17.32225497859064	0.804
243	0.7562514669203648	1.366271948069262	0.28401146692036483	2.321319948069262	13.389745622830894	14.380627848869565	0.804
244	2.691410425611239	0.3356258635783816	2.219170425611239	1.2906738635783814	7.339160937041357	8.329697308132738	0.804
245	2.219170425611239	1.2906738635783814	2.691410425611239	0.3356258635783816	18.074589318196423	19.065125689287804	0.804
246	0.9506272984322386	0.8145659974066781	0.4783872984322386	1.769613997406678	10.001294165876967	10.992161973827002	0.804
247	1.6321403612204068	-0.6132439234091467	1.230110361220407	-0.4728129234091467	7.750617665007782	8.446824047464153	0.804
248	1.230110361220407	-0.4728129234091467	1.6321403612204068	-0.6132439234091467	17.394113411721232	18.090319794177603	0.804
249	1.9582659436047023	0.18900514720198758	1.5562359436047024	0.32943614720198755	15.726467536762339	16.422670541575165	0.804
250	2.798902455949862	-0.0604929915983527	1.7736374559498622	1.8545750084016472	7.903914114254866	9.404158553562944	0.804
251	1.7736374559498622	1.8545750084016472	2.798902455949862	-0.0604929915983527	18.320357060908535	19.82060150021661	0.804
252	1.0293570618966983	-0.46992983984242553	0.004092061896698307	1.4451381601575743	10.422118508974318	11.922950580273291	0.804
253	0.6471489062569724	1.5357300150336288	-0.18984009374302757	2.6921080150336287	7.1059060492679125	8.26362775527182	0.804
254	-0.18984009374302757	2.6921080150336287	0.6471489062569724	1.5357300150336288	17.705097983966663	18.86281968997057	0.804
255	1.9723811412540755	1.1276702105649226	1.1353921412540755	2.2840482105649222	12.17510138596316	13.332667807798611	0.804
256	0.9325062306799607	-0.9438486676594118	0.09551723067996076	0.21252933234058813	7.344777906317918	8.502485679904813	0.804
257	0.09551723067996076	0.21252933234058813	0.9325062306799607	-0.9438486676594118	17.979027900720798	19.136735674307694	0.804
258	1.7818273458650273	-0.6080777647062422	0.9448383458650274	0.5483002352937577	12.740917922292907	13.898520881885993	0.804
259	2.523454663066409	-1.1103333226896606	1.9306646630664093	0.18087467731033935	7.393105236742613	8.547326802749772	0.804
260	1.9306646630664093	0.18087467731033935	2.523454663066409	-1.1103333226896606	17.650743303029166	18.804964869036326	0.804
261	0.814618387230262	-1.0011405046666786	0.2218283872302621	0.2900674953333213	14.298968653554487	15.45357648691219	0.804
262	1.9232577935529374	1.1008873628863913	2.0189477935529374	2.344875362886391	7.311521099247318	8.386050235893311	0.804
263	2.0189477935529374	2.344875362886391	1.9232577935529374	1.1008873628863913	17.340823335364103	18.415352472010095	0.804
264	0.8876498190392371	1.2346493725783794	0.9833398190392372	2.4786373725783797	13.678999947080355	14.75379106752474	0.804
265	2.3603093570117455	-0.6037343324567472	2.7020693570117453	0.6775336675432528	7.113691699492218	8.224125724495785	0.804
266	2.7020693570117453	0.6775336675432528	2.3603093570117455	-0.6037343324567472	17.777999370500364	18.88843339550393	0.804
267	1.9524965460260961	1.0066056506713816	2.294256546026096	2.2878736506713815	14.671754759296034	15.78235364885865	0.804
268	0.4179061967323747	1.0054660399800839	0.4297161967323748	1.685870039980084	7.584082598622827	8.397621030662695	0.804
269	0.4297161967323748	1.685870039980084	0.4179061967323747	1.0054660399800839	17.081611384162166	17.895149816202032	0.804
270	0.5047555754217941	-0.9480368416514411	0.5165655754217942	-0.2676328416514411	15.3638228690073	16.17735742642171	0.804
271	1.224440896085003	1.9974196688079369	0.4396478960850032	3.859057668807937	7.435348825800755	8.866121515437301	0.804
272	0.4396478960850032	3.859057668807937	1.224440896085003	1.9974196688079369	17.795967541177927	19.226740230814475	0.804
273	2.4798472634725033	0.7054148695089005	1.6950542634725032	2.5670528695089003	15.823760598690658	17.254092087395712	0.804
274	2.258168548106692	0.7406857854462537	2.112148548106692	2.418393785446254	7.104889053448634	8.380264078040318	0.804
275	2.112148548106692	2.418393785446254	2.258168548106692	0.7406857854462537	17.429921242837956	18.70529626742964	0.804
276	0.2521941756027162	0.6073919312853318	0.10617417560271614	2.2850999312853317	13.99886740140557	15.274798696438262	0.804
277	2.2708234023221303	0.1290498656959308	2.47152340232213	1.8322378656959306	7.317496104537777	8.607011000557959	0.804
278	2.47152340232213	1.8322378656959306	2.2708234023221303	0.1290498656959308	16.797145088930797	18.08665998495098	0.804
279	1.7953150507459628	-0.56893503713792	1.9960150507459629	1.1342529628620799	14.218978622700089	15.508734317784558	0.804
280	2.478085411160592	1.0024991406129065	2.6787854111605918	2.7056871406129064	7.903354996390964	9.192748148868517	0.804
281	2.6787854111605918	2.7056871406129064	2.478085411160592	1.0024991406129065	16.755420591782613	18.044813744260168	0.804
282	2.9935896365255834	-0.8611370794934647	3.1942896365255837	0.8420509205065352	15.986973451806195	17.2760196221229	0.804
283	2.7624730914255675	-0.7546105823174847	2.1696830914255676	-0.4414385823174847	7.154803234372856	7.963644846333965	0.804
284	2.1696830914255676	-0.4414385823174847	2.7624730914255675	-0.7546105823174847	18.133939562916996	18.942781174878107	0.804
285	1.8012384836597481	-1.0420550718928736	1.2084484836597482	-0.7288830718928736	13.588447613319042	14.397328384088263	0.804
286	1.743349501252087	-0.8068378403792125	2.218079501252087	1.1132001596207877	7.667751665493499	9.078543798896385	0.804
287	2.218079501252087	1.1132001596207877	1.743349501252087	-0.8068378403792125	18.35546304240157	19.766255175804456	0.804
288	2.3192649514556103	1.3140909309401219	2.79399495145561	3.234128930940122	14.578257515241155	15.988707911642093	0.804
289	2.607544212976896	0.3285058515595899	1.1081682129768962	1.6166078515595899	7.8245818569033645	9.235141722991235	0.804
290	1.1081682129768962	1.6166078515595899	2.607544212976896	0.3285058515595899	17.251775613492782	18.66233547958065	0.804
291	3.07594760479542	0.6133168419130247	1.5765716047954204	1.9014188419130247	13.625891994128096	15.036336465566068	0.804
292	1.0453390665815443	1.4763613933657016	-0.10296093341845558	3.0621033933657014	7.6126264589816826	9.014685700820243	0.804
293	-0.10296093341845558	3.0621033933657014	1.0453390665815443	1.4763613933657016	17.241025867096415	18.643085108934976	0.804
294	2.2183425657889844	2.069986896568727	1.0700425657889845	3.6557288965687267	12.237540463343025	13.639376057108688	0.804
295	0.7727064368768828	-0.16260999937417564	-0.39485356312311715	0.5501020006258243	7.106261107520906	8.23652519696401	0.804
296	-0.39485356312311715	0.5501020006258243	0.7727064368768828	-0.16260999937417564	17.371140435048584	18.501404524491686	0.804
297	1.8895884325045214	1.0987785882291303	0.7220284325045214	1.8114905882291303	12.458403973195217	13.588624559916415	0.804
298	3.3181070809045794	-0.5668796145959009	2.4481770809045793	0.5696123854040991	7.7039127602781825	8.862825047500213	0.804
299	2.4481770809045793	0.5696123854040991	3.3181070809045794	-0.5668796145959009	17.299875732124512	18.458788019346542	0.804
300	0.8946977525154378	1.0278310211500075	0.024767752515437946	2.1643230211500075	11.452151302757406	12.611576455563755	0.804
301	2.0736278132614574	-0.6249899403577054	0.3530428132614575	1.0477420596422946	7.820321541967917	9.425844456531125	0.804
302	0.3530428132614575	1.0477420596422946	2.0736278132614574	-0.6249899403577054	18.290695598454633	19.896218513017843	0.804
303	3.7456718920955074	0.6005466923005892	2.0250868920955076	2.273278692300589	11.222138814723287	12.827101172071274	0.804
304	2.8157243820849645	0.3266199233884014	2.0905743820849643	2.0590019233884016	7.456350277518022	8.820982105038695	0.804
305	2.0905743820849643	2.0590019233884016	2.8157243820849645	0.3266199233884014	16.857077700425286	18.221709527945958	0.804
306	1.4175441028883022	1.1923657502587688	0.6923941028883022	2.924747750258769	10.365962081517846	11.731143894320748	0.804
307	2.757107282323201	1.8970107864576797	1.2247982823232009	2.8110527864576795	7.816270489126804	9.138223084749338	0.804
308	1.2247982823232009	2.8110527864576795	2.757107282323201	1.8970107864576797	17.58191471435483	18.903867309977365	0.804
309	3.749879558591476	0.6394892881737511	2.2175705585914764	1.553531288173751	12.654255477254521	13.976045928490965	0.804
310	1.3946754139544213	-0.9263161421707352	0.10656541395442143	0.1225558578292647	7.009482950138617	8.274825843466612	0.804
311	0.10656541395442143	0.1225558578292647	1.3946754139544213	-0.9263161421707352	17.55923947179543	18.824582365123423	0.804
312	2.502955047952087	-0.16428539006902199	1.2148450479520871	0.8845866099309779	11.4155922869754	12.680800788090961	0.804
313	0.7950012466875731	0.5541396218855489	0.44144124668757323	1.593071621885549	7.0364492225662145	8.042075540759024	0.804
314	0.44144124668757323	1.593071621885549	0.7950012466875731	0.5541396218855489	18.062252997665077	19.067879315857887	0.804
315	1.101151171534648	0.7617780451600835	0.7475911715346482	1.8007100451600837	10.644818875217542	11.650412597016144	0.804
316	1.3681908246792593	-0.1993713076113981	0.6846808246792594	0.23869669238860192	7.723447491734031	8.597490502720598	0.804
317	0.6846808246792594	0.23869669238860192	1.3681908246792593	-0.1993713076113981	17.621913749242655	18.495956760229223	0.804
318	3.3696882326159994	0.2807400229574331	2.6861782326159998	0.7188080229574332	15.09140779579848	15.965316299743362	0.804
319	3.8911506672160643	0.7075888632904214	2.4110376672160645	2.326890863290421	6.393392957129879	7.903362296286143	0.804
320	2.4110376672160645	2.326890863290421	3.8911506672160643	0.7075888632904214	17.56850180440551	19.078471143561774	0.804
321	2.1286510064367765	1.9213273467534786	0.6485380064367767	3.5406293467534784	14.329845086703859	15.840485202716396	0.804
322	1.669504324810211	-0.642376808715812	1.1748843248102112	0.8184751912841879	8.370507320103247	9.580939121099428	0.804
323	1.1748843248102112	0.8184751912841879	1.669504324810211	-0.642376808715812	16.558834749694164	17.769266550690343	0.804
324	2.3973080236575863	-0.17638185470685896	1.9026880236575863	1.2844701452931409	10.162056455997357	11.372235840562205	0.804
325	1.68360935028673	1.1281383028157164	0.3954993502867302	1.1989743028157163	7.8269049784664055	8.921304967454443	0.804
326	0.3954993502867302	1.1989743028157163	1.68360935028673	1.1281383028157164	17.19815473753436	18.292554726522397	0.804
327	2.2201915750273487	-0.6551034173960953	0.9320815750273488	-0.5842674173960953	11.24963712951999	12.344036735509539	0.804
328	0.47290901306682387	0.8179504003217455	1.045194013066824	0.7309604003217454	6.934256275354108	7.700967962007555	0.804
329	1.045194013066824	0.7309604003217454	0.47290901306682387	0.8179504003217455	17.226546389136537	17.993258075789985	0.804
330	0.5588811577383268	3.477109960292932	1.131166157738327	3.3901199602929317	13.008966688160061	13.77567824831217	0.804
331	0.985305918851854	3.1276450607372874	1.608540918851854	1.3530080607372872	8.304675680693567	9.671105731053395	0.804
332	1.608540918851854	1.3530080607372872	0.985305918851854	3.1276450607372874	17.40342324662656	18.769853296986387	0.804
333	1.8311746596055745	2.3919391205278484	2.4544096596055747	0.6173021205278486	15.58431348744248	16.950401693136456	0.804
334	1.1352440272226731	1.9740148803691622	2.855829027222673	0.3012828803691622	8.506263460101355	10.111581014018196	0.804
335	2.855829027222673	0.3012828803691622	1.1352440272226731	1.9740148803691622	17.68421748082696	19.2895350347438	0.804
336	-0.705204076413681	2.74321710844902	1.015380923586319	1.0704851084490197	15.489394664198866	17.09503609147839	0.804
337	0.3108442156736056	0.9817134281909556	0.3108442156736056	0.9817134281909556	6.95705420620439	7.45705420620439	0.804
338	0.3108442156736056	0.9817134281909556	0.3108442156736056	0.9817134281909556	17.39449453422479	17.89449453422479	0.804
339	1.2016407925604078	2.477319691746211	1.2016407925604078	2.477319691746211	12.416343398966376	12.916343398966376	0.804
340	0.034541496982061326	2.4027195420656837	0.22281749698206132	1.6440295420656834	7.9872620333518185	8.847434510719172	0.804
341	0.22281749698206132	1.6440295420656834	0.034541496982061326	2.4027195420656837	16.927379737914972	17.787552215282325	0.804
342	0.8506347341309904	2.1963027769814767	1.0389107341309904	1.4376127769814766	10.628950599274125	11.489077807678397	0.804
343	0.6452988322187914	1.9193675068979639	1.7662538322187915	1.248287506897964	7.502002484609263	8.603932171666814	0.804
344	1.7662538322187915	1.248287506897964	0.6452988322187914	1.9193675068979639	17.846991306565325	18.948920993622878	0.804
345	1.0167789935417184	3.7761156625086882	2.1377339935417186	3.1050356625086883	11.141021410502777	12.242926094673363	0.804
346	1.107950385031397	0.491934743436624	1.472699385031397	0.290604743436624	7.807534538679957	8.499484860375503	0.804
347	1.472699385031397	0.290604743436624	1.107950385031397	0.491934743436624	17.22467694703988	17.91662726873543	0.804
348	0.36005575941662565	1.7212656845581074	0.7248047594166256	1.5199356845581073	15.552738536154006	16.244698215028187	0.804
349	0.5604334574039328	0.33870154666548724	0.9953924574039329	-0.6772454533345127	7.193855216181339	8.203014363086373	0.804
350	0.9953924574039329	-0.6772454533345127	0.5604334574039328	0.33870154666548724	17.820724887933334	18.82988403483837	0.804
351	-0.20069111188725874	0.797751878928185	0.23426788811274135	-0.21819512107181493	14.96259638865736	15.971795180314613	0.804
352	-0.32238740145733846	1.9517667925869673	-0.5106634014573385	2.7104567925869674	7.761772046838167	8.621936414461294	0.804
353	-0.5106634014573385	2.7104567925869674	-0.32238740145733846	1.9517667925869673	17.97122171707508	18.831386084698206	0.804
354	-0.5229662570131517	0.7086895430999381	-0.7112422570131517	1.4673795430999381	11.493660404925992	12.353814059015184	0.804
355	0.5156812345310537	1.2036400691962872	0.3274052345310537	1.9623300691962873	7.091125217393007	7.9512893677054555	0.804
356	0.3274052345310537	1.9623300691962873	0.5156812345310537	1.2036400691962872	17.85444449422944	18.71460864454189	0.804
357	-0.21149991017137526	2.125668689365273	-0.39977591017137526	2.884358689365273	10.246254707117403	11.106423212872508	0.804
358	0.3162181727496681	3.069856087994884	0.12794217274966813	3.828546087994884	6.993364100033725	7.853534884433536	0.804
359	0.12794217274966813	3.828546087994884	0.3162181727496681	3.069856087994884	17.937011747710855	18.797182532110668	0.804
360	0.24207760913032916	1.6800628237353927	0.053801609130329164	2.438752823735393	13.921394567880359	14.781566769932441	0.804
361	-0.0016089066164630683	2.7360170528727332	1.177140093383537	2.8609070528727334	7.559556670859645	8.605711067890576	0.804
362	1.177140093383537	2.8609070528727334	-0.0016089066164630683	2.7360170528727332	17.681227026026523	18.727381423057455	0.804
363	1.2403138853973603	0.6253563360406624	2.4190628853973606	0.7502463360406626	12.499146271797333	13.54529789724922	0.804
364	0.7694934962965485	0.49790401064083956	1.8071824962965486	1.0447140106408397	7.355264982567259	8.395674310051707	0.804
365	1.8071824962965486	1.0447140106408397	0.7694934962965485	0.49790401064083956	17.45337563778532	18.493784965269768	0.804
366	1.1968848429618437	2.6714235832410846	2.234573842961844	3.2182335832410844	11.812189783001012	12.852576149834025	0.804
367	1.7388004125954264	1.4568847031686953	1.1708704125954263	1.1679447031686951	7.337826799195462	8.131402925809422	0.804
368	1.1708704125954263	1.1679447031686951	1.7388004125954264	1.4568847031686953	17.38489209280674	18.1784682194207	0.804
369	3.07345033570936	1.9158301444224908	2.5055203357093605	1.6268901444224906	12.815995629242883	13.609519714853157	0.804
370	2.547061241106097	1.1016713930799082	2.532771241106097	0.12052439307990809	6.651167691158996	7.602840289087861	0.804
371	2.532771241106097	0.12052439307990809	2.547061241106097	1.1016713930799082	17.389526768991047	18.341199366919913	0.804
372	0.6169297948072976	1.774586061670264	0.6026397948072977	0.7934390616702639	14.205829865874342	15.157920943801132	0.804
373	2.7327114620570327	2.26364028299921	2.718421462057033	1.28249328299921	7.335264012066432	8.286869331809505	0.804
374	2.718421462057033	1.28249328299921	2.7327114620570327	2.26364028299921	17.496824598402032	18.448429918145106	0.804
375	0.5470828083949453	0.27007067830346165	0.5327928083949454	-0.7110763216965384	14.456954126406405	15.409050733086273	0.804
376	2.8824234567715354	1.7102837226347374	2.786733456771535	0.46629572263473723	7.649958352868332	8.724126396706696	0.804
377	2.786733456771535	0.46629572263473723	2.8824234567715354	1.7102837226347374	17.450984881890705	18.525152925729067	0.804
378	1.6761790554775324	2.1837185257295664	1.5804890554775324	0.9397305257295664	13.252922361535395	14.327558874859182	0.804
379	3.1069618093929727	1.8946708587361463	3.7065918093929726	0.8930188587361461	7.556055918748372	8.593248176365684	0.804
380	3.7065918093929726	0.8930188587361461	3.1069618093929727	1.8946708587361463	18.08516347524519	19.122355732862502	0.804
381	2.538163394001581	2.0839697268026587	3.137793394001581	1.0823177268026587	14.917386619037194	15.95479292328219	0.804
382	1.6127195012227726	2.889253264181268	2.2123495012227727	1.887601264181268	7.242356372576326	8.280027699095474	0.804
383	2.2123495012227727	1.887601264181268	1.6127195012227726	2.889253264181268	17.309769546953312	18.347440873472458	0.804
384	1.9949439909218922	2.7537201963656814	2.594573990921892	1.7520681963656815	10.97960267314482	12.017177045108756	0.804
385	1.380739854943942	2.2078459718319126	0.2597848549439421	2.8789259718319125	7.17656520096796	8.278513780475286	0.804
386	0.2597848549439421	2.8789259718319125	1.380739854943942	2.2078459718319126	17.451489950335212	18.553438529842538	0.804
387	1.9700916970445166	1.2029517506336338	0.8491366970445167	1.8740317506336337	12.490677442189828	13.592594235613692	0.804
388	1.613446074645605	0.2527464818893974	0.4924910746456048	0.9238264818893973	7.268121632682353	8.37005966803094	0.804
389	0.4924910746456048	0.9238264818893973	1.613446074645605	0.2527464818893974	17.16748666831995	18.269424703668538	0.804
390	0.9600651773335017	1.6744765825181527	-0.16088982266649832	2.3455565825181526	12.129093724295583	13.231054717439031	0.804
391	3.4232757650408363	1.9948214536607356	2.3023207650408364	2.6659014536607355	7.805718357946794	8.907485076096476	0.804
392	2.3023207650408364	2.6659014536607355	3.4232757650408363	1.9948214536607356	16.559714141173544	17.661480859323227	0.804
393	1.9999536402399716	2.362329138845645	0.8789986402399715	3.033409138845645	10.309730898912422	11.411645634758173	0.804
394	2.7492943680601916	2.8117309131914197	1.6283393680601914	3.4828109131914196	8.032305716807063	9.134154714950512	0.804
395	1.6283393680601914	3.4828109131914196	2.7492943680601916	2.8117309131914197	17.89936574449561	19.00121474263906	0.804
396	3.069554816055736	1.7479535074920391	1.9485998160557356	2.4190335074920393	13.513732883091897	14.615545515708178	0.804
397	1.4514683689886645	1.434508617730804	0.33051336898866446	2.105588617730804	7.50820962157364	8.61015527334049	0.804
398	0.33051336898866446	2.105588617730804	1.4514683689886645	1.434508617730804	17.7093189897846	18.81126464155145	0.804
399	3.364893291553678	1.007208715090774	2.243938291553678	1.678288715090774	14.63704652683139	15.738821238892989	0.804
400	0.618133743859105	2.724313895108695	-0.502821256140895	3.395393895108695	7.939170594455609	9.041135369906685	0.804
401	-0.502821256140895	3.395393895108695	0.618133743859105	2.724313895108695	16.896461563423248	17.998426338874324	0.804
402	0.8540824991505539	1.1835970533598765	-0.26687250084944614	1.8546770533598764	11.790185749701752	12.892148520125003	0.804
403	1.4852390231177426	2.6469574123057633	0.5525600231177425	2.559347412305763	8.00430934642501	8.935937287887375	0.804
404	0.5525600231177425	2.559347412305763	1.4852390231177426	2.6469574123057633	17.471924031819817	18.40355197328218	0.804
405	1.6360459331607098	2.0205523720991985	0.7033669331607099	1.9329423720991983	14.917444197406834	15.849071949126362	0.804
406	1.4020648079008138	1.8939324425434705	1.6481348079008138	1.9312124425434705	7.478191797101363	8.092862740518331	0.804
407	1.6481348079008138	1.9312124425434705	1.4020648079008138	1.8939324425434705	18.154688539761253	18.76935948317822	0.804
408	1.652271127398706	0.8099573221190515	1.898341127398706	0.8472373221190515	10.628213081101533	11.242883701081306	0.804
409	0.8387933381820573	0.8373383406353834	-0.04168966181794276	1.4549883406353832	8.132919916845486	9.128465646140462	0.804
410	-0.04168966181794276	1.4549883406353832	0.8387933381820573	0.8373383406353834	17.940484469869165	18.93603019916414	0.804
411	1.4392839590123117	1.5150929095251973	0.5588009590123117	2.1327429095251973	12.257856438892658	13.253381278427353	0.804
412	2.550315362666871	1.014053160563004	1.8618353626668713	0.08323716056300401	6.911155618235703	7.944345094654751	0.804
413	1.8618353626668713	0.08323716056300401	2.550315362666871	1.014053160563004	17.20996745645763	18.243156932876676	0.804
414	0.3375008037601719	2.24441419850962	-0.3509791962398281	1.31359819850962	13.790266465834106	14.823711476771091	0.804
415	0.9295654222222608	0.2585103102704007	0.11369942222226082	1.1085443102704007	7.864851263482737	8.907706923986225	0.804
416	0.11369942222226082	1.1085443102704007	0.9295654222222608	0.2585103102704007	18.70080049177687	19.74365615228036	0.804
417	2.1762012841488696	0.44610243132756255	1.3603352841488694	1.2961364313275625	13.680263579174987	14.722996401916424	0.804
418	0.523819714232945	-0.060669013689461426	0.5934097142329451	-0.47823201368946144	7.387750983063077	8.082789890501402	0.804
419	0.5934097142329451	-0.47823201368946144	0.523819714232945	-0.060669013689461426	17.847009957593347	18.54204886503167	0.804
420	1.5497473137493212	-0.4782359681862991	1.6193373137493214	-0.8957989681862991	12.655155116143462	13.35013047479117	0.804
421	2.3086116600575974	-0.6075979685784059	1.8947716600575975	-1.147570968578406	7.509698461105344	8.323025982645575	0.804
422	1.8947716600575975	-1.147570968578406	2.3086116600575974	-0.6075979685784059	17.12118963011884	17.934517151659072	0.804
423	1.1356184333927482	0.42693395011902835	0.7217784333927482	-0.11303904988097169	11.278577330565625	12.092011734257873	0.804
424	1.61875870188937	1.9009269804019366	1.2049187018893701	1.3609539804019364	7.141721954623786	7.955122352255303	0.804
425	1.2049187018893701	1.3609539804019364	1.61875870188937	1.9009269804019366	17.98836995879824	18.80177035642976	0.804
426	1.2407766489219418	0.47636103800300805	0.8269366489219419	-0.06361196199699198	11.800420526203654	12.613848723290632	0.804
427	1.4180870075090994	0.5473487688859688	1.9325770075090996	-0.23620223111403119	7.263320174301261	8.195085857732241	0.804
428	1.9325770075090996	-0.23620223111403119	1.4180870075090994	0.5473487688859688	18.099608712226566	19.031374395657547	0.804
429	0.3796079619731709	0.5366159443014076	0.894097961973171	-0.2469350556985925	13.538659402941644	14.470535440273096	0.804
430	1.9483758810990026	0.9127408079233724	0.9113008810990026	2.1474048079233725	6.855450850221718	8.098243485538802	0.804
431	0.9113008810990026	2.1474048079233725	1.9483758810990026	0.9127408079233724	18.726316437067965	19.96910907238505	0.804
432	2.6028810485249343	1.768176707370591	1.565806048524934	3.002840707370591	14.68318833986983	15.925828416781705	0.804
433	0.6492157899092732	1.2624034594404066	0.9791657899092732	1.8632674594404066	7.383474112279258	8.199295155177385	0.804
434	0.9791657899092732	1.8632674594404066	0.6492157899092732	1.2624034594404066	16.79075128546654	17.60657232836467	0.804
435	2.001813877169948	0.7233576954708895	2.3317638771699483	1.3242216954708894	12.070779880720806	12.88645192674681	0.804
436	1.5170978903332446	1.3063030959309263	2.3832908903332446	-0.2924939040690736	6.4097002860993415	7.74713919794676	0.804
437	2.3832908903332446	-0.2924939040690736	1.5170978903332446	1.3063030959309263	17.78284554360219	19.120284455449607	0.804
438	-0.09886955667613107	2.331778780866725	0.767323443323869	0.7329817808667248	14.060023231008081	15.397826297183592	0.804
439	1.8686509412629437	2.0730417349909342	2.251413941262944	0.35183473499093426	6.305766874005105	7.617693328808655	0.804
440	2.251413941262944	0.35183473499093426	1.8686509412629437	2.0730417349909342	17.508377125822186	18.820303580625737	0.804
441	2.110807117645498	2.034408637373747	2.4935701176454983	0.3132016373737473	13.847163220203539	15.158965147177794	0.804
442	0.6984579631958479	2.228524470449092	2.1785709631958476	0.609222470449092	8.39811981026235	9.908748089187156	0.804
443	2.1785709631958476	0.609222470449092	0.6984579631958479	2.228524470449092	17.328020872973283	18.83864915189809	0.804
444	0.9437523854592909	1.4772507734367564	2.423865385459291	-0.14205122656324354	14.474333840764581	15.984897884945065	0.804
445	0.41868875606483763	2.1600639547196128	0.1782167560648376	2.213493954719613	7.838179445443079	8.45168011491695	0.804
446	0.1782167560648376	2.213493954719613	0.41868875606483763	2.1600639547196128	18.112691285370182	18.72619195484405	0.804
447	1.122337900303502	2.932147533494241	0.881865900303502	2.985577533494241	15.124729465407514	15.738229390703538	0.804
448	1.5411257668822445	1.7535962915553023	1.3006537668822444	1.8070262915553024	8.121298637787522	8.7347977380799	0.804
449	1.3006537668822444	1.8070262915553024	1.5411257668822445	1.7535962915553023	17.13579248422548	17.749291584517856	0.804
450	-0.5857180436607631	1.8511618266237195	-0.8261900436607631	1.9045918266237196	11.951699815948244	12.56520015256939	0.804
451	-0.22010578257656366	1.1543399947540247	-0.4605777825765637	1.2077699947540248	7.058468670758873	7.671969318471123	0.804
452	-0.4605777825765637	1.2077699947540248	-0.22010578257656366	1.1543399947540247	17.998636108114905	18.612136755827155	0.804
453	0.26217947938011776	2.3143071214573814	0.021707479380117745	2.367737121457381	13.032398969557068	13.645899695086346	0.804
454	0.007336560843506312	3.5246171279381153	-0.04485943915649371	2.8193571279381153	7.575089122424833	8.400930149772332	0.804
455	-0.04485943915649371	2.8193571279381153	0.007336560843506312	3.5246171279381153	17.196388940171786	18.022229967519284	0.804
456	1.6922565032264565	1.249727160460468	1.6400605032264566	0.5444671604604681	11.260824879715424	12.086528910324926	0.804
457	-0.22476126654555661	2.076150130105377	0.9017917334544434	1.4957801301053772	7.02129531892885	8.105188601075747	0.804
458	0.9017917334544434	1.4957801301053772	-0.22476126654555661	2.076150130105377	17.550701278294735	18.634594560441634	0.804
459	0.9575441741776444	2.788491893218084	2.0840971741776446	2.208121893218084	11.16200806829612	12.245860351808867	0.804
460	3.4183747651868974	1.7672228920983553	3.2990747651868975	0.3268758920983554	8.294998036603236	9.459781931724141	0.804
461	3.2990747651868975	0.3268758920983554	3.4183747651868974	1.7672228920983553	17.20302841753677	18.367812312657676	0.804
462	1.4080492139029224	2.3482160956393643	1.2887492139029224	0.9078690956393642	15.765314817228496	16.931051674150435	0.804
463	2.15469083477531	2.300091370356999	2.0353908347753102	0.859744370356999	7.569785160560089	8.735263055648735	0.804
464	2.0353908347753102	0.859744370356999	2.15469083477531	2.300091370356999	17.781889703212514	18.94736759830116	0.804
465	0.6441559733982616	3.1995186955721833	0.5248559733982616	1.7591716955721837	11.298028986477027	12.463914580672268	0.804
466	1.2757258326193686	1.923036349069923	1.1564258326193686	0.48268934906992295	6.587971232550777	7.753742271582508	0.804
467	1.1564258326193686	0.48268934906992295	1.2757258326193686	1.923036349069923	18.092541779427787	19.25831281845952	0.804
468	0.3944562307406694	2.0245480675406897	0.2751562307406694	0.5842010675406898	12.477150892276825	13.643059611215321	0.804
469	1.8822805159833336	1.4418672754584136	1.6815805159833335	-0.26132072454158617	7.637077252319095	8.926882592330662	0.804
470	1.6815805159833335	-0.26132072454158617	1.8822805159833336	1.4418672754584136	17.627109573548456	18.916914913560024	0.804
471	1.6064342815937949	1.6097656913431637	1.4057342815937948	-0.0934223086568362	14.634971344060128	15.924884339169422	0.804
472	2.9461279296720515	3.0649929180584956	2.3433979296720517	1.5022359180584957	7.070283410247043	8.341311751172967	0.804
473	2.3433979296720517	1.5022359180584957	2.9461279296720515	3.0649929180584956	17.986249012896135	19.257277353822058	0.804
474	1.3951120080647588	3.3969378154876866	0.7923820080647589	1.8341808154876864	14.594483468815332	15.866105007448024	0.804
475	2.687592059108643	1.1182705179973367	2.0848620591086426	-0.4444864820026633	8.24811233723576	9.519273720544566	0.804
476	2.0848620591086426	-0.4444864820026633	2.687592059108643	1.1182705179973367	17.12976295838999	18.400924341698794	0.804
477	0.6200430767526199	0.8642657182030307	0.01731307675261995	-0.6984912817969693	13.079126149190142	14.350859707935294	0.804
478	1.8182251404872465	2.526493470824479	1.2154951404872465	0.9637364708244788	7.689003483671679	8.960512002487484	0.804
479	1.2154951404872465	0.9637364708244788	1.8182251404872465	2.526493470824479	17.250634945876065	18.52214346469187	0.804
480	2.8980956710783405	1.2536025974161076	2.2953656710783408	-0.3091544025838925	14.504489081060488	15.77554317260985	0.804
481	2.479330862826245	3.638007941229171	1.8766008628262454	2.075250941229171	7.978413760497206	9.249672378802282	0.804
482	1.8766008628262454	2.075250941229171	2.479330862826245	3.638007941229171	17.224038691729596	18.495297310034672	0.804
483	2.012600960629576	3.493571771505543	1.4098709606295756	1.9308147715055433	15.134996057748985	16.406440378973087	0.804
484	1.7115784473748392	1.6135936086459628	1.1088484473748392	0.050836608645962955	7.493701743047218	8.765242201168556	0.804
485	1.1088484473748392	0.050836608645962955	1.7115784473748392	1.6135936086459628	17.087292740799363	18.358833198920703	0.804
486	2.695812720016896	3.4138910101055457	2.093082720016896	1.8511340101055458	10.449322499515262	11.72047986277811	0.804
487	3.1690268153627037	2.4030346261309234	2.566296815362704	0.8402776261309236	6.762884008218399	8.033786680317466	0.804
488	2.566296815362704	0.8402776261309236	3.1690268153627037	2.4030346261309234	18.16509983419881	19.436002506297875	0.804
489	1.2788220615583268	0.8595941528861226	0.6760920615583267	-0.7031628471138773	15.903723263295419	17.175369447689466	0.804
490	1.412205239483277	3.077509448909068	0.8094752394832769	1.5147524489090685	7.712824519380354	8.984442202125363	0.804
491	0.8094752394832769	1.5147524489090685	1.412205239483277	3.077509448909068	17.96297585494455	19.23459353768956	0.804
492	1.8849627655455876	3.7265258109763324	1.2822327655455876	2.1637688109763324	11.173151628556093	12.444638976776558	0.804
493	1.6678472204700934	2.529480919054337	2.162467220470093	1.0686289190543372	7.284154734866676	8.49442680144709	0.804
494	2.162467220470093	1.0686289190543372	1.6678472204700934	2.529480919054337	16.932130842247652	18.142402908828068	0.804
495	3.019335677211122	1.9820045822665586	3.513955677211122	0.5211525822665588	10.594810371831288	11.804402686139241	0.804
496	3.1798480437459817	1.1766021834792575	3.674468043745981	-0.28424981652074255	6.698169945079026	7.907657998303873	0.804
497	3.674468043745981	-0.28424981652074255	3.1798480437459817	1.1766021834792575	17.829507758359053	19.0389958115839	0.804
498	2.0830512857562393	3.274107914306697	2.577671285756239	1.8132559143066973	12.639751845182841	13.849852782040914	0.804
499	1.7836216525152617	2.9352410337612524	2.109221652515262	1.1289060337612526	7.178423175223639	8.523640953825835	0.804
500	2.109221652515262	1.1289060337612526	1.7836216525152617	2.9352410337612524	17.146481784199832	18.49169956280203	0.804
501	2.6216254989220324	3.0377400673257773	2.947225498922032	1.2314050673257773	15.308239590529954	16.65296290523695	0.804
502	0.8097639456818919	1.3869332086651294	1.135363945681892	-0.41940179133487054	7.069285647885854	8.414858043296757	0.804
503	1.135363945681892	-0.41940179133487054	0.8097639456818919	1.3869332086651294	16.86544693818879	18.211019333599694	0.804
504	0.4816025380344955	1.49019393408413	0.8072025380344956	-0.31614106591587	15.2553027278495	16.600941323736613	0.804
505	0.3301537394461025	2.0917991024444618	-0.7075352605538976	1.5449891024444617	7.371926444201587	8.412364825189933	0.804
506	-0.7075352605538976	1.5449891024444617	0.3301537394461025	2.0917991024444618	17.151998268689	18.192436649677344	0.804
507	3.2767616302117792	2.8985517718792533	2.2390726302117794	2.3517417718792535	10.301454783353782	11.341757813375912	0.804
508	0.8517829004286008	0.7281392404642637	0.0582929004286008	0.3161592404642637	8.202497480918824	9.114439691290354	0.804
509	0.0582929004286008	0.3161592404642637	0.8517829004286008	0.7281392404642637	17.757135258365953	18.669077468737484	0.804
510	3.3313989215484314	2.15380702934039	2.537908921548431	1.7418270293403904	13.01521079617563	13.927041111225277	0.804
511	0.9212824409554548	1.0140431254163809	0.8162724409554547	0.554843125416381	7.606868989796622	8.32388583932285	0.804
512	0.8162724409554547	0.554843125416381	0.9212824409554548	1.0140431254163809	17.564330928762583	18.28134777828881	0.804
513	1.3763052298765948	2.377188132759925	1.2712952298765947	1.9179881327599255	10.249421539564498	10.966407049933201	0.804
514	3.4678256809223775	2.4373738693779825	3.608885680922378	2.015453869377983	7.282872483918206	7.987499876484461	0.804
515	3.608885680922378	2.015453869377983	3.4678256809223775	2.4373738693779825	16.99438784206436	17.699015234630615	0.804
516	1.3576217265645756	2.8827665116685584	1.4986817265645755	2.4608465116685583	13.167513746757143	13.872435300703234	0.804
517	-1.338871918427522	2.6945626209603213	-0.709420918427522	2.1210326209603214	7.6677782517646875	8.56010726275786	0.804
518	-0.709420918427522	2.1210326209603214	-1.338871918427522	2.6945626209603213	17.362924559927567	18.25525357092074	0.804
519	0.6344841657085268	2.083034532355644	1.263935165708527	1.509504532355644	11.537778410131342	12.43011142934736	0.804
520	-0.1584927767286511	3.2877042495903837	1.100404223271349	2.562564249590384	6.955183734673517	8.124563587648122	0.804
521	1.100404223271349	2.562564249590384	-0.1584927767286511	3.2877042495903837	17.685835016518297	18.855214869492904	0.804
522	0.8560791901836333	1.7973257181974343	2.1149761901836333	1.0721857181974344	15.276776656545241	16.44610609616146	0.804
523	0.6271127500168499	1.3254022506009404	1.22363075001685	0.3778122506009405	7.163445904624868	8.17931049056194	0.804
524	1.22363075001685	0.3778122506009405	0.6271127500168499	1.3254022506009404	18.226674808942057	19.24253939487913	0.804
525	0.34209689416809774	2.345723619973421	0.9386148941680977	1.3981336199734211	12.468563317370961	13.484453016811873	0.804
526	-0.6281190795141377	1.4797267161838863	0.21259792048586235	0.6669667161838863	7.063243941222128	8.10202504912419	0.804
527	0.21259792048586235	0.6669667161838863	-0.6281190795141377	1.4797267161838863	17.942140742456374	18.980921850358435	0.804
528	-0.2420222001842349	3.8894455088651174	0.5986947998157651	3.0766855088651175	15.452842379253678	16.49162393755671	0.804
529	0.515906902862039	1.975388248837247	2.045103902862039	1.1154082488372472	6.939214585293963	8.247521286918108	0.804
530	2.045103902862039	1.1154082488372472	0.515906902862039	1.975388248837247	17.346936789775654	18.655243491399798	0.804
531	-0.1311662064507296	0.9303009146890735	1.3980307935492704	0.07032091468907375	14.37061484361589	15.678958181156196	0.804
532	0.3874672780335593	4.068580121874175	1.9166642780335592	3.208600121874175	7.156129309097631	8.464445252531236	0.804
533	1.9166642780335592	3.208600121874175	0.3874672780335593	4.068580121874175	17.899467774416973	19.207783717850578	0.804
534	-0.1523831988111388	4.1169932030617655	1.3768138011888613	3.2570132030617662	14.017049452914723	15.325393572354024	0.804
535	1.2076782935366877	3.540944451311314	2.982945293536688	2.718244451311315	7.849706045724998	9.251121717327813	0.804
536	2.982945293536688	2.718244451311315	1.2076782935366877	3.540944451311314	18.11552881851776	19.516944490120576	0.804
537	-0.1963694608759792	3.503093355449547	1.5788975391240208	2.6803933554495476	12.406883512469907	13.808394138569065	0.804
538	-0.12191737764332536	2.6689430093039035	0.5267966223566747	2.4266130093039036	7.095604944638948	7.914676720949784	0.804
539	0.5267966223566747	2.4266130093039036	-0.12191737764332536	2.6689430093039035	17.496323078163535	18.31539485447437	0.804
540	0.7445066167722083	1.8515665666336898	1.3932206167722083	1.6092365666336899	12.651694381542466	13.470759603447615	0.804
541	0.1962756539203904	3.5353841296992483	1.4837626539203903	3.1091241296992487	7.714945586550524	8.839821186481439	0.804
542	1.4837626539203903	3.1091241296992487	0.1962756539203904	3.5353841296992483	16.722337484687227	17.847213084618144	0.804
543	0.4769692267440414	0.9255662889137974	1.7644562267440413	0.4993062889137976	11.020535988644635	12.145406414584933	0.804
