ID 		 Origin_X 			 Origin_Y 		 Destination_X 		 Destination_Y 		 E_time 			 L_time 			 Max_Duration 			 Seats
1	1.2024111902219272	2.588275624872963	1.4565511902219272	1.6941256248729628	6.839288255656926	7.767483368484533	1.2781951128276074	3
2	1.4565511902219272	1.6941256248729628	1.2024111902219272	1.6941256248729628	17.653833004488625	18.270929370275773	0.9670963657871482	3
3	1.4565511902219272	1.6941256248729628	1.4565511902219272	1.6941256248729628	9.524877333757987	16.050129537199837	6.87525220344185	4
4	-0.4924615034678972	2.2660474981305136	-0.14138550346789724	2.5636874981305136	8.47862442742311	9.190692523834732	1.0620680964116223	3
5	-0.14138550346789724	2.5636874981305136	-0.4924615034678972	2.5636874981305136	15.90675899513466	16.56851914196353	1.0117601468288702	3
6	-0.14138550346789724	2.5636874981305136	-0.14138550346789724	2.5636874981305136	10.133177006065162	16.980535311062418	7.197358304997255	4
7	0.9249227663219481	0.7377563241780725	1.256738766321948	0.1623663241780724	7.710048382947306	8.5160449582134	1.155996575266093	3
8	1.256738766321948	0.1623663241780724	0.9249227663219481	0.1623663241780724	17.82743160121775	18.480317599919367	1.002885998701617	3
9	1.256738766321948	0.1623663241780724	1.256738766321948	0.1623663241780724	9.809884500826005	16.269026363584725	6.80914186275872	4
10	0.5436019558495682	2.0834223008070154	0.875417955849568	1.5080323008070153	7.898476588964533	8.70449717649683	1.1560205875322969	3
11	0.875417955849568	1.5080323008070153	0.5436019558495682	1.5080323008070153	18.234859861317318	18.887745860018935	1.002885998701617	3
12	0.875417955849568	1.5080323008070153	0.875417955849568	1.5080323008070153	10.611045783134267	16.52165698998777	6.2606112068535005	4
13	0.1819426218057364	1.1935476665279832	0.5137586218057363	0.6181576665279831	8.404506873662447	9.210540837351173	1.1560339636887265	3
14	0.5137586218057363	0.6181576665279831	0.1819426218057364	0.6181576665279831	18.16374159937435	18.816627598075968	1.002885998701617	3
15	0.5137586218057363	0.6181576665279831	0.5137586218057363	0.6181576665279831	10.74495062627453	16.351750843673173	5.9568002173986425	4
16	1.2984187349250216	1.944598105077906	1.6302347349250215	1.369208105077906	7.68618176046005	8.492144957758395	1.155963197298345	3
17	1.6302347349250215	1.369208105077906	1.2984187349250216	1.369208105077906	17.94211557913347	18.595001577835088	1.002885998701617	3
18	1.6302347349250215	1.369208105077906	1.6302347349250215	1.369208105077906	9.896992741859544	16.68659475927292	7.139602017413377	4
19	-0.06605644852631243	2.360025835784718	1.3606195514736876	1.937495835784718	8.111778900240738	9.297345708772141	1.5355668085314034	3
20	1.3606195514736876	1.937495835784718	-0.06605644852631243	1.937495835784718	17.704203130814196	18.861551736920074	1.5073486061058774	3
21	1.3606195514736876	1.937495835784718	1.3606195514736876	1.937495835784718	10.397696960957434	16.978284623150643	6.930587662193208	4
22	0.17369000283082792	1.8512863871437957	0.14075700283082782	1.4772263871437956	7.2000813870112435	7.873097574020615	1.0230161870093712	3
23	0.14075700283082782	1.4772263871437956	0.17369000283082792	1.4772263871437956	17.156343698562267	17.671517754651305	0.8651740560890374	3
24	0.14075700283082782	1.4772263871437956	0.14075700283082782	1.4772263871437956	10.43647220094733	16.381266776816677	6.294794575869346	4
25	1.5195505645806247	3.0805047236389305	2.4192965645806246	2.79405472363893	7.575751459165746	8.51079281675016	1.2850413575844137	3
26	2.4192965645806246	2.79405472363893	1.5195505645806247	2.79405472363893	17.224762804587535	18.13932559175809	1.2645627871705565	3
27	2.4192965645806246	2.79405472363893	2.4192965645806246	2.79405472363893	9.387959328800303	17.389510964759044	8.35155163595874	4
28	0.37665242067817994	1.2077109784240088	0.5879184206781799	-0.009555021575991196	8.114282682200466	9.183509172987591	1.4192264907871253	3
29	0.5879184206781799	-0.009555021575991196	0.37665242067817994	-0.009555021575991196	17.124363158118072	17.721705098837315	0.947341940719243	3
30	0.5879184206781799	-0.009555021575991196	0.5879184206781799	-0.009555021575991196	9.117197645294606	15.613068447488201	6.845870802193595	4
31	0.7648842752593141	2.76662921545797	0.4330682752593142	3.34201921545797	7.368349205825328	8.174374852393402	1.1560256465680747	3
32	0.4330682752593142	3.34201921545797	0.7648842752593141	3.34201921545797	17.28766803551434	17.940554034215957	1.002885998701617	3
33	0.4330682752593142	3.34201921545797	0.4330682752593142	3.34201921545797	10.157891001629105	17.42306034649473	7.615169344865624	4
34	0.07528878193406707	-0.12632519693071043	-0.2565272180659328	0.44906480306928964	7.172812177952974	7.978850086957822	1.1560379090048483	3
35	-0.2565272180659328	0.44906480306928964	0.07528878193406707	0.44906480306928964	17.085212015245062	17.73809801394668	1.002885998701617	3
36	-0.2565272180659328	0.44906480306928964	-0.2565272180659328	0.44906480306928964	10.009670400778157	17.31613702869629	7.656466627918132	4
37	1.3549968513560846	2.233401972415504	1.6526268513560847	2.6571819724155037	7.124810681928774	7.86335962552364	1.088548943594866	3
38	1.6526268513560847	2.6571819724155037	1.3549968513560846	2.6571819724155037	17.93104696627416	18.568181582427577	0.9871346161534177	3
39	1.6526268513560847	2.6571819724155037	1.6526268513560847	2.6571819724155037	10.137676144324802	16.55626892476227	6.768592780437469	4
40	-0.012720693366600866	2.1331870881000405	0.2849093066333992	2.5569670881000404	8.032433117403643	8.771036641567399	1.0886035241637555	3
41	0.2849093066333992	2.5569670881000404	-0.012720693366600866	2.5569670881000404	17.6686885875165	18.305823203669917	0.9871346161534177	3
42	0.2849093066333992	2.5569670881000404	0.2849093066333992	2.5569670881000404	10.070438338327568	17.12725353303919	7.406815194711623	4
43	0.7249976730489072	1.863071444158467	1.0226276730489072	2.286851444158467	7.589110101057935	8.32769549398213	1.088585392924195	3
44	1.0226276730489072	2.286851444158467	0.7249976730489072	2.286851444158467	17.059581855737484	17.696716471890902	0.9871346161534177	3
45	1.0226276730489072	2.286851444158467	1.0226276730489072	2.286851444158467	10.181181936362377	16.636582467022052	6.805400530659675	4
46	2.709806303254558	1.1420542932672668	3.8046663032545576	1.2949142932672668	7.373119114295906	8.382458775549004	1.3593396612530984	3
47	3.8046663032545576	1.2949142932672668	2.709806303254558	1.2949142932672668	17.959339441110387	18.963802048514648	1.3544626074042605	3
48	3.8046663032545576	1.2949142932672668	3.8046663032545576	1.2949142932672668	10.131783478918157	16.3395545751653	6.557771096247144	4
49	1.241134444333626	1.3452521869139524	0.876385444333626	1.5465821869139524	7.751041784763096	8.442995819600071	1.0419540348369751	3
50	0.876385444333626	1.5465821869139524	1.241134444333626	1.5465821869139524	17.97347952597435	18.641539580765006	1.0180600547906544	3
51	0.876385444333626	1.5465821869139524	0.876385444333626	1.5465821869139524	10.842862860528497	17.0083074716697	6.515444611141202	4
52	1.8851390554012164	-0.13052445641274013	2.4530690554012162	0.15841554358726007	6.449857519456713	7.243409859742254	1.1435523402855412	3
53	2.4530690554012162	0.15841554358726007	1.8851390554012164	0.15841554358726007	17.435530660309134	18.197207448778073	1.1116767884689396	3
54	2.4530690554012162	0.15841554358726007	2.4530690554012162	0.15841554358726007	11.088360136459723	16.530259674924114	5.79189953846439	4
55	2.589056901220305	0.9005127390544979	3.2619969012203045	1.6486527390544978	7.511129701014046	8.474434557348646	1.3133048563345997	3
56	3.2619969012203045	1.6486527390544978	2.589056901220305	1.6486527390544978	17.54949986110919	18.35956056935191	1.1600607082427197	3
57	3.2619969012203045	1.6486527390544978	3.2619969012203045	1.6486527390544978	10.449430593729554	16.963880696991076	6.864450103261522	4
58	3.4014310476788037	0.41847855034924586	1.6690400476788039	0.918058550349246	7.141000108288619	8.471670752789322	1.6806706445007031	3
59	1.6690400476788039	0.918058550349246	3.4014310476788037	0.918058550349246	16.7846652113995	18.082873640699752	1.648208429300253	3
60	1.6690400476788039	0.918058550349246	1.6690400476788039	0.918058550349246	10.48974931715956	16.282370383621906	6.142621066462345	4
61	2.157394227952803	2.6039061630684337	1.0817942279528028	3.3240761630684332	7.264978594529191	8.361319677473968	1.4463410829447771	3
62	1.0817942279528028	3.3240761630684332	2.157394227952803	3.3240761630684332	16.79902597256779	17.794614431844796	1.3455884592770055	3
63	1.0817942279528028	3.3240761630684332	1.0817942279528028	3.3240761630684332	10.611669786875037	16.599961130585527	6.338291343710489	4
64	0.9989212947643271	0.9274172293527226	0.201691294764327	1.1983372293527226	7.550425414911028	8.4383814447093	1.2379560297982724	3
65	0.201691294764327	1.1983372293527226	0.9989212947643271	1.1983372293527226	17.910192324433265	18.777520315684107	1.2173279912508428	3
66	0.201691294764327	1.1983372293527226	0.201691294764327	1.1983372293527226	10.218690103294284	17.519952739259477	7.6512626359651925	4
67	1.24740309690165	1.0421107872809967	0.45017309690164997	1.3130307872809968	8.465129371095498	9.35308319834869	1.2379538272531918	3
68	0.45017309690164997	1.3130307872809968	1.24740309690165	1.3130307872809968	17.716087694831703	18.583415686082546	1.2173279912508428	3
69	0.45017309690164997	1.3130307872809968	0.45017309690164997	1.3130307872809968	9.827798265048637	15.749914788429232	6.272116523380594	4
70	3.0025548233910326	1.1354381802998437	2.2053248233910328	1.406358180299844	7.996899495400526	8.884816275965983	1.2379167805654574	3
71	2.2053248233910328	1.406358180299844	3.0025548233910326	1.406358180299844	16.17648464330895	17.043812634559792	1.2173279912508428	3
72	2.2053248233910328	1.406358180299844	2.2053248233910328	1.406358180299844	9.701229325430758	16.170778554322123	6.819549228891365	4
73	1.933814757982208	2.3174105098837594	1.933814757982208	2.3174105098837594	7.273357686426202	7.773357686426202	0.85	3
74	1.933814757982208	2.3174105098837594	1.933814757982208	2.3174105098837594	18.378975789136536	18.878975789136536	0.85	3
75	1.933814757982208	2.3174105098837594	1.933814757982208	2.3174105098837594	9.061230258015042	16.007396104368347	7.296165846353304	4
76	1.8062040049607755	1.9551484504001686	0.34659500496077533	2.0036184504001686	7.821304478656042	8.994197696526706	1.522893217870664	3
77	0.34659500496077533	2.0036184504001686	1.8062040049607755	2.0036184504001686	17.528094667442137	18.700617329637055	1.5225226621949184	3
78	0.34659500496077533	2.0036184504001686	0.34659500496077533	2.0036184504001686	10.617552716659826	15.981697660087912	5.714144943428085	4
79	2.330067737479411	1.701300518988797	0.870458737479411	1.749770518988797	7.644524361877323	8.817417421491903	1.5228930596145802	3
80	0.870458737479411	1.749770518988797	2.330067737479411	1.749770518988797	17.59654616789288	18.769068830087797	1.5225226621949184	3
81	0.870458737479411	1.749770518988797	0.870458737479411	1.749770518988797	9.598469406204782	16.515558058719787	7.267088652515005	4
82	0.8251556934867046	1.2876355034451485	-0.3902543065132955	1.4709355034451486	7.65628338818043	8.722622498689313	1.4163391105088832	3
83	-0.3902543065132955	1.4709355034451486	0.8251556934867046	1.4709355034451486	17.794959090835835	18.854965756222473	1.4100066653866379	3
84	-0.3902543065132955	1.4709355034451486	-0.3902543065132955	1.4709355034451486	10.213206211555148	15.96628907457033	6.103082863015182	4
85	3.166184609619338	1.7030403708653092	1.9507746096193377	1.8863403708653093	7.771572698817306	8.837899350526907	1.4163266517096011	3
86	1.9507746096193377	1.8863403708653093	3.166184609619338	1.8863403708653093	17.8518727442292	18.91187940961584	1.4100066653866379	3
87	1.9507746096193377	1.8863403708653093	1.9507746096193377	1.8863403708653093	10.02562972141997	16.10596546940606	6.4303357479860885	4
88	3.150915385481467	2.1413917418106507	2.623985385481467	2.277471741810651	7.321991297946396	8.072722605703156	1.1007313077567598	3
89	2.623985385481467	2.277471741810651	3.150915385481467	2.277471741810651	17.56028623154509	18.303072050480413	1.0927858189353246	3
90	2.623985385481467	2.277471741810651	2.623985385481467	2.277471741810651	9.950938651953571	16.411804036620254	6.810865384666682	4
91	3.402403418728773	1.929048671393301	3.1215434187287734	2.1024086713933015	7.357508260751741	8.009514700459565	1.002006439707824	3
92	3.1215434187287734	2.1024086713933015	3.402403418728773	2.1024086713933015	16.095475903434252	16.724883652293066	0.9794077488588137	3
93	3.1215434187287734	2.1024086713933015	3.1215434187287734	2.1024086713933015	10.820836340195942	17.216141384900272	6.745305044704329	4
94	2.7644435450901135	0.2059494968743043	2.4835835450901134	0.3793094968743045	8.587421453652352	9.239451854567994	1.002030400915642	3
95	2.4835835450901134	0.3793094968743045	2.7644435450901135	0.3793094968743045	17.88514544921784	18.514553198076655	0.9794077488588137	3
96	2.4835835450901134	0.3793094968743045	2.4835835450901134	0.3793094968743045	9.95420065877166	17.199207407360284	7.595006748588624	4
97	2.8318905589135634	0.3352365560308792	1.4244775589135632	1.0889665560308792	7.553000254744672	8.788494571275903	1.5854943165312307	3
98	1.4244775589135632	1.0889665560308792	2.8318905589135634	1.0889665560308792	18.321374699416136	19.469847775128695	1.498473075712559	3
99	1.4244775589135632	1.0889665560308792	1.4244775589135632	1.0889665560308792	11.39622434084194	16.392519522082143	5.346295181240203	4
100	2.150672298130057	2.620270292056131	0.7432592981300569	3.374000292056131	7.409436865838017	8.644991973220074	1.5855551073820577	3
101	0.7432592981300569	3.374000292056131	2.150672298130057	3.374000292056131	17.60788154574647	18.756354621459028	1.498473075712559	3
102	0.7432592981300569	3.374000292056131	0.7432592981300569	3.374000292056131	9.312862397236483	15.359425753559954	6.396563356323471	4
103	3.187859449649495	2.427795955668196	2.4192194496494945	2.9975959556681957	6.599898502500504	7.540564178555209	1.2906656760547048	3
104	2.4192194496494945	2.9975959556681957	3.187859449649495	2.9975959556681957	17.896462761990392	18.7506177576567	1.2041549956663062	3
105	2.4192194496494945	2.9975959556681957	2.4192194496494945	2.9975959556681957	11.037899861372996	17.55877751050109	6.870877649128095	4
106	2.584598893590611	2.024058996896858	2.162678893590611	2.619338996896858	7.312506530066618	8.148499661614743	1.1859931315481247	3
107	2.162678893590611	2.619338996896858	2.584598893590611	2.619338996896858	17.1687698213045	17.863171720466042	1.044401899161541	3
108	2.162678893590611	2.619338996896858	2.162678893590611	2.619338996896858	9.945717372218734	16.84997348424578	7.254256112027045	4
109	0.9165204178269042	1.3735757461050335	-0.19325058217309576	2.9810637461050336	7.532167989535617	8.932166696842215	1.7499987073065975	3
110	-0.19325058217309576	2.9810637461050336	0.9165204178269042	2.9810637461050336	17.584197294798123	18.59553022529301	1.3613329304948878	3
111	-0.19325058217309576	2.9810637461050336	-0.19325058217309576	2.9810637461050336	10.16526572245462	15.938299740456321	6.1230340180017	4
112	2.006103708676933	1.4169134716574852	1.5338637086769331	2.3719614716574853	8.57693204315165	9.56764232181362	1.34071027866197	3
113	1.5338637086769331	2.3719614716574853	2.006103708676933	2.3719614716574853	16.784001917200545	17.50158902579944	1.0675871085988953	3
114	1.5338637086769331	2.3719614716574853	1.5338637086769331	2.3719614716574853	9.305025935981927	16.003905753653505	7.048879817671578	4
115	0.33490008817485006	0.4067972578155855	-0.13733991182514993	1.3618452578155855	7.599590953979062	8.590488847791939	1.3408978938128766	3
116	-0.13733991182514993	1.3618452578155855	0.33490008817485006	1.3618452578155855	16.97814494167174	17.695732050270635	1.0675871085988953	3
117	-0.13733991182514993	1.3618452578155855	-0.13733991182514993	1.3618452578155855	9.357775572783225	16.53615742493341	7.528381852150185	4
118	1.2003742496499274	-0.8161361851757643	1.8229942496499278	0.29177181482423564	8.732705936563839	9.818109972071527	1.435404035507688	3
119	1.8229942496499278	0.29177181482423564	1.2003742496499274	0.29177181482423564	17.843016558202386	18.62989205700775	1.1368754988053653	3
120	1.8229942496499278	0.29177181482423564	1.8229942496499278	0.29177181482423564	10.583809240860681	16.26733566919404	6.033526428333358	4
121	0.5615108334797905	-0.8897828658856324	-0.2754781665202095	0.2665951341143675	7.156948690074189	8.314672488621792	1.507723798547603	3
122	-0.2754781665202095	0.2665951341143675	0.5615108334797905	0.2665951341143675	17.892147515566403	18.777794678955956	1.2356471633895532	3
123	-0.2754781665202095	0.2665951341143675	-0.2754781665202095	0.2665951341143675	10.241488130877464	17.42286524266845	7.531377111790986	4
124	1.2279965256694663	-1.108457705585165	0.6352065256694663	0.18275029441483492	7.796206899611674	8.950765377852774	1.5045584782411	3
125	0.6352065256694663	0.18275029441483492	1.2279965256694663	0.18275029441483492	18.21457522824434	18.98770639482561	1.1231311665812727	3
126	0.6352065256694663	0.18275029441483492	0.6352065256694663	0.18275029441483492	9.25557566012293	17.470958848529808	8.565383188406877	4
127	0.32072685170433957	1.0950649093443667	0.4164168517043396	2.3390529093443666	7.662309571505375	8.737165043655581	1.4248554721502065	3
128	0.4164168517043396	2.3390529093443666	0.32072685170433957	2.3390529093443666	17.384488629914898	17.92857830978494	0.8940896798700407	3
129	0.4164168517043396	2.3390529093443666	0.4164168517043396	2.3390529093443666	9.40994498061601	16.086603202820445	7.026658222204436	4
130	1.856096768508128	-0.7535154055505623	0.35672076850812817	0.5345865944494377	7.7326295067622075	9.143320563687263	1.7606910569250558	3
131	0.35672076850812817	0.5345865944494377	1.856096768508128	0.5345865944494377	17.7577233187428	18.94856883911926	1.5408455203764597	3
132	0.35672076850812817	0.5345865944494377	0.35672076850812817	0.5345865944494377	10.102247041024302	16.34053072645803	6.588283685433728	4
133	1.782482887399987	-0.4228444849477848	0.614922887399987	0.2898675150522151	8.138432561792778	9.268660137766163	1.480227575973386	3
134	0.614922887399987	0.2898675150522151	1.782482887399987	0.2898675150522151	16.2101024444749	17.24806196614974	1.3879595216748428	3
135	0.614922887399987	0.2898675150522151	0.614922887399987	0.2898675150522151	10.786481253229686	15.870481592965215	5.434000339735528	4
136	1.5761383003479978	1.8454379656405862	0.04382930034799781	2.759479965640586	7.10533056554769	8.42739183409013	1.6720612685424405	3
137	0.04382930034799781	2.759479965640586	1.5761383003479978	2.759479965640586	17.201447682983087	18.407467259448588	1.5560195764655007	3
138	0.04382930034799781	2.759479965640586	0.04382930034799781	2.759479965640586	10.471638068204296	16.576804837133455	6.455166768929159	4
139	3.3544649731569467	1.1664842171600749	3.000904973156947	2.205416217160075	7.814094098154321	8.819050045738223	1.354955947583902	3
140	3.000904973156947	2.205416217160075	3.3544649731569467	2.205416217160075	16.74543857115985	17.408343234289244	1.012904663129396	3
141	3.000904973156947	2.205416217160075	3.000904973156947	2.205416217160075	10.359373964798522	15.99889950100711	5.989525536208587	4
142	3.716502381222685	1.2635479046660902	2.875162381222685	2.69891990466609	6.704842619400186	7.970486925661153	1.615644306260967	3
143	2.875162381222685	2.69891990466609	3.716502381222685	2.69891990466609	17.89779884395022	18.78545075388711	1.2376519099368886	3
144	2.875162381222685	2.69891990466609	2.875162381222685	2.69891990466609	10.401633135278868	16.789898763519403	6.738265628240535	4
145	2.619708898469286	0.7930426994322999	1.3315988984692857	0.8638786994323	6.9599660072574085	8.054365226138112	1.444399218880703	3
146	1.3315988984692857	0.8638786994323	2.619708898469286	0.8638786994323	18.407576528523634	19.501080108180854	1.4435035796572202	3
147	1.3315988984692857	0.8638786994323	1.3315988984692857	0.8638786994323	9.72027595814666	17.315719672477904	7.945443714331244	4
148	-0.722836611411518	3.2346074681425754	-0.09960161141151791	1.4599704681425754	6.85107391530192	8.217681744892499	1.7166078295905787	3
149	-0.09960161141151791	1.4599704681425754	-0.722836611411518	1.4599704681425754	17.824928639268787	18.612087502617157	1.1371588633483705	3
150	-0.09960161141151791	1.4599704681425754	-0.09960161141151791	1.4599704681425754	9.56137645229357	15.31082473184319	6.09944827954962	4
151	0.2214595623124494	3.4037466750640455	1.9420445623124494	1.7310146750640456	7.651509542643461	9.257057170183064	1.955547627539603	3
152	1.9420445623124494	1.7310146750640456	0.2214595623124494	1.7310146750640456	17.964141206458176	19.256909958043458	1.6427687515852818	3
153	1.9420445623124494	1.7310146750640456	1.9420445623124494	1.7310146750640456	10.22617245179736	17.238631476656693	7.362459024859332	4
154	0.2158385486002533	2.046677865427955	0.2158385486002533	2.046677865427955	7.88037927788002	8.38037927788002	0.8500000000000009	3
155	0.2158385486002533	2.046677865427955	0.2158385486002533	2.046677865427955	17.494029890139892	17.994029890139892	0.85	3
156	0.2158385486002533	2.046677865427955	0.2158385486002533	2.046677865427955	9.83155765815782	16.679698694979763	7.1981410368219425	4
157	0.8083089715286307	1.5322750862492425	0.8083089715286307	1.5322750862492425	7.043990365368322	7.543990365368322	0.85	3
158	0.8083089715286307	1.5322750862492425	0.8083089715286307	1.5322750862492425	17.717209552249397	18.217209552249397	0.85	3
159	0.8083089715286307	1.5322750862492425	0.8083089715286307	1.5322750862492425	10.398543058460026	16.12549282569308	6.076949767233053	4
160	1.1331233982515903	3.647122426523346	1.1331233982515903	3.647122426523346	7.470550641067433	7.970550641067433	0.85	3
161	1.1331233982515903	3.647122426523346	1.1331233982515903	3.647122426523346	18.24835597073083	18.74835597073083	0.85	3
162	1.1331233982515903	3.647122426523346	1.1331233982515903	3.647122426523346	8.97584799653043	17.23868385315157	8.61283585662114	4
163	1.1090423071242665	1.138388539996825	0.9207663071242664	1.897078539996825	6.782020832768318	7.642140939461346	1.210120106693029	3
164	0.9207663071242664	1.897078539996825	1.1090423071242665	1.897078539996825	16.759142464175444	17.345891639295225	0.9367491751197811	3
165	0.9207663071242664	1.897078539996825	0.9207663071242664	1.897078539996825	10.008218707913825	16.47545816467644	6.817239456762614	4
166	2.2160841443031774	3.031320287167061	2.2017941443031774	2.0501732871670604	6.200716703854489	7.152497483938753	1.3017807800842642	3
167	2.2017941443031774	2.0501732871670604	2.2160841443031774	2.0501732871670604	17.438628068080664	17.94521226209616	0.8565841940154953	3
168	2.2017941443031774	2.0501732871670604	2.2017941443031774	2.0501732871670604	10.0262487933196	17.117352520395517	7.441103727075918	4
169	2.2203898826510056	1.2936983452829733	2.2060998826510057	0.31255134528297324	7.570497974243563	8.522277443727342	1.3017794694837792	3
170	2.2060998826510057	0.31255134528297324	2.2203898826510056	0.31255134528297324	17.813726990971066	18.32031118498656	0.8565841940154953	3
171	2.2060998826510057	0.31255134528297324	2.2060998826510057	0.31255134528297324	9.711028150856679	16.270783003037877	6.909754852181198	4
172	2.0475767563121248	2.0921910649328748	2.033286756312125	1.1110440649328748	8.321287385721917	9.273117453395344	1.3018300676734271	3
173	2.033286756312125	1.1110440649328748	2.0475767563121248	1.1110440649328748	18.247422319101872	18.754006513117368	0.8565841940154953	3
174	2.033286756312125	1.1110440649328748	2.033286756312125	1.1110440649328748	10.640416085275568	15.978885196801109	5.68846911152554	4
175	2.318509344344487	0.24048985222513064	2.2228193443444866	-1.0034981477748695	7.867574528466631	8.941993084502407	1.4244185560357763	3
176	2.2228193443444866	-1.0034981477748695	2.318509344344487	-1.0034981477748695	16.702999408047962	17.247089087918003	0.8940896798700407	3
177	2.2228193443444866	-1.0034981477748695	2.2228193443444866	-1.0034981477748695	10.333964372586962	17.060188236463905	7.076223863876942	4
178	2.1094379485661032	2.7150855082483814	2.709067948566103	1.713433508248381	7.18448758741623	8.222029491386818	1.3875419039705883	3
179	2.709067948566103	1.713433508248381	2.1094379485661032	1.713433508248381	17.93886218175279	18.715144914958692	1.1262827332059033	3
180	2.709067948566103	1.713433508248381	2.709067948566103	1.713433508248381	10.012833895300513	17.048162690491147	7.385328795190633	4
181	3.5119808079725843	1.6923088839065754	2.391025807972584	2.363388883906575	7.088761261842655	8.190515519846212	1.451754258003557	3
182	2.391025807972584	2.363388883906575	3.5119808079725843	2.363388883906575	17.673162213556836	18.68964823193621	1.366486018379375	3
183	2.391025807972584	2.363388883906575	2.391025807972584	2.363388883906575	9.356064825367703	16.29261206867186	7.286547243304158	4
184	2.2472820599995744	2.943533022019597	1.1263270599995745	3.614613022019597	6.953477705315791	8.055373742794954	1.451896037479163	3
185	1.1263270599995745	3.614613022019597	2.2472820599995744	3.614613022019597	17.420692216063802	18.437178234443177	1.366486018379375	3
186	1.1263270599995745	3.614613022019597	1.1263270599995745	3.614613022019597	9.896993235390674	16.52986458490121	6.982871349510534	4
187	1.3475683354530474	2.010966756917664	0.22661333545304746	2.682046756917664	7.652505172853438	8.754455042113962	1.4519498692605244	3
188	0.22661333545304746	2.682046756917664	1.3475683354530474	2.682046756917664	18.045444990345747	19.06193100872512	1.366486018379375	3
189	0.22661333545304746	2.682046756917664	0.22661333545304746	2.682046756917664	9.975437187493986	16.59295365092889	6.9675164634349045	4
190	0.8932386462481469	2.03956289462338	-0.22771635375185317	2.71064289462338	6.641350652509395	7.743312829601825	1.45196217709243	3
191	-0.22771635375185317	2.71064289462338	0.8932386462481469	2.71064289462338	17.09934482494456	18.115830843323934	1.366486018379375	3
192	-0.22771635375185317	2.71064289462338	-0.22771635375185317	2.71064289462338	9.616703018877931	15.892812909592354	6.626109890714423	4
193	1.5221901452304123	1.0149380602096358	0.40123514523041237	1.6860180602096357	8.278070129738103	9.380012612127736	1.4519424823896334	3
194	0.40123514523041237	1.6860180602096357	1.5221901452304123	1.6860180602096357	17.85924458412446	18.875730602503836	1.366486018379375	3
195	0.40123514523041237	1.6860180602096357	0.40123514523041237	1.6860180602096357	10.683452395805597	17.227897542737285	6.894445146931687	4
196	3.3412965494860147	0.9779481854942002	3.410886549486015	0.5603851854942001	7.371162192212048	8.065880765446892	1.0447185732348436	3
197	3.410886549486015	0.5603851854942001	3.3412965494860147	0.5603851854942001	17.3573735294291	17.889437494547256	0.8820639651181551	3
198	3.410886549486015	0.5603851854942001	3.410886549486015	0.5603851854942001	10.076168241759305	16.64024398691422	6.914075745154916	4
199	2.551551540595206	-0.30531173974532355	2.539741540595206	-0.9857157397453236	7.8378736883050335	8.651111362465075	1.1632376741600416	3
200	2.539741540595206	-0.9857157397453236	2.551551540595206	-0.9857157397453236	16.795252768109417	17.300694288845808	0.8554415207363902	3
201	2.539741540595206	-0.9857157397453236	2.539741540595206	-0.9857157397453236	9.847736839704496	16.877491026506146	7.37975418680165	4
202	1.3140206495995304	2.0376445749686978	0.9001806495995305	1.4976715749686977	8.179929948637735	8.993353429867184	1.1634234812294495	3
203	0.9001806495995305	1.4976715749686977	1.3140206495995304	1.4976715749686977	16.69176373782446	17.382442733721817	1.0406789958973577	3
204	0.9001806495995305	1.4976715749686977	0.9001806495995305	1.4976715749686977	9.922399578739967	16.422828494717162	6.850428915977195	4
205	2.224508482399279	1.6359070836146472	1.8106684823992787	1.095934083614647	6.842933632793028	7.65627156959545	1.1633379368024221	3
206	1.8106684823992787	1.095934083614647	2.224508482399279	1.095934083614647	17.77568222342679	18.46636121932415	1.0406789958973577	3
207	1.8106684823992787	1.095934083614647	1.8106684823992787	1.095934083614647	10.447407178717874	15.802436141944236	5.705028963226361	4
208	0.3940923084912016	0.5638345603621813	0.9085823084912017	-0.2197164396378187	7.2531305693265145	8.185005749035177	1.281875179708663	3
209	0.9085823084912017	-0.2197164396378187	0.3940923084912016	-0.2197164396378187	17.08276778578539	17.819821808111	1.0870540223256122	3
210	0.9085823084912017	-0.2197164396378187	0.9085823084912017	-0.2197164396378187	8.564591618310924	16.42301013550094	8.208418517190017	4
211	3.117816660068721	0.872680688297109	2.0807416600687207	2.107344688297109	7.351852675049711	8.594332826673748	1.5924801516240366	3
212	2.0807416600687207	2.107344688297109	3.117816660068721	2.107344688297109	17.53650497878282	18.514342838028544	1.3278378592457245	3
213	2.0807416600687207	2.107344688297109	2.0807416600687207	2.107344688297109	10.499544575635102	15.759945470597525	5.610400894962423	4
214	-0.3314752103954218	2.5977579033226332	-0.5719472103954218	2.6511879033226333	7.088064781195836	7.701565357170775	0.963500575974939	3
215	-0.5719472103954218	2.6511879033226333	-0.3314752103954218	2.6511879033226333	16.444414552170525	17.055213313772665	0.9607987616021404	3
216	-0.5719472103954218	2.6511879033226333	-0.5719472103954218	2.6511879033226333	10.352312736946402	15.785328598039573	5.783015861093171	4
217	2.3109988441653373	0.536231435911593	2.1916988441653373	-0.904115564088407	7.261895682060225	8.427305153797072	1.5154094717368465	3
218	2.1916988441653373	-0.904115564088407	2.3109988441653373	-0.904115564088407	17.695772223328436	18.250740337117715	0.904968113789279	3
219	2.1916988441653373	-0.904115564088407	2.1916988441653373	-0.904115564088407	10.39818636503411	16.540966233775276	6.492779868741165	4
220	0.8993448448056328	1.5104514733081928	0.7800448448056329	0.07010447330819303	6.920008683348732	8.085857665659173	1.5158489823104406	3
221	0.7800448448056329	0.07010447330819303	0.8993448448056328	0.07010447330819303	17.34923355548363	17.904201669272908	0.904968113789279	3
222	0.7800448448056329	0.07010447330819303	0.7800448448056329	0.07010447330819303	9.881367621501253	17.1058586674225	7.574491045921246	4
223	1.2914100879518315	3.0558704541122674	1.1721100879518316	1.6155234541122674	7.326213103988306	8.491980275670803	1.5157671716824974	3
224	1.1721100879518316	1.6155234541122674	1.2914100879518315	1.6155234541122674	16.91759638733086	17.47256450112014	0.904968113789279	3
225	1.1721100879518316	1.6155234541122674	1.1721100879518316	1.6155234541122674	10.64138780091914	16.165253560223594	5.8738657593044525	4
226	1.0557530941312034	2.3730046183770663	0.9364530941312036	0.9326576183770665	7.3111779171547	8.476997974933482	1.5158200577787828	3
227	0.9364530941312036	0.9326576183770665	1.0557530941312034	0.9326576183770665	17.694305853158504	18.249273966947783	0.904968113789279	3
228	0.9364530941312036	0.9326576183770665	0.9364530941312036	0.9326576183770665	11.015645257721028	16.17177877071621	5.506133512995181	4
229	2.887856362354057	2.0098473110978627	2.6871563623540573	0.3066593110978629	7.07485217794977	8.364112202143081	1.639260024193311	3
230	2.6871563623540573	0.3066593110978629	2.887856362354057	0.3066593110978629	18.823772239545004	19.416245839188825	0.9424735996438208	3
231	2.6871563623540573	0.3066593110978629	2.6871563623540573	0.3066593110978629	10.346072976632108	16.877492946528484	6.881419969896376	4
232	1.7050497721429316	1.792575177880687	1.1023197721429316	0.2298181778806872	7.437789337832187	8.709331675629313	1.6215423377971265	3
233	1.1023197721429316	0.2298181778806872	1.7050497721429316	0.2298181778806872	18.089481875168048	18.867192949972836	1.1277110748047883	3
234	1.1023197721429316	0.2298181778806872	1.1023197721429316	0.2298181778806872	10.484916535704853	16.896988499650153	6.762071963945299	4
235	0.6949418792361939	1.6753102867098284	0.0922118792361939	0.1125532867098285	7.351548642789147	8.623276742490802	1.6217280997016545	3
236	0.0922118792361939	0.1125532867098285	0.6949418792361939	0.1125532867098285	17.181928455434214	17.959639530239002	1.1277110748047883	3
237	0.0922118792361939	0.1125532867098285	0.0922118792361939	0.1125532867098285	10.434097928829589	16.767313805428127	6.683215876598538	4
238	1.635319991681143	2.88828304098076	1.032589991681143	1.32552604098076	6.877638557377631	8.149200427201063	1.6215618698234313	3
239	1.032589991681143	1.32552604098076	1.635319991681143	1.32552604098076	17.70457745067193	18.48228852547672	1.1277110748047883	3
240	1.032589991681143	1.32552604098076	1.032589991681143	1.32552604098076	11.005244214020315	16.39801248342631	5.742768269405994	4
241	2.4768127630954586	1.0536170733578496	1.8740827630954588	-0.5091399266421505	7.718993700932773	8.990253440656671	1.621259739723898	3
242	1.8740827630954588	-0.5091399266421505	2.4768127630954586	-0.5091399266421505	17.058616826054465	17.836327900859253	1.1277110748047883	3
243	1.8740827630954588	-0.5091399266421505	1.8740827630954588	-0.5091399266421505	10.845099477805823	16.423239631254333	5.92814015344851	4
244	1.2618553428687855	1.069503870510966	0.6591253428687854	-0.493253129489034	7.058108479529767	8.3297580284291	1.621649548899334	3
245	0.6591253428687854	-0.493253129489034	1.2618553428687855	-0.493253129489034	17.73875145261436	18.516462527419147	1.1277110748047883	3
246	0.6591253428687854	-0.493253129489034	0.6591253428687854	-0.493253129489034	9.445950712340666	16.383200673047398	7.287249960706731	4
247	1.6391375154868648	3.014446129338962	2.1337575154868644	1.5535941293389621	7.23090676542472	8.441189428343677	1.5602826629189566	3
248	2.1337575154868644	1.5535941293389621	1.6391375154868648	1.5535941293389621	17.18881189459832	17.916710708030443	1.0778988134321232	3
249	2.1337575154868644	1.5535941293389621	2.1337575154868644	1.5535941293389621	10.347696333539716	16.518296484346926	6.52060015080721	4
250	0.38216375630942423	2.5670382073368527	0.8767837563094241	1.1061862073368531	7.6247852556410525	8.83537498377364	1.5605897281325878	3
251	0.8767837563094241	1.1061862073368531	0.38216375630942423	1.1061862073368531	18.51874098070138	19.246639794133504	1.0778988134321232	3
252	0.8767837563094241	1.1061862073368531	0.8767837563094241	1.1061862073368531	10.702574947172574	16.4723514035266	6.119776456354025	4
253	2.9974405572112617	0.9293776949186692	3.323040557211262	-0.8769573050813307	8.045800878480826	9.39024559619041	1.6944447177095836	3
254	3.323040557211262	-0.8769573050813307	2.9974405572112617	-0.8769573050813307	17.705984202686693	18.35600614610487	1.000021943418178	3
255	3.323040557211262	-0.8769573050813307	3.323040557211262	-0.8769573050813307	10.706940799263306	16.618724770170427	6.261783970907121	4
256	0.21140868372062505	1.9490385218254234	-0.826280316279375	1.4022285218254233	7.888517654500305	8.928954981533852	1.3904373270335477	3
257	-0.826280316279375	1.4022285218254233	0.21140868372062505	1.4022285218254233	17.712227335507233	18.690348098540607	1.328120763033374	3
258	-0.826280316279375	1.4022285218254233	-0.826280316279375	1.4022285218254233	10.397371749841843	16.249615214205853	6.20224346436401	4
259	-0.4531786593739937	3.2929095534694524	0.5273483406260063	3.0170195534694524	7.594522319299202	8.563847868183048	1.3193255488838465	3
260	0.5273483406260063	3.0170195534694524	-0.4531786593739937	3.0170195534694524	18.22556706823621	19.177350133696887	1.3017830654606777	3
261	0.5273483406260063	3.0170195534694524	0.5273483406260063	3.0170195534694524	10.83774965075109	16.224005206955233	5.736255556204142	4
262	1.3283217605004343	3.5878594172643363	2.169038760500434	2.7750994172643364	7.7089611792958	8.747622789703811	1.3886616104080116	3
263	2.169038760500434	2.7750994172643364	1.3283217605004343	2.7750994172643364	17.92994613474764	18.81731099409869	1.237364859351049	3
264	2.169038760500434	2.7750994172643364	2.169038760500434	2.7750994172643364	9.668766228984298	17.07731283940256	7.758546610418261	4
265	0.9007460953300351	3.8909316305875326	2.676013095330035	3.068231630587533	7.460509564040893	8.86195415881089	1.7514445947699975	3
266	2.676013095330035	3.068231630587533	0.9007460953300351	3.068231630587533	17.349311200395487	18.667274976274356	1.6679637758788695	3
267	2.676013095330035	3.068231630587533	2.676013095330035	3.068231630587533	9.672663779886639	17.198753486619335	7.876089706732696	4
268	0.17163258490755434	1.497349349563597	1.8058395849075544	1.0965693495635969	7.686343615489579	8.961618193389887	1.6252745779003077	3
269	1.8058395849075544	1.0965693495635969	0.17163258490755434	1.0965693495635969	17.718512343378432	18.971481968954574	1.6029696255761423	3
270	1.8058395849075544	1.0965693495635969	1.8058395849075544	1.0965693495635969	9.696514646025086	17.676510646321628	8.329996000296541	4
