ID 		 Origin_X 			 Origin_Y 		 Destination_X 		 Destination_Y 		 E_time 			 L_time 			 Max_Walk
1	0.6245389076979706	3.142521579324614	0.6003089076979706	2.697621579324614	8.089419410818982	8.79470155651993	0.804
2	0.6003089076979706	2.697621579324614	0.6245389076979706	3.142521579324614	17.46884186506164	18.17412401076259	0.804
3	0.7665639634266324	1.2866335641893	0.7423339634266324	0.8417335641893	10.572263832328872	11.277539926025876	0.804
4	0.5933068868253424	2.2878128847611214	0.5498168868253424	0.9698828847611213	7.70179266665115	8.809336285689323	0.804
5	0.5498168868253424	0.9698828847611213	0.5933068868253424	2.2878128847611214	17.751312655709206	18.858856274747378	0.804
6	0.16054523624938888	2.9214067174607314	0.11705523624938885	1.6034767174607314	15.64223943420652	16.749811471347876	0.804
7	0.6016235310610848	2.981312505011831	0.5581335310610848	1.663382505011831	7.05724839875924	8.164791132574578	0.804
8	0.5581335310610848	1.663382505011831	0.6016235310610848	2.981312505011831	17.180094042142596	18.287636775957935	0.804
9	1.6787809909998934	1.2548836806188182	1.6352909909998934	-0.06304631938118188	14.017522325057824	15.124842335995307	0.804
10	-0.422517923377534	2.7832254838404205	-0.168377923377534	1.8890754838404205	7.8939623716299865	8.82225889673152	0.804
11	-0.168377923377534	1.8890754838404205	-0.422517923377534	2.7832254838404205	17.1210842848754	18.049380809976935	0.804
12	-0.16699741545033642	2.422868815345026	0.08714258454966362	1.528718815345026	15.508023432600734	16.436325130223892	0.804
13	-0.06457306367458715	1.638497357982725	0.986796936325413	0.47342735798272473	7.150084983888533	8.37313933037677	0.804
14	0.986796936325413	0.47342735798272473	-0.06457306367458715	1.638497357982725	18.57278210501146	19.795836451499696	0.804
15	-0.1532375067380367	1.9956635257761195	0.8981324932619634	0.8305935257761193	12.022329832224276	13.245388665207361	0.804
16	1.1687991512539173	1.0176741509269005	0.5722841512539173	0.6597641509269005	8.37263548936567	9.193150037460033	0.804
17	0.5722841512539173	0.6597641509269005	1.1687991512539173	1.0176741509269005	18.241391466901376	19.06190601499574	0.804
18	1.6561287250164678	2.1203736546410967	1.0596137250164679	1.7624636546410966	15.398859404960943	16.21935992207883	0.804
19	-0.11047773745124267	2.234579052043973	0.28844226254875727	1.9363190520439726	7.171636173248393	7.901134719839368	0.804
20	0.28844226254875727	1.9363190520439726	-0.11047773745124267	2.234579052043973	16.739371024590845	17.46886957118182	0.804
21	1.9044004900348677	1.821336052965369	2.3033204900348676	1.523076052965369	10.912402466235044	11.641845653189641	0.804
22	0.3307842814032367	1.7039393424134008	-0.07745471859676334	0.5873393424134009	7.946700635867343	8.994484937953453	0.804
23	-0.07745471859676334	0.5873393424134009	0.3307842814032367	1.7039393424134008	17.723488110179055	18.771272412265166	0.804
24	1.5003097301160435	3.7489452214585004	1.0920707301160435	2.6323452214585004	11.445682314420694	12.493344151312941	0.804
25	0.8083587327864503	2.7393208412894228	0.6443187327864504	1.7575508412894227	7.935476916594253	8.894067602777346	0.804
26	0.6443187327864504	1.7575508412894227	0.8083587327864503	2.7393208412894228	17.0789454224733	18.037536108656393	0.804
27	1.800264614747904	1.5334331531685605	1.636224614747904	0.5516631531685605	10.341214918335826	11.299640837270655	0.804
28	0.6769966361890971	3.650164238057092	1.3064466361890972	3.080374238057092	7.254675245416851	8.145847429696822	0.804
29	1.3064466361890972	3.080374238057092	0.6769966361890971	3.650164238057092	18.64132307215571	19.53249525643568	0.804
30	1.3902072326170543	1.681856448382086	2.019657232617054	1.1120664483820861	15.753305123827086	16.644425709309132	0.804
31	1.5767053759721377	2.662783190537194	1.2709903759721377	2.739833190537194	7.861454344101057	8.506716327513532	0.804
32	1.2709903759721377	2.739833190537194	1.5767053759721377	2.662783190537194	16.942922538943918	17.588184522356393	0.804
33	2.042004192479936	1.164752896973145	1.7362891924799357	1.2418028969731454	13.354022436421133	13.999282383870657	0.804
34	1.545597272009363	2.126655290646128	1.8966732720093629	2.424295290646128	7.6861491325351965	8.398178580656072	0.804
35	1.8966732720093629	2.424295290646128	1.545597272009363	2.126655290646128	17.067113460551724	17.7791429086726	0.804
36	1.303738298710336	2.3791375116820674	1.654814298710336	2.6767775116820673	12.899941969246068	13.611981869039699	0.804
37	0.9288887660582309	3.40088308778804	1.2607047660582307	2.8254930877880398	8.09751763909743	8.903513911181557	0.804
38	1.2607047660582307	2.8254930877880398	0.9288887660582309	3.40088308778804	17.11997205085427	17.925968322938395	0.804
39	0.6440836055584971	2.8471191758316614	0.975899605558497	2.271729175831661	10.45041014265919	11.25642538963962	0.804
40	-0.2747815307531887	2.8701842126784003	0.057034469246811215	2.2947942126784	6.7679706224208775	7.574008404042337	0.804
41	0.057034469246811215	2.2947942126784	-0.2747815307531887	2.8701842126784003	17.22566552593641	18.03170330755787	0.804
42	1.7479665145965222	1.1055573508240353	2.079782514596522	0.5301673508240353	14.335124893920597	15.141034981992265	0.804
43	0.2172719314735262	0.7500260537074752	0.5490879314735261	0.17463605370747515	7.5399398415289385	8.345972901805151	0.804
44	0.5490879314735261	0.17463605370747515	0.2172719314735262	0.7500260537074752	17.264689824052557	18.07072288432877	0.804
45	1.333152334558768	1.7426155215368404	1.6649683345587678	1.1672255215368403	13.973742795523792	14.779702393057693	0.804
46	0.12985742647141996	0.705646957900051	0.7593034264714199	0.554036957900051	7.4528654413147715	8.251179624440374	0.804
47	0.7593034264714199	0.554036957900051	0.12985742647141996	0.705646957900051	17.694762705709902	18.493076888835503	0.804
48	0.7287076722578767	2.643851081389923	1.3581536722578766	2.4922410813899227	10.768971141461316	11.567283104726878	0.804
49	0.4551315563142304	2.3866257128141863	1.8818075563142305	1.9640957128141863	6.918482472168169	8.10404131264589	0.804
50	1.8818075563142305	1.9640957128141863	0.4551315563142304	2.3866257128141863	17.919003275105236	19.104562115582958	0.804
51	2.0903577746929334	2.054306831067987	3.5170337746929334	1.631776831067987	11.040602975358766	12.226107164814163	0.804
52	1.7007567441267195	1.0688702193334954	1.4795477441267195	1.4535002193334954	7.509777505613631	8.214157462744591	0.804
53	1.4795477441267195	1.4535002193334954	1.7007567441267195	1.0688702193334954	17.232107797970965	17.936487755101926	0.804
54	1.5366244673632306	0.6633850140019231	1.3154154673632306	1.048015014001923	11.772869372482226	12.477260910794492	0.804
55	1.0787410231923424	2.805795921289718	1.8529670231923423	3.250075921289718	7.084563059069553	7.9958187525440625	0.804
56	1.8529670231923423	3.250075921289718	1.0787410231923424	2.805795921289718	17.647586682240487	18.558842375714995	0.804
57	0.5197078046442858	3.236307640436644	1.2939338046442856	3.680587640436644	10.018974140982973	10.930250413087693	0.804
58	1.1248059755993327	1.5486995631806806	1.0918729755993326	1.1746395631806805	7.388622415025531	8.061607127134089	0.804
59	1.0918729755993326	1.1746395631806805	1.1248059755993327	1.5486995631806806	17.57419141992763	18.247176132036184	0.804
60	0.3214531449924889	2.3521820448483663	0.2885201449924888	1.9781220448483663	10.630333786582003	11.303348187656846	0.804
61	-0.3870572650148749	1.9561571166097045	-0.419990265014875	1.5820971166097044	7.793167323310894	8.46617989879055	0.804
62	-0.419990265014875	1.5820971166097044	-0.3870572650148749	1.9561571166097045	17.47276518093147	18.145777756411128	0.804
63	1.9148554153632138	1.6734573517987505	1.8819224153632137	1.2993973517987505	14.258766303259126	14.931688906268667	0.804
64	-0.041041299585860336	1.4479648598636363	0.17022470041413962	1.2087348598636363	7.099268351826021	7.746323804900977	0.804
65	0.17022470041413962	1.2087348598636363	-0.041041299585860336	1.4479648598636363	17.976094674182967	18.623150127257922	0.804
66	0.31721867136312276	2.2066900306548125	0.5284846713631227	1.9674600306548125	12.65627661039203	13.303329865936469	0.804
67	1.5570205348606916	2.353550394176688	1.7682865348606915	2.114320394176688	6.568987422380794	7.2160081463133725	0.804
68	1.7682865348606915	2.114320394176688	1.5570205348606916	2.353550394176688	16.780660103532092	17.42768082746467	0.804
69	-0.22443168271386016	2.4267614742208767	-0.013165682713860205	2.1875314742208767	13.851493349606297	14.498548677583805	0.804
70	-0.41684987121712447	1.4793315360870205	0.48289612878287547	1.1928815360870206	7.997014909585907	8.93207990592668	0.804
71	0.48289612878287547	1.1928815360870206	-0.41684987121712447	1.4793315360870205	17.04554717653392	17.98061217287469	0.804
72	0.6878541546557431	2.023452553871767	1.587600154655743	1.737002553871767	11.175419970851884	12.110477080683719	0.804
73	0.384024675030214	1.1143037324123681	1.529840675030214	0.8651337324123681	7.265649914942434	8.305925719599273	0.804
74	1.529840675030214	0.8651337324123681	0.384024675030214	1.1143037324123681	16.979102864839795	18.019378669496636	0.804
75	0.8430439379586544	1.1926342102985374	1.9888599379586542	0.9434642102985376	10.049957163228385	11.090228921646561	0.804
76	-0.20061790935120727	2.380044184813801	0.9451980906487927	2.130874184813801	7.656097852981873	8.696376545070287	0.804
77	0.9451980906487927	2.130874184813801	-0.20061790935120727	2.380044184813801	16.68705530586755	17.727333997955963	0.804
78	-0.4570056387667789	0.6744378060746037	0.688810361233221	0.4252678060746038	14.262453191863473	15.302732349056047	0.804
79	0.2566414737319922	1.27174166333961	1.0725074737319922	0.42170766333960985	7.807199483505828	8.8500478466071	0.804
80	1.0725074737319922	0.42170766333960985	0.2566414737319922	1.27174166333961	17.564025633373006	18.606873996474278	0.804
81	1.455500097023715	2.0598044160067586	2.2713660970237153	1.2097704160067588	13.82447771388231	14.867195667818075	0.804
82	0.34159835846223896	2.272419430433718	0.3608613584622389	2.603619430433718	6.952762578703151	7.605619776942563	0.804
83	0.3608613584622389	2.603619430433718	0.34159835846223896	2.272419430433718	17.029750902639254	17.682608100878667	0.804
84	1.8400851348672966	2.3782646945845825	1.8593481348672967	2.7094646945845824	11.086878875818503	11.73965955382375	0.804
85	0.9889686126765924	1.650741245930008	1.0082316126765922	1.9819412459300079	7.907226573877242	8.560063496564238	0.804
86	1.0082316126765922	1.9819412459300079	0.9889686126765924	1.650741245930008	17.02877823410793	17.681615156794926	0.804
87	0.4161307466750562	0.6178611269552241	0.4353937466750561	0.949061126955224	12.253480712292983	12.906336566803617	0.804
88	0.7201376739937146	2.6740608655066187	0.7394006739937146	3.0052608655066186	7.464220099147168	8.117067802662236	0.804
89	0.7394006739937146	3.0052608655066186	0.7201376739937146	2.6740608655066187	16.467449119280122	17.12029682279519	0.804
90	1.4346713631397368	1.6056221526977497	1.4539343631397366	1.9368221526977496	13.440494591876696	14.093306252398886	0.804
91	0.2922047218658129	2.5922027848212563	0.9502407218658128	2.739472784821256	7.252105145110182	8.062798135720303	0.804
92	0.9502407218658128	2.739472784821256	0.2922047218658129	2.5922027848212563	17.103467262792506	17.914160253402628	0.804
93	1.6257247188595318	2.4288334807925525	2.283760718859532	2.5761034807925522	12.263376667406861	13.074061907478445	0.804
94	1.2314000744205775	0.8729648734176156	2.2361560744205775	1.0457148734176156	7.440733526143304	8.410466570540619	0.804
95	2.2361560744205775	1.0457148734176156	1.2314000744205775	0.8729648734176156	17.845382726638316	18.815115771035632	0.804
96	0.9030595185703673	3.1022264709772402	1.9078155185703674	3.27497647097724	12.982992037867472	13.952727198666567	0.804
97	2.1450067796921335	1.7540136285659447	3.1497627796921335	1.9267636285659446	8.014128836846577	8.983853666692067	0.804
98	3.1497627796921335	1.9267636285659446	2.1450067796921335	1.7540136285659447	16.91736785746329	17.88709268730878	0.804
99	2.0121625119103483	3.0988640819451168	3.0169185119103483	3.271614081945117	15.35844336869248	16.328169605383884	0.804
100	1.4943102884859343	1.0249306237989009	1.7055762884859345	-0.1923353762010992	7.990146374457167	9.059176999901126	0.804
101	1.7055762884859345	-0.1923353762010992	1.4943102884859343	1.0249306237989009	17.10906093732805	18.178091562772007	0.804
102	1.5559095223787938	2.9242823792053505	1.767175522378794	1.7070163792053505	12.12895671958255	13.197970437473266	0.804
103	1.744302630105885	1.32550709053519	1.106771630105885	1.9779470905351901	6.804550449668648	7.72478759272363	0.804
104	1.106771630105885	1.9779470905351901	1.744302630105885	1.32550709053519	16.833304162172087	17.75354130522707	0.804
105	1.5536714482341278	2.588964272791441	0.916140448234128	3.241404272791441	11.01798441574888	11.938238164165995	0.804
106	0.9056198031518112	2.817418613991726	0.26808880315181133	3.4698586139917262	8.320939943896343	9.241232351005984	0.804
107	0.26808880315181133	3.4698586139917262	0.9056198031518112	2.817418613991726	17.604569638864113	18.52486204597375	0.804
108	2.267560996456205	0.610081065752843	1.630029996456205	1.2625210657528432	13.542246420612166	14.462425761687417	0.804
109	2.5405381292210256	1.2936066384013014	2.2087221292210257	1.8689966384013015	7.668022145440223	8.473863143111267	0.804
110	2.2087221292210257	1.8689966384013015	2.5405381292210256	1.2936066384013014	16.942365319764168	17.748206317435212	0.804
111	0.12907974060773086	2.166986233621203	-0.20273625939226902	2.7423762336212034	14.048403490222448	14.854441639033784	0.804
112	2.033041788522394	2.7578934834262983	2.033041788522394	2.7578934834262983	7.256503354803972	7.756503354803972	0.804
113	2.033041788522394	2.7578934834262983	2.033041788522394	2.7578934834262983	18.00937434304294	18.50937434304294	0.804
114	1.0552285765569824	-0.46745055934826785	1.0552285765569824	-0.46745055934826785	12.798492082909437	13.298492082909437	0.804
115	1.195935742963267	2.882226420691187	1.195935742963267	2.882226420691187	7.631981295913233	8.131981295913233	0.804
116	1.195935742963267	2.882226420691187	1.195935742963267	2.882226420691187	17.98857000620518	18.48857000620518	0.804
117	1.9008645312136179	2.5206710717265883	1.9008645312136179	2.5206710717265883	14.01894463131173	14.51894463131173	0.804
118	0.9060284519316635	2.534556905398972	1.2036584519316635	2.9583369053989723	8.113451952402798	8.85202884885309	0.804
119	1.2036584519316635	2.9583369053989723	0.9060284519316635	2.534556905398972	17.75118417755903	18.489761074009323	0.804
120	1.095616059079557	0.4873454755024028	1.393246059079557	0.9111254755024029	10.962089586965586	11.700655875866985	0.804
121	1.4531002245800306	2.657371543943724	1.7507302245800307	3.081151543943724	7.400396599896686	8.138938130151237	0.804
122	1.7507302245800307	3.081151543943724	1.4531002245800306	2.657371543943724	16.901420491647315	17.639962021901866	0.804
123	1.768640081094386	1.7785141555725148	2.066270081094386	2.202294155572515	15.029954765984813	15.768469278138388	0.804
124	2.1428639713789943	1.2689617385139875	2.0223139713789946	1.6051217385139875	7.338680911900661	8.003130283805351	0.804
125	2.0223139713789946	1.6051217385139875	2.1428639713789943	1.2689617385139875	17.160613403537216	17.825062775441907	0.804
126	2.224550112671814	1.2733734038364382	2.104000112671814	1.6095334038364382	10.478584151277156	11.143025822025221	0.804
127	1.1421862529523772	2.7214304201795807	1.0216362529523773	3.0575904201795807	7.598824828069346	8.263344505679544	0.804
128	1.0216362529523773	3.0575904201795807	1.1421862529523772	2.7214304201795807	17.446324810762082	18.11084448837228	0.804
129	1.0272134864627354	0.6647683707562386	0.9066634864627354	1.0009283707562386	14.052356142031027	14.716881050182598	0.804
130	-0.17978414565955947	0.1936388166737042	0.3881458543404406	0.4825788166737044	7.305209123289807	8.098804607657256	0.804
131	0.3881458543404406	0.4825788166737044	-0.17978414565955947	0.1936388166737042	17.637097707914503	18.43069319228195	0.804
132	1.605049424147518	0.6031535935488574	2.1729794241475178	0.8920935935488576	14.72876765702561	15.522330440965034	0.804
133	2.153723180378077	-0.08774010707277302	2.9677231803780773	0.23847989292722716	7.585771630887912	8.489767974798404	0.804
134	2.9677231803780773	0.23847989292722716	2.153723180378077	-0.08774010707277302	17.562695841648598	18.46669218555909	0.804
135	-0.3256507714916894	2.1192892860032915	0.48834922850831064	2.4455092860032916	10.875749156387911	11.779801256392396	0.804
136	0.2691051383218567	0.44801642422085475	0.7531551383218568	0.17337242422085486	7.364371759926741	8.120796614962606	0.804
137	0.7531551383218568	0.17337242422085486	0.2691051383218567	0.44801642422085475	17.943515821897638	18.6999406769335	0.804
138	1.304207201871737	2.7637527222842353	1.788257201871737	2.489108722284236	14.756466144926023	15.512870748994004	0.804
139	1.181014905322954	1.1824661351932235	0.868461905322954	2.0890561351932235	7.746012199421576	8.687792228220387	0.804
140	0.868461905322954	2.0890561351932235	1.181014905322954	1.1824661351932235	17.869803208213085	18.811583237011895	0.804
141	2.485122640695575	1.1129595469564129	2.172569640695575	2.0195495469564126	15.94963984013134	16.89115686695557	0.804
142	1.068197446963576	0.5382624676038517	0.755644446963576	1.4448524676038517	7.5043761042426755	8.446169274168373	0.804
143	0.755644446963576	1.4448524676038517	1.068197446963576	0.5382624676038517	18.45869841753143	19.40049158745713	0.804
144	2.204006799339031	0.6043227435578271	1.8914537993390312	1.5109127435578271	10.645498540491158	11.587089546645984	0.804
145	1.392720481363726	2.610659961720806	1.7189404813637261	3.3333199617208065	7.299483311881154	8.164694225479309	0.804
146	1.7189404813637261	3.3333199617208065	1.392720481363726	2.610659961720806	17.11845585861139	17.983666772209546	0.804
147	0.46827940646404775	0.5981289376626168	0.7944994064640477	1.3207889376626167	15.520425077604695	16.38572944343875	0.804
148	0.481531924858397	1.2701219191118995	1.154471924858397	2.0182619191119	7.673708920933317	8.637321587639171	0.804
149	1.154471924858397	2.0182619191119	0.481531924858397	1.2701219191118995	17.091416488595893	18.05502915530175	0.804
150	1.2752008708803535	0.8472111669301119	1.9481408708803536	1.595351166930112	11.793240802288533	12.756778207904905	0.804
151	1.7485487842503713	2.5889363836379378	2.4214887842503714	3.337076383637938	7.2616624288620555	8.225131556322655	0.804
152	2.4214887842503714	3.337076383637938	1.7485487842503713	2.5889363836379378	17.741254273759285	18.704723401219884	0.804
153	0.40631540322139414	1.3024448860444227	1.0792554032213943	2.0505848860444225	15.201868533597523	16.165485782704717	0.804
154	2.2510769935507957	1.0796487528774101	3.198046993550795	2.04463875287741	7.184072871172678	8.306661020902474	0.804
155	3.198046993550795	2.04463875287741	2.2510769935507957	1.0796487528774101	18.690925086741274	19.81351323647107	0.804
156	1.1285082144483485	0.700205055545311	2.0754782144483483	1.6651950555453112	13.0430080416563	14.165830815739497	0.804
157	2.8704794802769404	2.358013455782417	1.1380884802769402	2.8575934557824167	7.414023662672871	8.744717701668028	0.804
158	1.1380884802769402	2.8575934557824167	2.8704794802769404	2.358013455782417	17.41977705142083	18.75047109041599	0.804
159	2.967916223249825	1.5116593024182543	1.235525223249825	2.0112393024182547	11.890963438334325	13.221653593370384	0.804
160	1.8784526030255526	0.49537261933609245	0.1460616030255525	0.9949526193360926	7.365826311004115	8.696549410705959	0.804
161	0.1460616030255525	0.9949526193360926	1.8784526030255526	0.49537261933609245	17.84093366551547	19.171656765217314	0.804
162	0.7501969136751234	0.5651028278740573	-0.9821940863248767	1.0646828278740574	11.12860712744763	12.459340050976964	0.804
163	1.8356592493589996	0.33779938704977575	0.4089832493589996	0.7603293870497758	7.228100118433746	8.413659848948123	0.804
164	0.4089832493589996	0.7603293870497758	1.8356592493589996	0.33779938704977575	17.50908604537231	18.694645775886688	0.804
165	1.6356369698742503	2.1035790378608548	0.20896096987425028	2.526109037860855	15.752665478679429	16.938228652526924	0.804
166	0.9778589350187137	0.9200173076602236	-0.4488170649812864	1.3425473076602237	7.901731897953722	9.087301645374305	0.804
167	-0.4488170649812864	1.3425473076602237	0.9778589350187137	0.9200173076602236	16.739866207960922	17.925435955381506	0.804
168	2.4498505191925988	0.8617503380337098	1.023174519192599	1.2842803380337098	12.427922657384826	13.613467607340407	0.804
169	1.6151287773082195	0.62824994484088	0.1884527773082193	1.05077994484088	6.981541886122299	8.167105374947704	0.804
170	0.1884527773082193	1.05077994484088	1.6151287773082195	0.62824994484088	17.60709814167219	18.792661630497594	0.804
171	3.347728403010822	2.219168238910122	1.921052403010822	2.6416982389101222	15.834621643163995	17.02013357507707	0.804
172	1.1056097790118482	2.589772597675458	0.030009779011848092	3.309942597675458	6.999377130549918	8.095782894143412	0.804
173	0.030009779011848092	3.309942597675458	1.1056097790118482	2.589772597675458	17.263129823458353	18.359535587051845	0.804
174	2.575543174138386	0.8162997460345172	1.499943174138386	1.5364697460345171	14.00218205724444	15.098480158357482	0.804
175	1.7693389010709841	0.33274258390940203	0.972108901070984	0.6036625839094021	6.68748495612729	7.575431698274362	0.804
176	0.972108901070984	0.6036625839094021	1.7693389010709841	0.33274258390940203	16.677949846190167	17.56589658833724	0.804
177	1.691996635323226	0.6804109344123537	0.8947666353232259	0.9513309344123537	15.03665448497787	15.924602487214301	0.804
178	2.599411733114696	-0.19778326229801335	1.802181733114696	0.0731367377019867	8.962526754905674	9.850455372245518	0.804
179	1.802181733114696	0.0731367377019867	2.599411733114696	-0.19778326229801335	17.746572562941395	18.634501180281237	0.804
180	2.7051370204446084	0.6663962199236946	1.907907020444608	0.9373162199236946	11.024614745653025	11.91254045052495	0.804
181	3.408649957663684	1.3753209073734203	2.6114199576636836	1.6462409073734203	7.351088573320105	8.238991427732072	0.804
182	2.6114199576636836	1.6462409073734203	3.408649957663684	1.3753209073734203	17.6492080240344	18.53711087844637	0.804
183	0.7874928341222136	1.4189868752320989	-0.009737165877786502	1.689906875232099	11.73577366876745	12.623730977939022	0.804
184	1.8446406779351134	-0.11553242142386155	1.3034206779351134	-0.9605994214238615	6.857534568099496	7.819787974412296	0.804
185	1.3034206779351134	-0.9605994214238615	1.8446406779351134	-0.11553242142386155	17.063484108354686	18.025737514667487	0.804
186	2.355773559261115	3.1092244631530184	1.8145535592611146	2.2641574631530186	12.569502843464257	13.531662871872642	0.804
187	1.0125269672534003	0.6212432667806962	0.3600769672534001	1.4880532667806963	6.9460543109680195	7.945912218245717	0.804
188	0.3600769672534001	1.4880532667806963	1.0125269672534003	0.6212432667806962	16.711172126703133	17.71103003398083	0.804
189	1.4888184117591372	2.266713234289582	0.8363684117591371	3.1335232342895822	14.471059065604216	15.470874176428708	0.804
190	1.207097889937245	2.7046452518727664	-0.25251111006275506	2.7531152518727664	7.532090377732337	8.704983700683027	0.804
191	-0.25251111006275506	2.7531152518727664	1.207097889937245	2.7046452518727664	17.7904891044855	18.963382427436187	0.804
192	1.6702207743115982	0.9033840022388766	0.21061177431159805	0.9518540022388766	11.487840605348303	12.660733854177039	0.804
193	3.1514859093055474	2.859841528838261	1.691876909305547	2.908311528838261	7.394818024680875	8.567710711610871	0.804
194	1.691876909305547	2.908311528838261	3.1514859093055474	2.859841528838261	16.7567762153272	17.9296689022572	0.804
195	1.8839023194964246	1.2367283325130507	0.4242933194964244	1.2851983325130507	14.460233625372027	15.633126823680573	0.804
196	1.9056746821654924	1.5438614376759636	0.6902646821654924	1.7271614376759636	7.400174942139768	8.46651091187102	0.804
197	0.6902646821654924	1.7271614376759636	1.9056746821654924	1.5438614376759636	17.89647724423151	18.96281321396276	0.804
198	1.6920939226813339	0.3459337032239691	0.47668392268133386	0.5292337032239691	11.330608078582884	12.396945024184163	0.804
199	2.0708471910038497	0.6113080427168893	0.8554371910038496	0.7946080427168893	7.036955070359699	8.10329016550471	0.804
200	0.8554371910038496	0.7946080427168893	2.0708471910038497	0.6113080427168893	17.377205886997082	18.443540982142093	0.804
201	2.2797324552916916	2.053492434925336	1.0643224552916914	2.236792434925336	13.625638223387643	14.691972062787416	0.804
202	1.1452144900652683	1.7057979702527053	-0.07019550993473178	1.8890979702527053	7.407823040005739	8.474161686975913	0.804
203	-0.07019550993473178	1.8890979702527053	1.1452144900652683	1.7057979702527053	17.783796991549252	18.850135638519426	0.804
204	2.2351669848439566	1.9938427855371783	1.0197569848439567	2.1771427855371783	14.799549951762891	15.865884073102148	0.804
205	3.214859092700213	2.4607669317129774	2.687929092700213	2.596846931712977	7.4846421459556485	8.235372563640025	0.804
206	2.687929092700213	2.596846931712977	3.214859092700213	2.4607669317129774	17.234296070430965	17.98502648811534	0.804
207	2.137082762560878	2.7655134952768092	1.610152762560878	2.9015934952768094	15.90241445611003	16.65315727690622	0.804
208	2.681947674887189	2.827961244646122	2.4010876748871888	3.001321244646123	6.847531470924443	7.499564591969863	0.804
209	2.4010876748871888	3.001321244646123	2.681947674887189	2.827961244646122	16.519481575212232	17.171514696257653	0.804
210	1.8323495551740623	1.3457776954876433	1.5514895551740622	1.5191376954876434	12.030926419732413	12.68298250701759	0.804
211	1.4444200585748557	1.6560381498377532	1.1635600585748556	1.8293981498377534	8.061951499879001	8.714015011049401	0.804
212	1.1635600585748556	1.8293981498377534	1.4444200585748557	1.6560381498377532	17.057491873932584	17.709555385102984	0.804
213	2.23939241767621	1.4327282290789765	1.95853241767621	1.6060882290789766	10.66671090496508	11.318757137729769	0.804
214	2.0630384768214904	1.2097868600214272	0.6556254768214905	1.9635168600214272	7.72433338702549	8.959894634313283	0.804
215	0.6556254768214905	1.9635168600214272	2.0630384768214904	1.2097868600214272	17.025836045845445	18.26139729313324	0.804
216	2.117932253748559	0.4330317265696909	0.7105192537485592	1.1867617265696908	11.957971482056148	13.193528928150542	0.804
217	2.4259875907512147	2.6513400972833936	1.6573475907512147	3.221140097283394	7.810420905830467	8.751174410944433	0.804
218	1.6573475907512147	3.221140097283394	2.4259875907512147	2.6513400972833936	17.413792517140944	18.35454602225491	0.804
219	2.015677576425591	1.5815468721329977	1.2470375764255908	2.151346872132998	15.516225884206541	16.45701526072373	0.804
220	0.7588239813202386	0.5116140691136336	-0.009816018679761562	1.0814140691136336	7.0345183782910246	7.975367779290798	0.804
221	-0.009816018679761562	1.0814140691136336	0.7588239813202386	0.5116140691136336	17.309417185279422	18.250266586279196	0.804
222	1.74061630933748	0.6698247269185511	0.9719763093374798	1.2396247269185512	12.417878850099218	13.358687790158193	0.804
223	2.265287872090585	0.6637912012691917	1.8433678720905848	1.2590712012691916	7.610158003429095	8.44619930069243	0.804
224	1.8433678720905848	1.2590712012691916	2.265287872090585	0.6637912012691917	16.898332009082406	17.734373306345738	0.804
225	1.8763146821929697	1.5481539015977406	1.4543946821929696	2.1434339015977404	10.179160596970947	11.015251189875402	0.804
226	0.8957961488455892	1.832369289037958	0.47387614884558915	2.4276492890379577	7.05527307408381	7.891442195033299	0.804
227	0.47387614884558915	2.4276492890379577	0.8957961488455892	1.832369289037958	17.262445544386964	18.098614665336452	0.804
228	2.293712149412182	1.2485748797288325	1.8717921494121816	1.8438548797288328	14.007482928825556	14.843520219896936	0.804
229	1.86616058749018	0.4681374719085548	0.65075058749018	-0.3265985280914451	8.290811200621922	9.459858820403754	0.804
230	0.65075058749018	-0.3265985280914451	1.86616058749018	0.4681374719085548	18.112682144435492	19.281729764217324	0.804
231	1.8050598464324066	1.865066199775387	0.5896498464324065	1.0703301997753871	10.470713354861841	11.639765553959064	0.804
232	3.2454930467986145	2.5462355051101975	2.030083046798614	1.7514995051101978	7.700953601878354	8.86983728150802	0.804
233	2.030083046798614	1.7514995051101978	3.2454930467986145	2.5462355051101975	17.00369940198803	18.172583081617695	0.804
234	2.71264137856669	1.5391288833241104	1.49723137856669	0.7443928833241105	12.301829055081122	13.470789808564518	0.804
235	3.469329439376444	0.5164753040002871	2.2539194393764435	-0.2782606959997128	7.61204108448612	8.780887233021547	0.804
236	2.2539194393764435	-0.2782606959997128	3.469329439376444	0.5164753040002871	17.516897249356486	18.685743397891912	0.804
237	3.3438873306342067	0.9885966631384682	2.1284773306342064	0.19386066313846834	13.999247574125322	15.168115131217128	0.804
238	0.5419707207736677	1.4906716574015944	0.08899072077366776	3.318749657401594	7.13696392185576	8.504719457249825	0.804
239	0.08899072077366776	3.318749657401594	0.5419707207736677	1.4906716574015944	17.218900716254243	18.586656251648307	0.804
240	1.1170580215533423	0.8161218418050638	0.6640780215533423	2.6441998418050634	10.331418746496508	11.699087908529481	0.804
241	3.2595234858120317	0.38733179658878747	2.806543485812032	2.2154097965887876	8.103162148411116	9.469784755398035	0.804
242	2.806543485812032	2.2154097965887876	3.2595234858120317	0.38733179658878747	18.02293084180489	19.38955344879181	0.804
243	3.03594491497271	1.0061898472019926	2.5829649149727096	2.834267847201992	12.987422074442295	14.35420727352469	0.804
244	1.6581147823323568	-0.03371210633020333	1.1858747823323568	0.9213358936697966	7.703071105047678	8.693848106505147	0.804
245	1.1858747823323568	0.9213358936697966	1.6581147823323568	-0.03371210633020333	18.15251213120769	19.14328913266516	0.804
246	0.3886158991568327	0.6842271248738072	-0.08362410084316729	1.639275124873807	13.493604657826205	14.484501740693425	0.804
247	0.8986083635377283	1.5411263120261607	1.5212283635377286	2.649034312026161	7.688193009602392	8.773652705743023	0.804
248	1.5212283635377286	2.649034312026161	0.8986083635377283	1.5411263120261607	17.38409580044594	18.469555496586572	0.804
249	0.3064718253461509	1.2766675487634083	0.9290918253461511	2.384575548763408	15.829159665861061	16.914692714719706	0.804
250	1.742740453793721	0.9889517665874921	0.717475453793721	2.904019766587492	6.647076701809178	8.147761112690421	0.804
251	0.717475453793721	2.904019766587492	1.742740453793721	0.9889517665874921	17.571908604397674	19.072593015278915	0.804
252	2.098172734549598	0.9157130700111009	1.072907734549598	2.830781070011101	11.056697035267216	12.557262873714231	0.804
253	2.8559782795517004	0.8293540499712143	2.826148279551701	2.8040720499712144	7.137962600105933	8.54680996589555	0.804
254	2.826148279551701	2.8040720499712144	2.8559782795517004	0.8293540499712143	17.088753879616306	18.49760124540592	0.804
255	2.723090241098251	-0.011849855904559725	2.693260241098251	1.9628681440954403	13.854113056214846	15.26306257305765	0.804
256	2.90599062231185	0.8081212218410605	2.06900162231185	1.9644992218410604	7.602542616845879	8.759861094791637	0.804
257	2.06900162231185	1.9644992218410604	2.90599062231185	0.8081212218410605	16.62059968377226	17.777918161718016	0.804
258	2.8740250832656224	0.1466430264274212	2.0370360832656225	1.3030210264274211	15.199488360999002	16.35681722025395	0.804
259	0.8016288470181577	-1.2069282277316604	-0.03536015298184225	-0.05055022773166051	6.6697973258616905	7.827512818598386	0.804
260	-0.03536015298184225	-0.05055022773166051	0.8016288470181577	-1.2069282277316604	17.18858173460413	18.346297227340827	0.804
261	0.750958913349047	0.5719629893313951	-0.08603008665095302	1.728340989331395	11.134923727573758	12.292641604084347	0.804
262	3.058812202933644	0.0564177976309084	2.221823202933644	1.2127957976309083	7.49078201295949	8.648049006824754	0.804
263	2.221823202933644	1.2127957976309083	3.058812202933644	0.0564177976309084	18.40877371217551	19.566040706040774	0.804
264	1.2243695068463678	0.5203278133676909	0.3873805068463679	1.6767058133676906	10.956136957882409	12.113819406637981	0.804
265	2.217609648974502	1.569235332661232	1.6248196489745022	2.860443332661232	6.794662836632457	7.9489888534503335	0.804
266	1.6248196489745022	2.860443332661232	2.217609648974502	1.569235332661232	16.622241575027736	17.776567591845613	0.804
267	0.0017590253343271467	0.44556075080974583	-0.5910309746656728	1.7367687508097458	10.572166721856831	11.726789522567227	0.804
268	1.8146148506239517	0.013605761508026837	1.9103048506239517	1.2575937615080268	7.716949909337529	8.791515292736777	0.804
269	1.9103048506239517	1.2575937615080268	1.8146148506239517	0.013605761508026837	18.463254558054842	19.537819941454092	0.804
270	2.0923195072893694	-1.2853961323541694	2.1880095072893697	-0.04140813235416929	14.739302930014821	15.813771578061138	0.804
271	3.143169143341792	0.6189726433881345	3.484929143341792	1.9002406433881345	7.386727400274576	8.496764061930396	0.804
272	3.484929143341792	1.9002406433881345	3.143169143341792	0.6189726433881345	16.62548126190196	17.73551792355778	0.804
273	2.9799697647935	0.5152701386791942	3.3217297647935	1.7965381386791943	11.333637352750058	12.44376562279	0.804
274	3.349627778102216	0.3000727114044268	3.361437778102216	0.9804767114044268	7.5321807757806285	8.345190379644055	0.804
275	3.361437778102216	0.9804767114044268	3.349627778102216	0.3000727114044268	17.72346827796348	18.536477881826904	0.804
276	0.7831110503634359	1.4951713774077808	0.794921050363436	2.175575377407781	11.88957344202218	12.703090728057655	0.804
277	2.697110033987956	-0.8971221049873705	1.9123170339879558	0.9645158950126294	6.665728268711821	8.095944906577312	0.804
278	1.9123170339879558	0.9645158950126294	2.697110033987956	-0.8971221049873705	16.686855491616654	18.117072129482143	0.804
279	1.6463148883048957	-1.1993727246957555	0.8615218883048957	0.6622652753042444	11.488182694273378	12.91884943944293	0.804
280	1.3305938161519437	1.9833023525946112	0.5458008161519439	3.844940352594611	6.6907306671596745	8.121480733047019	0.804
281	0.5458008161519439	3.844940352594611	1.3305938161519437	1.9833023525946112	17.202728898765105	18.633478964652447	0.804
282	2.2586096148139094	1.926590317981082	1.4738166148139094	3.7882283179810816	10.442511775024048	11.872948546761261	0.804
283	2.264326348799549	-0.9939934019806356	1.4795333487995492	0.8676445980193643	7.634565639873557	9.064999839337084	0.804
284	1.4795333487995492	0.8676445980193643	2.264326348799549	-0.9939934019806356	18.055621505213423	19.48605570467695	0.804
285	2.9071650699501568	0.4713620577044196	2.1223720699501567	2.3330000577044196	12.683882875775588	14.113977678598001	0.804
286	1.304238723405427	1.7942548221243169	1.504938723405427	3.4974428221243166	7.721614426384935	9.011562487640596	0.804
287	1.504938723405427	3.4974428221243166	1.304238723405427	1.7942548221243169	17.54571327843625	18.83566133969191	0.804
288	0.5436652233475701	-0.7474465444897915	0.7443652233475702	0.9557414555102084	10.10778641944577	11.397919436550493	0.804
289	2.143795293665092	-0.9593958012809587	1.5510052936650922	-0.6462238012809587	7.2609137658017655	8.069782753040776	0.804
290	1.5510052936650922	-0.6462238012809587	2.143795293665092	-0.9593958012809587	17.639610221712186	18.4484792089512	0.804
291	2.5684765849571547	-0.25539597311348117	1.9756865849571548	0.05777602688651884	10.831668205965272	11.640519245619037	0.804
292	1.439245722330973	-0.6766901531692472	1.9139757223309726	1.243347846830753	6.824798096292682	8.235735696915983	0.804
293	1.9139757223309726	1.243347846830753	1.439245722330973	-0.6766901531692472	16.834711671662426	18.24564927228573	0.804
294	1.0951065012258892	-0.17037668778299586	1.569836501225889	1.7496613122170044	10.871541236573048	12.282614286184154	0.804
295	2.494936343689413	0.6993197899372106	1.3466363436894129	2.2850617899372105	7.511385206178997	8.913131941486602	0.804
296	1.3466363436894129	2.2850617899372105	2.494936343689413	0.6993197899372106	18.32399609567125	19.725742830978856	0.804
297	3.866056289828702	-0.008987461529820329	2.717756289828702	1.5767545384701795	12.657258636776724	14.058361566755838	0.804
298	1.3387417669509198	1.7576092656850655	0.1711817669509199	2.4703212656850653	7.764663323729445	8.894913489655742	0.804
299	0.1711817669509199	2.4703212656850653	1.3387417669509198	1.7576092656850655	17.888038495864237	19.018288661790535	0.804
300	1.0302070804004513	0.8808976269374862	-0.13735291959954865	1.5936096269374862	13.262748276830102	14.393008102524298	0.804
301	3.805219127258691	0.5973447323312364	2.935289127258691	1.7338367323312365	7.853646751566337	9.012366312011448	0.804
302	2.935289127258691	1.7338367323312365	3.805219127258691	0.5973447323312364	16.758387260256473	17.917106820701584	0.804
303	2.7473256644498845	2.168825148812318	1.8773956644498846	3.3053171488123176	10.879405189303734	12.03850516369463	0.804
304	3.3380720413381733	-0.2758835735073496	1.8057630413381731	0.6381584264926503	7.577353835437058	8.899219383554996	0.804
305	1.8057630413381731	0.6381584264926503	3.3380720413381733	-0.2758835735073496	17.144083478345003	18.46594902646294	0.804
306	3.528877788273898	0.8855172032085801	1.9965687882738985	1.7995592032085799	14.657635097847537	15.979467231463358	0.804
307	1.699301469298938	-0.9023295880622143	1.3457414692989382	0.13660241193778577	7.330094963230639	8.335587671055908	0.804
308	1.3457414692989382	0.13660241193778577	1.699301469298938	-0.9023295880622143	17.909261656015385	18.914754363840654	0.804
309	3.6914639837296246	1.2074575580731337	3.3379039837296247	2.2463895580731337	13.836161850162508	14.840962242102112	0.804
310	2.268239133974874	-0.8899346520074559	1.4268991339748742	0.5454373479925441	7.552203946367923	8.818495231967988	0.804
311	1.4268991339748742	0.5454373479925441	2.268239133974874	-0.8899346520074559	17.679321347092515	18.94561263269258	0.804
312	2.1335973112896465	-1.0198926002765782	1.2922573112896463	0.41547939972342185	13.612525237153246	14.878858174923607	0.804
313	1.7860318948626666	3.4973699461030314	2.007240894862667	3.112739946103032	7.56030675856912	8.264661717642213	0.804
314	2.007240894862667	3.112739946103032	1.7860318948626666	3.4973699461030314	17.39981222021455	18.10416717928764	0.804
315	-0.857387510062256	1.5223808082335788	-0.6361785100622559	1.1377508082335788	13.236729170562864	13.94115523774217	0.804
316	1.7395880123783911	3.1848367614041826	2.3628230123783913	1.4101997614041826	7.919992865098246	9.286126196767281	0.804
317	2.3628230123783913	1.4101997614041826	1.7395880123783911	3.1848367614041826	17.08106308727737	18.447196418946405	0.804
318	-0.16103883090666937	1.527009341618857	0.4621961690933307	-0.24762765838114298	10.743513253726402	12.110138290679775	0.804
319	1.1966109902887925	1.081240774885944	1.1966109902887925	1.081240774885944	7.5257629161826545	8.025762916182654	0.804
320	1.1966109902887925	1.081240774885944	1.1966109902887925	1.081240774885944	16.59004603159948	17.09004603159948	0.804
321	0.7983398397784895	3.4034842682397386	0.7983398397784895	3.4034842682397386	11.167270567240449	11.667270567240449	0.804
322	-0.3310009322896962	1.8204654404953258	-0.3310009322896962	1.8204654404953258	8.67060629156382	9.17060629156382	0.804
323	-0.3310009322896962	1.8204654404953258	-0.3310009322896962	1.8204654404953258	17.95236950317789	18.45236950317789	0.804
324	-0.057845602804265206	0.9122701532206225	-0.057845602804265206	0.9122701532206225	12.183820080106704	12.683820080106704	0.804
325	0.03961150987811479	3.5688886775829882	0.03961150987811479	3.5688886775829882	8.527632981337417	9.027632981337417	0.804
326	0.03961150987811479	3.5688886775829882	0.03961150987811479	3.5688886775829882	18.12586801216586	18.62586801216586	0.804
327	-0.7721592789179569	3.1747654491541075	-0.7721592789179569	3.1747654491541075	12.143086216257958	12.643086216257958	0.804
328	0.589834587538105	0.6050381822958513	0.778110587538105	-0.15365181770414882	7.218669373114042	8.078818531452162	0.804
329	0.778110587538105	-0.15365181770414882	0.589834587538105	0.6050381822958513	17.227607680599476	18.087756838937597	0.804
330	0.6336808156763748	0.784030887901431	0.8219568156763748	0.025340887901430964	13.995890083001397	14.856036042594127	0.804
331	0.9997496916023771	0.8696990451684791	1.3644986916023771	0.6683690451684791	8.303215051998322	8.995167199763467	0.804
332	1.3644986916023771	0.6683690451684791	0.9997496916023771	0.8696990451684791	17.545277305153537	18.23722945291868	0.804
333	0.9568765452741568	1.3344636146509528	1.3216255452741568	1.1331336146509527	12.224509304873706	12.916462132005124	0.804
334	1.5053504315109776	2.2538716916976616	2.1677294315109776	2.4763216916976614	6.686811423351379	7.5087401593028344	0.804
335	2.1677294315109776	2.4763216916976614	1.5053504315109776	2.2538716916976616	17.98574074666529	18.807669482616745	0.804
336	0.3707108124391083	1.0758071120268031	1.0330898124391084	1.2982571120268032	13.047845097563417	13.869788143051826	0.804
337	1.7808761502090613	0.7015633115176999	2.2158351502090614	-0.3143836884823	8.492811334566571	9.501748436781927	0.804
338	2.2158351502090614	-0.3143836884823	1.7808761502090613	0.7015633115176999	17.30057939932252	18.309516501537875	0.804
339	0.794754406658116	3.1953939399037656	1.2297134066581161	2.179446939903766	13.96158945435948	14.97072110907974	0.804
340	1.1721647731332456	-0.016651646263298403	2.535453773133246	-1.2761766462632984	7.2778761220874655	8.632850473408539	0.804
341	2.535453773133246	-1.2761766462632984	1.1721647731332456	-0.016651646263298403	17.85506837108081	19.210042722401884	0.804
342	1.938599051483836	1.505151587250362	3.3018880514838362	0.24562658725036202	13.897705378168489	15.252474160180455	0.804
343	2.074732717412032	0.40334789096028234	1.886456717412032	1.1620378909602824	7.623438605072144	8.48340924907409	0.804
344	1.886456717412032	1.1620378909602824	2.074732717412032	0.40334789096028234	18.018058650999244	18.878029295001188	0.804
345	1.8815171296063158	1.537014698278655	1.693241129606316	2.295704698278655	11.253585181437767	12.113593439282889	0.804
346	1.6906311864921781	1.174587929502303	1.6906311864921781	1.174587929502303	8.37923119316475	8.87923119316475	0.804
347	1.6906311864921781	1.174587929502303	1.6906311864921781	1.174587929502303	17.229818910545042	17.729818910545042	0.804
348	1.7888271617266969	1.6883853241710842	1.7888271617266969	1.6883853241710842	10.86466794369663	11.36466794369663	0.804
349	1.4497323868132745	2.964818971019712	0.8532143868132746	3.912408971019712	8.453287064624913	9.46912522579345	0.804
350	0.8532143868132746	3.912408971019712	1.4497323868132745	2.964818971019712	17.40170511505329	18.417543276221828	0.804
351	-0.13257926172791357	1.7946247935985646	-0.7290972617279136	2.7422147935985643	14.44650668446489	15.462409014521853	0.804
352	0.2897489860388216	2.2316958242763683	-0.6099970139611783	2.518145824276368	6.657087772721447	7.592152619347829	0.804
353	-0.6099970139611783	2.518145824276368	0.2897489860388216	2.2316958242763683	17.573125464085464	18.508190310711846	0.804
354	2.833955562211043	2.1428008866084887	1.9342095622110431	2.4292508866084885	12.884021092957104	13.819051451233628	0.804
355	0.8073275471978097	2.5400666626579946	0.25865754719780976	3.1241566626579944	7.362017468507374	8.231245480872161	0.804
356	0.25865754719780976	3.1241566626579944	0.8073275471978097	2.5400666626579946	16.882834474909178	17.752062487273964	0.804
357	2.2808175700890043	0.8599951136811119	1.732147570089004	1.4440851136811117	14.55964299584859	15.428759242746457	0.804
358	0.7425539090051079	2.7974212054240635	0.728263909005108	1.816274205424063	6.438206552481404	7.3902859960738745	0.804
359	0.728263909005108	1.816274205424063	0.7425539090051079	2.7974212054240635	17.975084646099198	18.92716408969167	0.804
360	2.701911298068267	0.232365670936038	2.687621298068267	-0.7487813290639621	10.689936373980563	11.641553183475342	0.804
361	2.4415168821420554	1.3124034611036035	2.4272268821420555	0.3312564611036034	7.803617594664639	8.755326327185529	0.804
362	2.4272268821420555	0.3312564611036034	2.4415168821420554	1.3124034611036035	17.753341985372042	18.70505071789293	0.804
363	2.0677245268196094	0.36495391018370893	2.0534345268196095	-0.6161930898162912	13.990838065904606	14.942662446110392	0.804
364	0.4651564338150087	1.3760802407297377	0.4508664338150088	0.39493324072973757	7.744504879277744	8.696607114817382	0.804
365	0.4508664338150088	0.39493324072973757	0.4651564338150087	1.3760802407297377	17.31983760565956	18.2719398411992	0.804
366	1.2043483638228851	0.7050812517489902	1.1900583638228852	-0.27606574825100993	14.214363708844258	15.166381710423773	0.804
367	1.8434496634925754	1.0426575513859087	1.7477596634925754	-0.20133044861409138	7.004008569624132	8.078595237300977	0.804
368	1.7477596634925754	-0.20133044861409138	1.8434496634925754	1.0426575513859087	17.575479434481732	18.650066102158576	0.804
369	1.5077201545390992	2.763544120481908	1.412030154539099	1.519556120481908	13.33513397142397	14.409815763511654	0.804
370	0.764824307874631	2.0906504214915147	1.364454307874631	1.0889984214915147	8.007885088601741	9.045708636247355	0.804
371	1.364454307874631	1.0889984214915147	0.764824307874631	2.0906504214915147	17.60546397799203	18.643287525637643	0.804
372	2.1134760625327376	1.1715310082416535	2.7131060625327375	0.16987900824165347	10.32800553695283	11.36554626697719	0.804
373	1.8314345698620598	2.1928248617702497	2.43106456986206	1.1911728617702495	7.868099732000047	8.905717733887197	0.804
374	2.43106456986206	1.1911728617702495	1.8314345698620598	2.1928248617702497	17.58745274233004	18.62507074421719	0.804
375	1.9566082046167352	1.919490151474286	2.556238204616735	0.9178381514742859	11.694098636635761	12.731683526938577	0.804
376	3.0603517212299836	2.2728866294146557	1.9393967212299836	2.9439666294146556	7.255422389851207	8.357236136537406	0.804
377	1.9393967212299836	2.9439666294146556	3.0603517212299836	2.2728866294146557	17.161229361293692	18.26304310797989	0.804
378	3.3957277901656084	1.660780552167918	2.2747727901656085	2.331860552167918	12.234312537089156	13.33608304766311	0.804
379	1.3500004096398248	2.9810075014075137	0.22904540963982467	3.6520875014075136	8.118149135085803	9.22009891159208	0.804
380	0.22904540963982467	3.6520875014075136	1.3500004096398248	2.9810075014075137	17.479380032266825	18.581329808773102	0.804
381	1.717926791472934	1.2514192080849083	0.596971791472934	1.9224992080849082	14.498377417712257	15.600309867078506	0.804
382	0.690078022611299	0.3485665898955663	-0.430876977388701	1.0196465898955662	7.423337710742001	8.5253021602748	0.804
383	-0.430876977388701	1.0196465898955662	0.690078022611299	0.3485665898955663	16.94092037469631	18.04288482422911	0.804
384	2.024891591452821	2.474184157236912	0.903936591452821	3.145264157236912	13.548644723650824	14.650557708168776	0.804
385	1.1001641211984685	1.2481942345338426	-0.02079087880153163	1.9192742345338425	7.468163654446123	8.570121464220474	0.804
386	-0.02079087880153163	1.9192742345338425	1.1001641211984685	1.2481942345338426	17.480423970594895	18.582381780369246	0.804
387	2.6303667241612163	1.5528413838011377	1.5094117241612164	2.2239213838011374	12.584146946590096	13.686008188499423	0.804
388	1.4771237948355513	2.5875476298824744	0.35616879483555125	3.2586276298824743	8.074395770824806	9.17634030081001	0.804
389	0.35616879483555125	3.2586276298824743	1.4771237948355513	2.5875476298824744	17.363400178281385	18.46534470826659	0.804
390	2.0334503010307845	2.8135124738560076	0.9124953010307844	3.4845924738560075	10.930917131402378	12.03282950793589	0.804
391	2.854937934727589	1.9894056359661	1.9222589347275891	1.9017956359661	6.947606026640207	7.87923128617372	0.804
392	1.9222589347275891	1.9017956359661	2.854937934727589	1.9894056359661	18.096728677310544	19.02835393684406	0.804
393	1.754579527770887	2.4154044891081297	0.8219005277708871	2.3277944891081295	12.269426804910532	13.201054389149958	0.804
394	1.035041139399116	3.045675705967231	0.34656113939911604	3.092895705967231	8.505423805379547	9.32338976616316	0.804
395	0.34656113939911604	3.092895705967231	1.035041139399116	3.045675705967231	17.25986434540111	18.077830306184723	0.804
396	1.9409639869471762	-0.07197288471529939	1.2524839869471762	-0.024752884715299572	15.560758090622492	16.378723581651272	0.804
397	0.4232646967275664	1.5719747731595501	-0.3926013032724336	2.42200877315955	7.102091251954268	8.14495861320271	0.804
398	-0.3926013032724336	2.42200877315955	0.4232646967275664	1.5719747731595501	17.611253901882304	18.654121263130747	0.804
399	1.3799369591069697	0.41084869818873826	0.5640709591069697	1.2608826981887382	12.503471507756291	13.546298218156291	0.804
400	2.570417941993134	2.360154732384743	2.086367941993134	2.634798732384743	7.298191350532865	8.054567148035659	0.804
401	2.086367941993134	2.634798732384743	2.570417941993134	2.360154732384743	17.167239295800204	17.923615093303	0.804
402	2.251073894517631	2.108987722575721	1.767023894517631	2.383631722575721	11.53364311624276	12.290032078080381	0.804
403	2.2950386272540952	-0.3678488114045535	2.364628627254095	-0.7854118114045535	7.275461552233452	7.970352603773137	0.804
404	2.364628627254095	-0.7854118114045535	2.2950386272540952	-0.3678488114045535	17.797609426803284	18.49250047834297	0.804
405	2.6039227616798652	0.745546145787535	2.6735127616798655	0.32798314578753496	14.638340310150674	15.33318701635833	0.804
406	2.5919884713209806	0.2029750129584762	2.1781484713209807	-0.33699798704152384	7.894373619502381	8.7076629205774	0.804
407	2.1781484713209807	-0.33699798704152384	2.5919884713209806	0.2029750129584762	17.856587304929786	18.669876606004806	0.804
408	1.8876321086055166	-0.6468709548208329	1.4737921086055166	-1.186843954820833	12.530845507791842	13.34422090274217	0.804
409	1.6847891887811588	0.17147023801932937	1.2709491887811588	-0.36850276198067067	7.6845423975637726	8.497937057529558	0.804
410	1.2709491887811588	-0.36850276198067067	1.6847891887811588	0.17147023801932937	18.116183625102554	18.92957828506834	0.804
411	0.8646895296702231	-0.15143346842193073	0.45084952967022307	-0.6914064684219308	14.728150660779226	15.541597991256051	0.804
412	2.5317293184028387	0.008675106991665515	3.0462193184028385	-0.7748758930083345	6.417433935392497	7.348971210330448	0.804
413	3.0462193184028385	-0.7748758930083345	2.5317293184028387	0.008675106991665515	16.827182638767663	17.758719913705615	0.804
414	1.3478252740004864	1.5552614544154075	1.8623152740004865	0.7717104544154075	15.034515456604753	15.96629173178683	0.804
415	1.5888802929556192	0.3393996162611481	0.5518052929556191	1.574063616261148	7.946875118715641	9.189727381029702	0.804
416	0.5518052929556191	1.574063616261148	1.5888802929556192	0.3393996162611481	17.712504186804637	18.955356449118696	0.804
417	0.8361392333518398	1.285676489042013	-0.20093576664816026	2.520340489042013	12.258342995851491	13.501264575784894	0.804
418	0.7152717598664745	0.8903612388603068	-0.32180324013352557	2.1250252388603066	6.912094324482249	8.155020029279695	0.804
419	-0.32180324013352557	2.1250252388603066	0.7152717598664745	0.8903612388603068	17.135245472717276	18.378171177514723	0.804
420	3.293942767631431	0.7519861359703791	2.256867767631431	1.986650135970379	14.873976988162536	16.116394380796223	0.804
421	1.1322154269695797	0.4016862185928385	1.0905754269695795	1.6960002185928384	6.657992980173675	7.754551473937154	0.804
422	1.0905754269695795	1.6960002185928384	1.1322154269695797	0.4016862185928385	18.448551920346155	19.545110414109633	0.804
423	0.5007971107379274	1.875157138097666	0.4591571107379273	3.169471138097666	10.194027257730328	11.290676973892008	0.804
424	2.6100353529791533	0.6157256213304998	2.0054353529791533	1.2265296213304997	7.120097820900426	8.01592241642438	0.804
425	2.0054353529791533	1.2265296213304997	2.6100353529791533	0.6157256213304998	17.64622008859438	18.542044684118334	0.804
426	0.33015921016280836	1.140394164389854	-0.27444078983719167	1.751198164389854	14.46567634121974	15.361663104128793	0.804
427	1.4720285434078242	2.6303707762272452	2.3382215434078244	1.0315737762272454	7.390141402489101	8.727597452057388	0.804
428	2.3382215434078244	1.0315737762272454	1.4720285434078242	2.6303707762272452	17.144016349094702	18.48147239866299	0.804
429	0.8451365566272222	1.9503641535163323	1.7113295566272222	0.3515671535163325	14.179445554347474	15.517098451402696	0.804
430	1.8488801727945927	2.382394951871655	2.7150731727945927	0.7835979518716548	6.804142735363012	8.141443163538096	0.804
431	2.7150731727945927	0.7835979518716548	1.8488801727945927	2.382394951871655	17.86049185590504	19.197792284080123	0.804
432	0.19483993410635247	2.700150952385112	1.0610329341063527	1.101353952385112	15.253959075599449	16.591734260883204	0.804
433	-0.2276234715214801	1.192396606551052	0.15513952847851997	-0.5288103934489478	7.786528046572958	9.09895470128115	0.804
434	0.15513952847851997	-0.5288103934489478	-0.2276234715214801	1.192396606551052	16.902166905556406	18.2145935602646	0.804
435	-0.5302389174108991	2.1148250006589753	-0.14747591741089905	0.39361800065897523	10.810298899392233	12.12271216907007	0.804
436	1.5096899999775757	0.5354249817110501	1.8924529999775759	-1.1857820182889498	7.779474972044518	9.091560594948785	0.804
437	1.8924529999775759	-1.1857820182889498	1.5096899999775757	0.5354249817110501	16.83216897215261	18.144254595056875	0.804
438	2.294733763231342	1.6161632774646342	2.677496763231342	-0.10504372253536587	10.68177684052412	11.993474951291825	0.804
439	0.041746293921570476	2.7028153281485743	-0.19872570607842954	2.7562453281485744	7.745134298708327	8.358635035613137	0.804
440	-0.19872570607842954	2.7562453281485744	0.041746293921570476	2.7028153281485743	17.428656472902876	18.042157209807687	0.804
441	0.7612426702721953	1.8158096615109933	0.5207706702721953	1.8692396615109934	11.904574321127024	12.518074728888573	0.804
442	0.48123302410824054	1.6204948777442407	0.24076102410824052	1.6739248777442408	7.575280995003467	8.18878163093461	0.804
443	0.24076102410824052	1.6739248777442408	0.48123302410824054	1.6204948777442407	16.95610293631855	17.569603572249694	0.804
444	0.27733760085230574	3.1987782267857137	0.036865600852305724	3.2522082267857133	13.382125137552642	13.995625859395382	0.804
445	0.9863058330703713	0.8431708818436656	1.7412688330703714	0.9562508818436657	6.91789116961839	7.769622521148082	0.804
446	1.7412688330703714	0.9562508818436657	0.9863058330703713	0.8431708818436656	17.86413195123283	18.715863302762525	0.804
447	2.5208849737049395	1.6895192747489371	3.2758479737049395	1.8025992747489372	14.4588258268087	15.310549497487058	0.804
448	1.335103951786432	2.2886025145583466	0.33034795178643195	2.1158525145583464	7.388077005824665	8.35781479919422	0.804
449	0.33034795178643195	2.1158525145583464	1.335103951786432	2.2886025145583466	17.899261645657653	18.868999439027206	0.804
450	3.2789378271395178	2.4535468490183128	2.274181827139518	2.2807968490183126	12.800024333426922	13.769747726043255	0.804
451	0.9374520541624097	3.472289003410898	0.2837720541624097	3.597179003410898	6.956481810753809	7.763115490541461	0.804
452	0.2837720541624097	3.597179003410898	0.9374520541624097	3.472289003410898	18.312007709333024	19.118641389120675	0.804
453	1.4012756240068884	0.8410501815788551	0.7475956240068884	0.9659401815788551	10.198679206287137	11.005311600761024	0.804
454	0.3765575706098947	2.005181577824559	-0.2963824293901054	1.257041577824559	7.308515430508531	8.272154153632915	0.804
455	-0.2963824293901054	1.257041577824559	0.3765575706098947	2.005181577824559	18.401614860369527	19.36525358349391	0.804
456	2.452140723220034	3.604845090585343	1.779200723220034	2.8567050905853426	14.170579332351629	15.134043436174345	0.804
457	0.5549966426329038	1.6239670689261092	0.43569664263290386	0.18362006892610927	7.650704135506661	8.81659942867119	0.804
458	0.43569664263290386	0.18362006892610927	0.5549966426329038	1.6239670689261092	17.131074908816288	18.296970201980816	0.804
459	2.617185019425402	2.194837660793186	2.497885019425402	0.754490660793186	15.266705143437918	16.431966329193155	0.804
460	2.3734551216281154	0.8938284760275532	2.2541551216281155	-0.5465185239724467	7.2966414870039715	8.46202224332432	0.804
461	2.2541551216281155	-0.5465185239724467	2.3734551216281154	0.8938284760275532	17.423828935521243	18.589209691841592	0.804
462	3.0216701319674852	2.631652095038641	2.9023701319674853	1.1913050950386412	15.87428402868334	17.039320394336293	0.804
463	2.5346799940916247	1.4557901476829425	2.4153799940916247	0.015443147682942526	7.792976257458162	8.958279257830567	0.804
464	2.4153799940916247	0.015443147682942526	2.5346799940916247	1.4557901476829425	17.694256780366906	18.85955978073931	0.804
465	1.0099294603899658	1.7293403524179385	0.8906294603899659	0.2889933524179385	11.767136120990255	12.932965163339171	0.804
466	1.9734889478338138	2.8105204779895736	1.8541889478338138	1.370173477989574	7.547800828619699	8.713351887469738	0.804
467	1.8541889478338138	1.370173477989574	1.9734889478338138	2.8105204779895736	17.21339353418548	18.37894459303552	0.804
468	1.4826154599800763	0.7421109916991973	1.3633154599800763	-0.6982360083008027	10.29716734640208	11.462883387499964	0.804
469	2.167139876992068	2.056169029097467	2.047839876992068	0.6158220290974669	7.488231539444335	8.653704165288543	0.804
470	2.047839876992068	0.6158220290974669	2.167139876992068	2.056169029097467	18.685532036067524	19.85100466191173	0.804
471	2.4388909021179788	3.6409178422763	2.319590902117979	2.2005708422763	15.42939037914303	16.594740207805785	0.804
472	1.1382963138969238	3.458927339649093	0.9375963138969237	1.7557393396490932	7.101300482411632	8.3913548464825	0.804
473	0.9375963138969237	1.7557393396490932	1.1382963138969238	3.458927339649093	17.587304281258938	18.877358645329807	0.804
474	1.906420094645628	3.1594167238128605	1.705720094645628	1.4562287238128606	12.438296215160086	13.728091274900784	0.804
475	1.6620106557316974	0.4907973591018171	1.4613106557316973	-1.2123906408981828	7.356492945224909	8.646385703075053	0.804
476	1.4613106557316973	-1.2123906408981828	1.6620106557316974	0.4907973591018171	17.318830038729367	18.60872279657951	0.804
477	2.3165920221187988	0.520003361791836	2.115892022118799	-1.1831846382081639	13.25150049044971	14.541099736018783	0.804
478	2.7730895190098543	0.5479457928612157	2.1703595190098546	-1.0148112071387843	7.426977754554489	8.698096652854284	0.804
479	2.1703595190098546	-1.0148112071387843	2.7730895190098543	0.5479457928612157	16.271850300887575	17.542969199187368	0.804
480	1.6392322189466395	2.8227520077586696	1.0365022189466395	1.2599950077586695	15.643497855219552	16.91505865552745	0.804
481	1.5617154388270245	1.885258022287391	0.9589854388270244	0.32250102228739097	7.412642600957582	8.684224008971267	0.804
482	0.9589854388270244	0.32250102228739097	1.5617154388270245	1.885258022287391	17.45818164641032	18.729763054424005	0.804
483	1.5359285697385938	1.8126959229005326	0.9331985697385938	0.24993892290053266	13.730909596476774	15.002497587381361	0.804
484	1.028587204368653	0.7222977134029929	0.42585720436865293	-0.8404592865970071	6.866069633439781	8.13775946719414	0.804
485	0.42585720436865293	-0.8404592865970071	1.028587204368653	0.7222977134029929	18.59629235898306	19.86798219273742	0.804
486	3.0186797926159654	3.0839693327262174	2.4159497926159657	1.5212123327262175	10.13295531511349	11.40394386625993	0.804
487	0.6914407719230671	3.1501000694987464	0.08871077192306709	1.5873430694987465	8.007783402347417	9.279511782808568	0.804
488	0.08871077192306709	1.5873430694987465	0.6914407719230671	3.1501000694987464	16.432014194057025	17.703742574518177	0.804
489	2.440430493202775	3.004698195862505	1.837700493202775	1.441941195862505	15.139508547642492	16.41078434528136	0.804
490	1.1697619209727914	1.5178112533520203	0.5670319209727914	-0.04494574664797957	8.523415295024206	9.795082078475525	0.804
491	0.5670319209727914	-0.04494574664797957	1.1697619209727914	1.5178112533520203	18.09914326664463	19.37081005009595	0.804
492	1.8620093194497087	3.0055073549522513	1.2592793194497087	1.4427503549522511	15.67918312144172	16.950677853774494	0.804
493	0.15687009481127356	2.311157012182125	-0.4458599051887264	0.7484000121821253	6.86706317545705	8.138804989973721	0.804
494	-0.4458599051887264	0.7484000121821253	0.15687009481127356	2.311157012182125	17.487020729714907	18.75876254423158	0.804
495	0.47641757872264257	2.11186797072307	-0.12631242127735742	0.54911097072307	12.146992941720605	13.41873375700828	0.804
496	1.5851115498427655	0.8863215490138256	2.0797315498427653	-0.5745304509861743	7.337789220693624	8.548091390053536	0.804
497	2.0797315498427653	-0.5745304509861743	1.5851115498427655	0.8863215490138256	17.562555619710785	18.7728577890707	0.804
498	1.5473456275191646	2.7704389176765862	2.0419656275191644	1.3095869176765862	14.542489765365058	15.75280523395144	0.804
499	3.2997465457560855	1.6155557847409723	3.7943665457560853	0.15470378474097235	7.682670696568243	8.89207761218177	0.804
500	3.7943665457560853	0.15470378474097235	3.2997465457560855	1.6155557847409723	17.286372052743364	18.49577896835689	0.804
501	1.8350346569245009	2.2094425531001067	2.3296546569245007	0.7485905531001067	10.524674198585386	11.73488138062638	0.804
502	2.638848744544659	2.255185323388592	3.133468744544659	0.794333323388592	7.538878477575657	8.74869798907556	0.804
503	3.133468744544659	0.794333323388592	2.638848744544659	2.255185323388592	17.06715089729701	18.276970408796913	0.804
504	1.430706222323372	3.599772593451249	1.9253262223233718	2.138920593451249	11.095653702542585	12.306008497724978	0.804
505	1.7446166854453817	2.186563010280734	2.070216685445382	0.38022801028073416	7.89991533147503	9.24515186057307	0.804
506	2.070216685445382	0.38022801028073416	1.7446166854453817	2.186563010280734	17.160547644819637	18.50578417391768	0.804
507	1.271217241473022	2.9636602648690493	1.5968172414730222	1.1573252648690493	14.0546079684119	15.40004182195327	0.804
508	3.0296136856000757	0.9034469562968086	2.236123685600076	0.4914669562968086	7.619884062074514	8.531736732281496	0.804
509	2.236123685600076	0.4914669562968086	3.0296136856000757	0.9034469562968086	17.370139285514426	18.28199195572141	0.804
510	2.166029261907993	1.001222399876399	1.372539261907993	0.589242399876399	12.61677795356242	13.528681228496175	0.804
511	2.604727894096213	2.3769214893526867	2.745787894096213	1.9550014893526868	7.69310134357358	8.397879237658465	0.804
512	2.745787894096213	1.9550014893526868	2.604727894096213	2.3769214893526867	17.051063042927407	17.75584093701229	0.804
513	0.7211227631850694	1.0542008542923984	0.8621827631850694	0.6322808542923986	11.813666697375888	12.51862792416362	0.804
514	1.0558099510269119	1.2331108252624554	0.07031695102691171	1.3915608252624554	7.801626829959086	8.761528953678946	0.804
515	0.07031695102691171	1.3915608252624554	1.0558099510269119	1.2331108252624554	18.836585310308394	19.796487434028254	0.804
516	3.288958850342247	1.2692966554010434	2.303465850342247	1.4277466554010436	15.93864114478465	16.898530036761226	0.804
517	0.6262714259308861	1.3463690583748635	0.6262714259308861	1.3463690583748635	8.370095262156493	8.870095262156493	0.804
518	0.6262714259308861	1.3463690583748635	0.6262714259308861	1.3463690583748635	17.542228561633895	18.042228561633895	0.804
519	3.3583209039223494	2.5745000483671294	3.3583209039223494	2.5745000483671294	14.110137450896879	14.610137450896879	0.804
520	2.012929031687478	1.8677397216376366	1.2194390316874784	0.47772372163763666	7.172914383303441	8.410152164734622	0.804
521	1.2194390316874784	0.47772372163763666	2.012929031687478	1.8677397216376366	16.83938182871362	18.076619610144803	0.804
522	2.335338249356844	2.6724646880780223	1.5418482493568442	1.2824486880780226	14.754279577552367	15.99142028559942	0.804
523	1.5126712140815917	2.135644928825488	-0.12153578591840833	2.536424928825488	7.27957746295846	8.554855348777902	0.804
524	-0.12153578591840833	2.536424928825488	1.5126712140815917	2.135644928825488	18.233762417919827	19.50904030373927	0.804
525	3.0933745456946777	2.5829975395510316	1.4591675456946778	2.9837775395510318	15.802836359120636	17.078082788074997	0.804
526	-0.5872637526305486	1.2643690247942942	0.04218724736945145	0.6908390247942944	7.334279661131472	8.226635090216995	0.804
527	0.04218724736945145	0.6908390247942944	-0.5872637526305486	1.2643690247942942	17.39306505491032	18.285420483995843	0.804
528	-0.8285037911732659	2.709083034023223	-0.1990527911732658	2.135553034023223	14.11115848953877	15.00350877646852	0.804
529	1.0266184327968073	3.0033091615773118	1.9878854327968072	1.8543891615773118	8.082720736053405	9.272794307500247	0.804
530	1.9878854327968072	1.8543891615773118	1.0266184327968073	3.0033091615773118	17.71146754268612	18.90154111413296	0.804
531	-0.4956161010325426	1.3844693780509043	0.46565089896745737	0.23554937805090437	11.397246577419967	12.587460614154697	0.804
532	0.6591225157481959	3.9655868772825045	1.6203895157481958	2.816666877282505	7.590718525555501	8.780852244280064	0.804
533	1.6203895157481958	2.816666877282505	0.6591225157481959	3.9655868772825045	17.268793503983723	18.458927222708287	0.804
534	-0.21297766736426457	1.5516357038464035	0.7482893326357354	0.40271570384640354	12.09927343984645	13.28948306001327	0.804
535	-0.5771375913022654	2.6677765849057073	1.4789894086977347	1.6717165849057074	7.767602191697588	9.320266932346094	0.804
536	1.4789894086977347	1.6717165849057074	-0.5771375913022654	2.6677765849057073	18.327375454018934	19.88004019466744	0.804
537	0.730809203191363	1.9584852862630229	2.786936203191363	0.9624252862630229	15.696540083593504	17.24911674650675	0.804
538	1.7633946804100205	2.3518740247510688	2.6041116804100204	1.5391140247510688	7.455144372926692	8.49373818757052	0.804
539	2.6041116804100204	1.5391140247510688	1.7633946804100205	2.3518740247510688	16.9812428021203	18.019836616764128	0.804
540	1.2482183376203801	2.164769716171424	2.08893533762038	1.3520097161714242	14.202074653109587	15.240747111867814	0.804
541	0.9413400941509394	1.923571864941198	1.7820570941509395	1.110811864941198	8.701984858246169	9.740694173754298	0.804
542	1.7820570941509395	1.110811864941198	0.9413400941509394	1.923571864941198	17.04869126315533	18.08740057866346	0.804
543	-1.1503886824477898	2.4237646731789924	-0.30967168244778986	1.6110046731789927	10.713006201165626	11.751767891993415	0.804
544	-1.2172076064079602	3.185067876623559	0.22810939359203974	1.7615038766235593	8.10261576052099	9.537303989233848	0.804
545	0.22810939359203974	1.7615038766235593	-1.2172076064079602	3.185067876623559	17.286394155051216	18.721082383764074	0.804
546	1.7269371381668155	2.8275932211006904	3.1722541381668155	1.4040292211006906	13.698693439948425	15.132978250288224	0.804
547	-0.4536653807546669	2.4550516106757367	0.19504861924533312	2.212721610675737	7.7741617695033325	8.593233690195168	0.804
548	0.19504861924533312	2.212721610675737	-0.4536653807546669	2.4550516106757367	17.34679619672453	18.165868117416366	0.804
549	0.26124935852873105	1.790592937894413	0.909963358528731	1.548262937894413	14.302970177367204	15.122040156773222	0.804
550	-0.8624467335505303	2.5113152669340666	-0.021729733550530206	0.7205192669340668	7.299884360754838	8.711377581606017	0.804
551	-0.021729733550530206	0.7205192669340668	-0.8624467335505303	2.5113152669340666	17.820158210866733	19.23165143171791	0.804
552	1.5014450049657149	1.278657299241999	2.342162004965715	-0.5121387007580009	15.833035303480244	17.244130614876884	0.804
