Node 	X 	Y 	;
1     	23.5506000000 	 	18.9009000000 	 	; 
2     	23.6215000000 	 	18.3640000000 	 	; 
3     	24.5554000000 	 	19.0699000000 	 	; 
4     	25.4589000000 	 	18.7170000000 	 	; 
5     	23.8744000000 	 	18.4044000000 	 	; 
6     	23.9589000000 	 	18.7120000000 	 	; 
7     	24.1801000000 	 	18.3274000000 	 	; 
8     	24.1994000000 	 	18.6586000000 	 	; 
9     	25.1849000000 	 	18.5001000000 	 	; 
10    	24.8381000000 	 	18.4747000000 	 	; 
11    	24.5312000000 	 	18.6250000000 	 	; 
12    	24.9543000000 	 	18.7717000000 	 	; 
13    	24.1472000000 	 	17.9533000000 	 	; 
14    	24.3914000000 	 	18.0882000000 	 	; 
15    	24.5119000000 	 	17.7520000000 	 	; 
16    	25.0798000000 	 	18.0409000000 	 	; 
17    	24.8095000000 	 	18.1758000000 	 	; 
18    	25.3259000000 	 	18.0782000000 	 	; 
19    	24.3914000000 	 	17.1101000000 	 	; 
20    	24.9960000000 	 	17.4774000000 	 	; 
21    	25.6068000000 	 	17.9049000000 	 	; 
22    	25.0656000000 	 	17.0598000000 	 	; 
23    	24.9842000000 	 	16.7969000000 	 	; 
24    	24.5821000000 	 	16.9374000000 	 	; 
25    	25.6795000000 	 	17.0393000000 	 	; 
26    	25.5105000000 	 	16.6938000000 	 	; 
27    	26.4338000000 	 	20.8060000000 	 	; 
28    	26.1486000000 	 	20.9396000000 	 	; 
29    	26.1486000000 	 	20.9396000000 	 	; 
30    	25.8317000000 	 	20.5879000000 	 	; 
31    	26.4475000000 	 	20.1567000000 	 	; 
32    	26.7370000000 	 	19.6267000000 	 	; 
33    	26.4046000000 	 	19.1203000000 	 	; 
34    	26.3182000000 	 	19.5714000000 	 	; 
35    	26.0716000000 	 	19.8964000000 	 	; 
36    	25.6770000000 	 	19.4707000000 	 	; 
37    	25.4545000000 	 	19.2352000000 	 	; 
38    	25.0382000000 	 	19.3763000000 	 	; 
39    	24.9922000000 	 	19.9815000000 	 	; 
40    	25.2402000000 	 	19.6901000000 	 	; 
41    	24.8549000000 	 	19.6739000000 	 	; 
42    	25.7776000000 	 	20.3667000000 	 	; 
43    	25.9603000000 	 	20.1393000000 	 	; 
44    	23.2586000000 	 	20.2599000000 	 	; 
45    	24.4262000000 	 	19.4651000000 	 	; 
46    	23.9086000000 	 	20.0498000000 	 	; 
47    	24.1254000000 	 	20.6389000000 	 	; 
48    	24.6915000000 	 	20.1424000000 	 	; 
49    	24.4311000000 	 	20.3580000000 	 	; 
50    	24.3845000000 	 	20.0623000000 	 	; 
51    	24.6269000000 	 	20.6358000000 	 	; 
52    	25.0991000000 	 	20.4177000000 	 	; 
53    	26.1815000000 	 	16.7820000000 	 	; 
54    	26.3350000000 	 	16.5919000000 	 	; 
55    	26.7209000000 	 	16.5857000000 	 	; 
56    	26.6320000000 	 	16.8641000000 	 	; 
57    	26.9657000000 	 	16.9293000000 	 	; 
58    	27.3218000000 	 	16.8578000000 	 	; 
59    	27.1422000000 	 	16.5372000000 	 	; 
60    	27.6107000000 	 	16.4453000000 	 	; 
61    	27.8897000000 	 	16.8224000000 	 	; 
62    	27.7667000000 	 	16.6950000000 	 	; 
63    	28.1743000000 	 	16.6466000000 	 	; 
64    	28.2631000000 	 	16.9206000000 	 	; 
65    	28.7739000000 	 	16.6602000000 	 	; 
66    	28.7043000000 	 	16.4254000000 	 	; 
67    	28.0475000000 	 	16.3284000000 	 	; 
68    	28.5204000000 	 	16.1986000000 	 	; 
69    	26.7302000000 	 	15.6424000000 	 	; 
70    	26.8520000000 	 	15.9972000000 	 	; 
71    	26.5612000000 	 	15.9829000000 	 	; 
72    	26.7103000000 	 	16.2564000000 	 	; 
73    	27.0359000000 	 	16.2023000000 	 	; 
74    	27.2018000000 	 	15.8220000000 	 	; 
75    	27.4212000000 	 	16.0358000000 	 	; 
76    	27.8195000000 	 	15.8338000000 	 	; 
77    	27.7915000000 	 	16.1078000000 	 	; 
78    	25.8883000000 	 	16.3949000000 	 	; 
79    	26.3288000000 	 	16.3446000000 	 	; 
80    	26.3940000000 	 	16.0799000000 	 	; 
81    	26.1269000000 	 	16.0227000000 	 	; 
82    	26.1057000000 	 	15.6791000000 	 	; 
83    	22.1134000000 	 	19.5347000000 	 	; 
84    	21.7580000000 	 	19.0761000000 	 	; 
85    	22.1743000000 	 	19.0376000000 	 	; 
86    	23.3294000000 	 	19.4769000000 	 	; 
87    	22.9218000000 	 	19.5036000000 	 	; 
88    	22.6552000000 	 	18.9705000000 	 	; 
89    	23.1530000000 	 	18.4573000000 	 	; 
90    	23.3381000000 	 	19.1022000000 	 	; 
91    	22.8597000000 	 	18.7474000000 	 	; 
92    	21.9562000000 	 	18.2882000000 	 	; 
93    	21.0906000000 	 	18.1105000000 	 	; 
94    	22.3415000000 	 	18.1478000000 	 	; 
95    	22.7609000000 	 	18.3299000000 	 	; 
96    	23.0523000000 	 	18.0795000000 	 	; 
97    	23.2605000000 	 	18.0099000000 	 	; 
98    	23.7029000000 	 	17.9465000000 	 	; 
99    	24.0080000000 	 	17.7247000000 	 	; 
100   	22.2346000000 	 	17.3394000000 	 	; 
101   	22.1842000000 	 	17.5637000000 	 	; 
102   	22.5403000000 	 	17.6662000000 	 	; 
103   	22.5745000000 	 	17.3773000000 	 	; 
104   	23.2132000000 	 	17.4481000000 	 	; 
105   	23.0219000000 	 	17.6967000000 	 	; 
106   	23.4929000000 	 	17.7073000000 	 	; 
107   	22.9249000000 	 	17.3960000000 	 	; 
108   	23.7663000000 	 	17.3686000000 	 	; 
109   	23.9185000000 	 	17.0057000000 	 	; 
110   	23.7855000000 	 	17.0648000000 	 	; 
111   	24.1931000000 	 	16.8131000000 	 	; 
112   	23.4438000000 	 	16.5745000000 	 	; 
113   	23.7427000000 	 	16.6422000000 	 	; 
114   	23.1791000000 	 	16.5633000000 	 	; 
115   	22.8106000000 	 	16.5652000000 	 	; 
116   	22.6329000000 	 	16.8566000000 	 	; 
117   	22.2197000000 	 	16.8367000000 	 	; 
118   	22.6136000000 	 	17.1412000000 	 	; 
119   	23.5910000000 	 	16.8995000000 	 	; 
120   	23.2654000000 	 	16.9778000000 	 	; 
121   	22.9740000000 	 	17.0014000000 	 	; 
122   	23.4220000000 	 	17.2170000000 	 	; 
123   	23.2549000000 	 	16.7547000000 	 	; 
124   	19.4720000000 	 	17.4015000000 	 	; 
125   	20.2692000000 	 	17.5960000000 	 	; 
126   	20.3531000000 	 	17.8930000000 	 	; 
127   	20.2630000000 	 	17.0269000000 	 	; 
128   	21.2621000000 	 	16.2849000000 	 	; 
129   	21.2833000000 	 	16.0028000000 	 	; 
130   	21.0130000000 	 	16.7124000000 	 	; 
131   	21.5063000000 	 	16.6826000000 	 	; 
132   	21.3814000000 	 	16.9573000000 	 	; 
133   	21.0726000000 	 	17.5991000000 	 	; 
134   	20.8781000000 	 	17.7508000000 	 	; 
135   	21.1043000000 	 	17.2965000000 	 	; 
136   	21.6666000000 	 	17.5532000000 	 	; 
137   	21.9413000000 	 	17.5308000000 	 	; 
138   	21.6281000000 	 	17.1542000000 	 	; 
139   	21.9394000000 	 	17.1219000000 	 	; 
140   	17.1375000000 	 	21.8928000000 	 	; 
141   	17.9881000000 	 	21.1571000000 	 	; 
142   	17.9850000000 	 	20.6283000000 	 	; 
143   	18.6573000000 	 	21.0179000000 	 	; 
144   	16.8429000000 	 	19.7025000000 	 	; 
145   	16.6863000000 	 	20.2903000000 	 	; 
146   	17.7489000000 	 	20.1132000000 	 	; 
147   	17.6544000000 	 	19.6031000000 	 	; 
148   	17.4593000000 	 	19.2023000000 	 	; 
149   	18.9314000000 	 	19.8355000000 	 	; 
150   	19.0743000000 	 	21.0906000000 	 	; 
151   	18.3609000000 	 	19.2936000000 	 	; 
152   	18.1174000000 	 	19.1246000000 	 	; 
153   	18.6070000000 	 	19.3601000000 	 	; 
154   	18.5026000000 	 	19.8827000000 	 	; 
155   	18.6946000000 	 	18.9363000000 	 	; 
156   	19.6522000000 	 	18.5915000000 	 	; 
157   	19.7447000000 	 	18.3603000000 	 	; 
158   	19.9299000000 	 	18.2851000000 	 	; 
159   	18.8170000000 	 	18.6201000000 	 	; 
160   	18.7692000000 	 	18.1211000000 	 	; 
161   	18.2162000000 	 	18.4945000000 	 	; 
162   	17.5662000000 	 	18.7754000000 	 	; 
163   	17.7085000000 	 	18.2037000000 	 	; 
164   	17.4047000000 	 	17.6109000000 	 	; 
165   	17.2686000000 	 	16.9330000000 	 	; 
166   	18.5629000000 	 	17.0554000000 	 	; 
167   	18.1832000000 	 	17.1014000000 	 	; 
168   	17.9061000000 	 	16.8305000000 	 	; 
169   	19.1377000000 	 	17.8402000000 	 	; 
170   	18.4871000000 	 	18.0807000000 	 	; 
171   	18.0844000000 	 	17.7588000000 	 	; 
172   	18.4355000000 	 	17.6588000000 	 	; 
173   	19.6341000000 	 	19.2607000000 	 	; 
174   	19.7367000000 	 	20.0039000000 	 	; 
175   	20.1505000000 	 	19.4073000000 	 	; 
176   	21.3392000000 	 	19.1544000000 	 	; 
177   	21.0353000000 	 	19.5633000000 	 	; 
178   	20.7166000000 	 	20.0386000000 	 	; 
179   	21.6089000000 	 	18.7251000000 	 	; 
180   	20.6109000000 	 	18.9991000000 	 	; 
181   	16.4950000000 	 	19.5819000000 	 	; 
182   	16.5242000000 	 	19.2290000000 	 	; 
183   	16.2054000000 	 	18.6629000000 	 	; 
184   	16.7242000000 	 	18.7201000000 	 	; 
185   	16.9709000000 	 	17.8893000000 	 	; 
186   	16.3881000000 	 	17.8986000000 	 	; 
187   	17.1132000000 	 	15.2814000000 	 	; 
188   	16.5583000000 	 	14.6383000000 	 	; 
189   	15.1994000000 	 	13.9871000000 	 	; 
190   	16.3794000000 	 	13.2533000000 	 	; 
191   	22.3446000000 	 	16.3023000000 	 	; 
192   	22.6068000000 	 	16.2800000000 	 	; 
193   	22.8908000000 	 	16.2725000000 	 	; 
194   	23.3475000000 	 	15.8139000000 	 	; 
195   	23.5699000000 	 	15.6120000000 	 	; 
196   	22.8373000000 	 	15.8711000000 	 	; 
197   	23.0983000000 	 	16.0115000000 	 	; 
198   	23.0473000000 	 	16.2315000000 	 	; 
199   	23.2990000000 	 	16.4279000000 	 	; 
200   	23.7221000000 	 	16.3937000000 	 	; 
201   	24.0751000000 	 	16.4229000000 	 	; 
202   	23.3742000000 	 	16.2066000000 	 	; 
203   	23.6979000000 	 	16.1209000000 	 	; 
204   	23.7377000000 	 	15.7481000000 	 	; 
205   	24.1441000000 	 	16.3359000000 	 	; 
206   	24.1111000000 	 	16.0066000000 	 	; 
207   	24.1086000000 	 	15.7263000000 	 	; 
208   	23.2518000000 	 	15.4560000000 	 	; 
209   	23.3493000000 	 	15.1534000000 	 	; 
210   	23.9862000000 	 	15.1323000000 	 	; 
211   	24.0061000000 	 	15.4591000000 	 	; 
212   	23.8415000000 	 	15.1957000000 	 	; 
213   	22.9206000000 	 	14.6079000000 	 	; 
214   	23.3854000000 	 	14.7259000000 	 	; 
215   	23.3798000000 	 	14.3922000000 	 	; 
216   	23.3860000000 	 	14.9658000000 	 	; 
217   	22.5732000000 	 	15.6953000000 	 	; 
218   	22.9231000000 	 	15.2124000000 	 	; 
219   	22.7478000000 	 	14.9055000000 	 	; 
220   	22.2874000000 	 	15.1223000000 	 	; 
221   	22.4204000000 	 	14.9571000000 	 	; 
222   	21.9593000000 	 	14.5513000000 	 	; 
223   	22.4446000000 	 	14.5650000000 	 	; 
224   	20.9154000000 	 	14.7943000000 	 	; 
225   	19.5372000000 	 	15.5213000000 	 	; 
226   	22.1519000000 	 	15.8450000000 	 	; 
227   	21.6039000000 	 	15.7282000000 	 	; 
228   	21.7406000000 	 	14.9937000000 	 	; 
229   	21.8002000000 	 	15.8121000000 	 	; 
230   	20.8278000000 	 	11.7278000000 	 	; 
231   	20.1785000000 	 	11.5426000000 	 	; 
232   	20.3903000000 	 	11.2742000000 	 	; 
233   	21.2584000000 	 	11.6893000000 	 	; 
234   	21.7077000000 	 	12.0403000000 	 	; 
235   	21.4492000000 	 	11.3376000000 	 	; 
236   	21.2795000000 	 	10.4919000000 	 	; 
237   	20.8626000000 	 	10.4447000000 	 	; 
238   	19.9566000000 	 	13.2818000000 	 	; 
239   	20.8638000000 	 	12.9084000000 	 	; 
240   	20.4593000000 	 	12.6456000000 	 	; 
241   	21.2416000000 	 	12.5915000000 	 	; 
242   	21.4106000000 	 	12.2181000000 	 	; 
243   	19.8597000000 	 	12.3734000000 	 	; 
244   	19.7715000000 	 	11.9440000000 	 	; 
245   	20.5289000000 	 	12.0795000000 	 	; 
246   	21.2261000000 	 	13.8181000000 	 	; 
247   	22.6397000000 	 	14.2164000000 	 	; 
248   	22.3390000000 	 	13.6472000000 	 	; 
249   	21.9904000000 	 	13.9138000000 	 	; 
250   	21.6026000000 	 	13.3663000000 	 	; 
251   	22.7000000000 	 	13.5938000000 	 	; 
252   	22.0594000000 	 	13.0874000000 	 	; 
253   	21.5753000000 	 	12.7742000000 	 	; 
254   	22.2253000000 	 	12.8096000000 	 	; 
255   	18.5759000000 	 	12.9333000000 	 	; 
256   	18.4107000000 	 	11.5743000000 	 	; 
257   	18.0950000000 	 	10.8063000000 	 	; 
258   	18.6530000000 	 	10.9995000000 	 	; 
259   	18.6530000000 	 	10.9995000000 	 	; 
260   	18.8891000000 	 	12.1174000000 	 	; 
261   	19.3937000000 	 	11.1636000000 	 	; 
262   	15.5648000000 	 	11.1381000000 	 	; 
263   	17.2052000000 	 	11.2636000000 	 	; 
264   	16.0706000000 	 	10.3353000000 	 	; 
265   	17.1132000000 	 	10.3794000000 	 	; 
266   	16.5099000000 	 	 9.5014100000 	 	; 
267   	25.2750000000 	 	15.8531000000 	 	; 
268   	24.9152000000 	 	15.6636000000 	 	; 
269   	24.9643000000 	 	15.4399000000 	 	; 
270   	24.5424000000 	 	15.3498000000 	 	; 
271   	24.5647000000 	 	15.6132000000 	 	; 
272   	24.6691000000 	 	15.1571000000 	 	; 
273   	24.5883000000 	 	16.3291000000 	 	; 
274   	24.5883000000 	 	16.1091000000 	 	; 
275   	24.4951000000 	 	15.8282000000 	 	; 
276   	24.9568000000 	 	16.1687000000 	 	; 
277   	24.9139000000 	 	15.9544000000 	 	; 
278   	25.2650000000 	 	16.3502000000 	 	; 
279   	24.7847000000 	 	16.5229000000 	 	; 
280   	24.5666000000 	 	16.6677000000 	 	; 
281   	25.5434000000 	 	16.2663000000 	 	; 
282   	25.5695000000 	 	15.9022000000 	 	; 
283   	25.3831000000 	 	15.4187000000 	 	; 
284   	25.4775000000 	 	14.0561000000 	 	; 
285   	25.1656000000 	 	15.1646000000 	 	; 
286   	25.7099000000 	 	15.2820000000 	 	; 
287   	25.0426000000 	 	14.7955000000 	 	; 
288   	25.1625000000 	 	14.0865000000 	 	; 
289   	24.4802000000 	 	14.5202000000 	 	; 
290   	24.6430000000 	 	14.7980000000 	 	; 
291   	24.7163000000 	 	13.9504000000 	 	; 
292   	24.6374000000 	 	14.2885000000 	 	; 
293   	24.1329000000 	 	14.7967000000 	 	; 
294   	24.0366000000 	 	14.5886000000 	 	; 
295   	24.0024000000 	 	14.2282000000 	 	; 
296   	23.7482000000 	 	14.4985000000 	 	; 
297   	24.2429000000 	 	14.4544000000 	 	; 
298   	23.3450000000 	 	14.0182000000 	 	; 
299   	23.2574000000 	 	13.6410000000 	 	; 
300   	23.7737000000 	 	13.8460000000 	 	; 
301   	23.8620000000 	 	14.0822000000 	 	; 
302   	23.5718000000 	 	13.5093000000 	 	; 
303   	24.3727000000 	 	14.0120000000 	 	; 
304   	24.4274000000 	 	13.7833000000 	 	; 
305   	24.0825000000 	 	13.8554000000 	 	; 
306   	23.8961000000 	 	13.0718000000 	 	; 
307   	23.7768000000 	 	13.2663000000 	 	; 
308   	24.4454000000 	 	13.0985000000 	 	; 
309   	24.1223000000 	 	12.8512000000 	 	; 
310   	24.5337000000 	 	13.4962000000 	 	; 
311   	25.1836000000 	 	12.9774000000 	 	; 
312   	25.0283000000 	 	13.1271000000 	 	; 
313   	24.6679000000 	 	12.9277000000 	 	; 
314   	23.7893000000 	 	12.2230000000 	 	; 
315   	23.4724000000 	 	11.4034000000 	 	; 
316   	23.9179000000 	 	11.7104000000 	 	; 
317   	23.5904000000 	 	10.1675000000 	 	; 
318   	23.1896000000 	 	10.9107000000 	 	; 
319   	23.0629000000 	 	10.3943000000 	 	; 
320   	23.9067000000 	 	11.3152000000 	 	; 
321   	23.8265000000 	 	10.8156000000 	 	; 
322   	24.0353000000 	 	10.3906000000 	 	; 
323   	24.4405000000 	 	10.6584000000 	 	; 
324   	22.3961000000 	 	10.4931000000 	 	; 
325   	21.9158000000 	 	10.2930000000 	 	; 
326   	23.0492000000 	 	13.2023000000 	 	; 
327   	22.4664000000 	 	12.6667000000 	 	; 
328   	22.0898000000 	 	10.9212000000 	 	; 
329   	22.2762000000 	 	11.7147000000 	 	; 
330   	22.4539000000 	 	12.2783000000 	 	; 
331   	22.9461000000 	 	11.9745000000 	 	; 
332   	22.8025000000 	 	11.3245000000 	 	; 
333   	23.1555000000 	 	12.6810000000 	 	; 
334   	23.5264000000 	 	12.5238000000 	 	; 
335   	23.2872000000 	 	12.0621000000 	 	; 
336   	24.5697000000 	 	12.4455000000 	 	; 
337   	24.2242000000 	 	12.2765000000 	 	; 
338   	25.0668000000 	 	12.2995000000 	 	; 
339   	25.4943000000 	 	12.3137000000 	 	; 
340   	24.7474000000 	 	12.0888000000 	 	; 
341   	24.4193000000 	 	11.9111000000 	 	; 
342   	25.0817000000 	 	11.4140000000 	 	; 
343   	24.6294000000 	 	11.4451000000 	 	; 
344   	24.7766000000 	 	10.9088000000 	 	; 
345   	25.3147000000 	 	11.4823000000 	 	; 
346   	25.5925000000 	 	11.5973000000 	 	; 
347   	26.2120000000 	 	15.3411000000 	 	; 
348   	26.2499000000 	 	14.8837000000 	 	; 
349   	25.9069000000 	 	14.9074000000 	 	; 
350   	25.9187000000 	 	15.2746000000 	 	; 
351   	26.0187000000 	 	14.2412000000 	 	; 
352   	26.0038000000 	 	13.8659000000 	 	; 
353   	26.2486000000 	 	14.1946000000 	 	; 
354   	26.8520000000 	 	13.9535000000 	 	; 
355   	26.4786000000 	 	13.6248000000 	 	; 
356   	25.9585000000 	 	13.4838000000 	 	; 
357   	25.6397000000 	 	13.1172000000 	 	; 
358   	27.0664000000 	 	14.8583000000 	 	; 
359   	26.8010000000 	 	14.2823000000 	 	; 
360   	27.7636000000 	 	13.9890000000 	 	; 
361   	27.4616000000 	 	13.4912000000 	 	; 
362   	27.5858000000 	 	13.8678000000 	 	; 
363   	26.5500000000 	 	13.5037000000 	 	; 
364   	27.3050000000 	 	13.0103000000 	 	; 
365   	26.4953000000 	 	13.0209000000 	 	; 
366   	25.8889000000 	 	12.9805000000 	 	; 
367   	27.2248000000 	 	12.5567000000 	 	; 
368   	26.5861000000 	 	12.5697000000 	 	; 
369   	25.9889000000 	 	12.6393000000 	 	; 
370   	26.6115000000 	 	12.2205000000 	 	; 
371   	27.0421000000 	 	11.8490000000 	 	; 
372   	27.2099000000 	 	12.2106000000 	 	; 
373   	26.8315000000 	 	11.4090000000 	 	; 
374   	25.8764000000 	 	12.3311000000 	 	; 
375   	26.1666000000 	 	11.7638000000 	 	; 
376   	26.2151000000 	 	11.1226000000 	 	; 
377   	26.5780000000 	 	10.7802000000 	 	; 
378   	26.3561000000 	 	10.0507000000 	 	; 
379   	25.7876000000 	 	11.2276000000 	 	; 
380   	25.8031000000 	 	10.7156000000 	 	; 
381   	25.1606000000 	 	10.1383000000 	 	; 
382   	24.9438000000 	 	10.2999000000 	 	; 
383   	25.1084000000 	 	10.6982000000 	 	; 
384   	25.3042000000 	 	 9.8959800000 	 	; 
385   	25.8994000000 	 	 9.6685600000 	 	; 
386   	27.0353000000 	 	10.4434000000 	 	; 
387   	26.8483000000 	 	 9.6679400000 	 	; 
388   	27.2795000000 	 	 9.6816100000 	 	; 
389   	27.7263000000 	 	10.0849000000 	 	; 
390   	27.8207000000 	 	 9.5063800000 	 	; 
391   	26.9906000000 	 	 9.1484700000 	 	; 
392   	26.7451000000 	 	 8.8259800000 	 	; 
393   	27.5405000000 	 	 8.8464800000 	 	; 
394   	27.9630000000 	 	 8.9800800000 	 	; 
395   	27.6784000000 	 	 8.3692700000 	 	; 
396   	28.0593000000 	 	16.1215000000 	 	; 
397   	28.0954000000 	 	15.8096000000 	 	; 
398   	28.4496000000 	 	15.7456000000 	 	; 
399   	28.7491000000 	 	15.5828000000 	 	; 
400   	29.0896000000 	 	14.8322000000 	 	; 
401   	28.9790000000 	 	15.3112000000 	 	; 
402   	29.4276000000 	 	15.0546000000 	 	; 
403   	29.1020000000 	 	14.3438000000 	 	; 
404   	29.7153000000 	 	14.1598000000 	 	; 
405   	29.7563000000 	 	14.9676000000 	 	; 
406   	29.8781000000 	 	14.3481000000 	 	; 
407   	30.1068000000 	 	14.1350000000 	 	; 
408   	28.2470000000 	 	15.1261000000 	 	; 
409   	28.3998000000 	 	15.3659000000 	 	; 
410   	28.1737000000 	 	15.5387000000 	 	; 
411   	28.4974000000 	 	15.1081000000 	 	; 
412   	28.6136000000 	 	14.2437000000 	 	; 
413   	28.3893000000 	 	14.6495000000 	 	; 
414   	28.6596000000 	 	14.7197000000 	 	; 
415   	27.5753000000 	 	15.4983000000 	 	; 
416   	27.9978000000 	 	15.4983000000 	 	; 
417   	27.9624000000 	 	15.1547000000 	 	; 
418   	28.0022000000 	 	14.7974000000 	 	; 
419   	28.0954000000 	 	14.4531000000 	 	; 
420   	28.1898000000 	 	14.1282000000 	 	; 
421   	28.2122000000 	 	13.7982000000 	 	; 
422   	28.2401000000 	 	13.1843000000 	 	; 
423   	29.0579000000 	 	13.9654000000 	 	; 
424   	29.2244000000 	 	13.5173000000 	 	; 
425   	28.6142000000 	 	13.8815000000 	 	; 
426   	28.7354000000 	 	13.5149000000 	 	; 
427   	27.9817000000 	 	12.3647000000 	 	; 
428   	28.6689000000 	 	12.5393000000 	 	; 
429   	28.6987000000 	 	12.9935000000 	 	; 
430   	29.1324000000 	 	12.4790000000 	 	; 
431   	29.2263000000 	 	12.9687000000 	 	; 
432   	29.8048000000 	 	12.8494000000 	 	; 
433   	28.8715000000 	 	11.9863000000 	 	; 
434   	28.1258000000 	 	11.9297000000 	 	; 
435   	27.5622000000 	 	11.2705000000 	 	; 
436   	27.8568000000 	 	10.9629000000 	 	; 
437   	27.4976000000 	 	10.7783000000 	 	; 
438   	28.5235000000 	 	10.7268000000 	 	; 
439   	28.4986000000 	 	11.2326000000 	 	; 
440   	29.1995000000 	 	11.2288000000 	 	; 
441   	29.7190000000 	 	12.3815000000 	 	; 
442   	29.3878000000 	 	11.9565000000 	 	; 
443   	30.0906000000 	 	11.9683000000 	 	; 
444   	29.8911000000 	 	11.7359000000 	 	; 
445   	29.5382000000 	 	11.4973000000 	 	; 
446   	30.6411000000 	 	12.1503000000 	 	; 
447   	30.5237000000 	 	11.6420000000 	 	; 
448   	30.2534000000 	 	11.2425000000 	 	; 
449   	30.1614000000 	 	10.8672000000 	 	; 
450   	31.5030000000 	 	11.5289000000 	 	; 
451   	30.8077000000 	 	11.1462000000 	 	; 
452   	30.5113000000 	 	10.4658000000 	 	; 
453   	31.3601000000 	 	10.7640000000 	 	; 
454   	31.6788000000 	 	10.2241000000 	 	; 
455   	30.8723000000 	 	10.0364000000 	 	; 
456   	31.8174000000 	 	10.7578000000 	 	; 
457   	24.9723000000 	 	22.2824000000 	 	; 
458   	24.1478000000 	 	21.1689000000 	 	; 
459   	24.8145000000 	 	21.6157000000 	 	; 
460   	24.6356000000 	 	21.1211000000 	 	; 
461   	25.5148000000 	 	21.6629000000 	 	; 
462   	25.3098000000 	 	21.3479000000 	 	; 
463   	25.7932000000 	 	20.9546000000 	 	; 
464   	25.3452000000 	 	20.8961000000 	 	; 
465   	26.0125000000 	 	21.4007000000 	 	; 
466   	23.9844000000 	 	21.6275000000 	 	; 
467   	23.2282000000 	 	21.5256000000 	 	; 
468   	23.2014000000 	 	21.1758000000 	 	; 
469   	23.6718000000 	 	21.0130000000 	 	; 
470   	22.0768000000 	 	20.5873000000 	 	; 
471   	21.5293000000 	 	20.0374000000 	 	; 
472   	21.9320000000 	 	22.1550000000 	 	; 
473   	22.5565000000 	 	21.8599000000 	 	; 
474   	20.5743000000 	 	22.1811000000 	 	; 
475   	21.5442000000 	 	23.0038000000 	 	; 
476   	21.9084000000 	 	22.5763000000 	 	; 
477   	22.4328000000 	 	23.3965000000 	 	; 
478   	22.4769000000 	 	22.7714000000 	 	; 
479   	22.2495000000 	 	21.7456000000 	 	; 
480   	21.8816000000 	 	21.4672000000 	 	; 
481   	20.7290000000 	 	20.8570000000 	 	; 
482   	19.6627000000 	 	21.5020000000 	 	; 
483   	19.5689000000 	 	22.0308000000 	 	; 
484   	19.1799000000 	 	24.5480000000 	 	; 
485   	19.3073000000 	 	23.5755000000 	 	; 
486   	20.4606000000 	 	24.5306000000 	 	; 
487   	20.1903000000 	 	24.3106000000 	 	; 
488   	20.0940000000 	 	23.6532000000 	 	; 
489   	22.3887000000 	 	26.8974000000 	 	; 
490   	22.2613000000 	 	25.8516000000 	 	; 
491   	22.6292000000 	 	25.8435000000 	 	; 
492   	21.3926000000 	 	25.6322000000 	 	; 
493   	22.0246000000 	 	25.6670000000 	 	; 
494   	22.5372000000 	 	24.0291000000 	 	; 
495   	22.5565000000 	 	24.7810000000 	 	; 
496   	23.6084000000 	 	24.6461000000 	 	; 
497   	23.2188000000 	 	24.9369000000 	 	; 
498   	22.8522000000 	 	24.7182000000 	 	; 
499   	23.5556000000 	 	24.0241000000 	 	; 
500   	23.9210000000 	 	24.1142000000 	 	; 
501   	23.1144000000 	 	23.6942000000 	 	; 
502   	25.1022000000 	 	24.5492000000 	 	; 
503   	24.5796000000 	 	24.4367000000 	 	; 
504   	23.6718000000 	 	23.3661000000 	 	; 
505   	23.2331000000 	 	22.9330000000 	 	; 
506   	22.6453000000 	 	22.3551000000 	 	; 
507   	24.1329000000 	 	23.6476000000 	 	; 
508   	25.4154000000 	 	23.3661000000 	 	; 
509   	24.8170000000 	 	23.3704000000 	 	; 
510   	25.0724000000 	 	23.6787000000 	 	; 
511   	24.8885000000 	 	22.9206000000 	 	; 
512   	24.3566000000 	 	23.2325000000 	 	; 
513   	23.5395000000 	 	22.2016000000 	 	; 
514   	23.9073000000 	 	22.2296000000 	 	; 
515   	24.3379000000 	 	22.2998000000 	 	; 
516   	24.1341000000 	 	22.8429000000 	 	; 
517   	23.1629000000 	 	22.2476000000 	 	; 
518   	26.1853000000 	 	18.0453000000 	 	; 
519   	26.1983000000 	 	18.5206000000 	 	; 
520   	26.0591000000 	 	18.2913000000 	 	; 
521   	25.8410000000 	 	18.8114000000 	 	; 
522   	26.4462000000 	 	18.5896000000 	 	; 
523   	26.7377000000 	 	18.6710000000 	 	; 
524   	27.0384000000 	 	18.7450000000 	 	; 
525   	26.0138000000 	 	19.1172000000 	 	; 
526   	26.2617000000 	 	18.9935000000 	 	; 
527   	26.7631000000 	 	19.0500000000 	 	; 
528   	27.0285000000 	 	19.0463000000 	 	; 
529   	26.5711000000 	 	18.2441000000 	 	; 
530   	26.7986000000 	 	18.2615000000 	 	; 
531   	27.0658000000 	 	18.3081000000 	 	; 
532   	26.6227000000 	 	18.4628000000 	 	; 
533   	26.9297000000 	 	18.5300000000 	 	; 
534   	27.1571000000 	 	18.4573000000 	 	; 
535   	27.1422000000 	 	17.9682000000 	 	; 
536   	27.4125000000 	 	17.7949000000 	 	; 
537   	27.3994000000 	 	18.3454000000 	 	; 
538   	27.5703000000 	 	18.2006000000 	 	; 
539   	26.1902000000 	 	17.8589000000 	 	; 
540   	26.7464000000 	 	17.9154000000 	 	; 
541   	26.2387000000 	 	17.1834000000 	 	; 
542   	26.1461000000 	 	17.4662000000 	 	; 
543   	26.8694000000 	 	17.2462000000 	 	; 
544   	26.7750000000 	 	17.5258000000 	 	; 
545   	27.0713000000 	 	17.6364000000 	 	; 
546   	27.8151000000 	 	17.1319000000 	 	; 
547   	27.3820000000 	 	17.4848000000 	 	; 
548   	27.3690000000 	 	17.1785000000 	 	; 
549   	27.6635000000 	 	17.4158000000 	 	; 
550   	27.7176000000 	 	17.8415000000 	 	; 
551   	27.8829000000 	 	17.6917000000 	 	; 
552   	27.8443000000 	 	18.1478000000 	 	; 
553   	28.0146000000 	 	18.0341000000 	 	; 
554   	27.1925000000 	 	19.8647000000 	 	; 
555   	27.2093000000 	 	19.5832000000 	 	; 
556   	27.5952000000 	 	19.6832000000 	 	; 
557   	27.0111000000 	 	20.2791000000 	 	; 
558   	27.5473000000 	 	20.2524000000 	 	; 
559   	27.8369000000 	 	19.5919000000 	 	; 
560   	27.8860000000 	 	19.9498000000 	 	; 
561   	28.1339000000 	 	19.4198000000 	 	; 
562   	28.3464000000 	 	19.3011000000 	 	; 
563   	28.2563000000 	 	19.6950000000 	 	; 
564   	28.3644000000 	 	19.9156000000 	 	; 
565   	28.6409000000 	 	19.1737000000 	 	; 
566   	28.6851000000 	 	18.9711000000 	 	; 
567   	29.0666000000 	 	19.5322000000 	 	; 
568   	28.7944000000 	 	19.4260000000 	 	; 
569   	28.6341000000 	 	19.6944000000 	 	; 
570   	29.0821000000 	 	18.5735000000 	 	; 
571   	28.9429000000 	 	18.8040000000 	 	; 
572   	29.1610000000 	 	18.9289000000 	 	; 
573   	29.4456000000 	 	19.0650000000 	 	; 
574   	27.3839000000 	 	18.7331000000 	 	; 
575   	27.4578000000 	 	19.0202000000 	 	; 
576   	27.3808000000 	 	19.1830000000 	 	; 
577   	27.6660000000 	 	19.1246000000 	 	; 
578   	27.5927000000 	 	18.6076000000 	 	; 
579   	27.6648000000 	 	18.8562000000 	 	; 
580   	27.7977000000 	 	19.1283000000 	 	; 
581   	27.9804000000 	 	19.0612000000 	 	; 
582   	27.8033000000 	 	18.7220000000 	 	; 
583   	27.7816000000 	 	18.4523000000 	 	; 
584   	28.0624000000 	 	18.7313000000 	 	; 
585   	28.4744000000 	 	18.7574000000 	 	; 
586   	28.3458000000 	 	18.9177000000 	 	; 
587   	28.1749000000 	 	19.0289000000 	 	; 
588   	29.5575000000 	 	18.2814000000 	 	; 
589   	28.4551000000 	 	18.4691000000 	 	; 
590   	28.0618000000 	 	18.3566000000 	 	; 
591   	28.3259000000 	 	18.0509000000 	 	; 
592   	28.4974000000 	 	17.9446000000 	 	; 
593   	28.7590000000 	 	18.0496000000 	 	; 
594   	28.9094000000 	 	18.2441000000 	 	; 
595   	29.0908000000 	 	18.3280000000 	 	; 
596   	29.0318000000 	 	17.9353000000 	 	; 
597   	29.3114000000 	 	17.9595000000 	 	; 
598   	29.6600000000 	 	17.8160000000 	 	; 
599   	29.9632000000 	 	17.8098000000 	 	; 
600   	29.2232000000 	 	17.5867000000 	 	; 
601   	29.4804000000 	 	17.4954000000 	 	; 
602   	29.7172000000 	 	17.4289000000 	 	; 
603   	29.9831000000 	 	17.3879000000 	 	; 
604   	28.9578000000 	 	17.3201000000 	 	; 
605   	29.3735000000 	 	17.2052000000 	 	; 
606   	29.6152000000 	 	17.2102000000 	 	; 
607   	29.8495000000 	 	17.1008000000 	 	; 
608   	28.1836000000 	 	17.4450000000 	 	; 
609   	28.2613000000 	 	17.7626000000 	 	; 
610   	28.7814000000 	 	17.6271000000 	 	; 
611   	28.5968000000 	 	17.0430000000 	 	; 
612   	28.7745000000 	 	17.2530000000 	 	; 
613   	28.5434000000 	 	17.4550000000 	 	; 
614   	29.4176000000 	 	16.7000000000 	 	; 
615   	29.5972000000 	 	16.6733000000 	 	; 
616   	30.2391000000 	 	16.1346000000 	 	; 
617   	29.2480000000 	 	16.1091000000 	 	; 
618   	29.0560000000 	 	15.8568000000 	 	; 
619   	29.7259000000 	 	15.5523000000 	 	; 
620   	30.2714000000 	 	15.0801000000 	 	; 
621   	30.6753000000 	 	14.4351000000 	 	; 
622   	30.3969000000 	 	14.1822000000 	 	; 
623   	29.9825000000 	 	15.8170000000 	 	; 
624   	30.7685000000 	 	15.0552000000 	 	; 
625   	31.3706000000 	 	14.0840000000 	 	; 
626   	31.8870000000 	 	13.5211000000 	 	; 
627   	32.3077000000 	 	13.3583000000 	 	; 
628   	32.4611000000 	 	12.9413000000 	 	; 
629   	33.0023000000 	 	13.2924000000 	 	; 
630   	32.9383000000 	 	12.6108000000 	 	; 
631   	33.4398000000 	 	12.7568000000 	 	; 
632   	33.5927000000 	 	11.9670000000 	 	; 
633   	30.4411000000 	 	13.0687000000 	 	; 
634   	31.5657000000 	 	13.3552000000 	 	; 
635   	31.3383000000 	 	12.6431000000 	 	; 
636   	31.4651000000 	 	12.0963000000 	 	; 
637   	32.4462000000 	 	12.7475000000 	 	; 
638   	32.7880000000 	 	11.9167000000 	 	; 
639   	32.6314000000 	 	11.1437000000 	 	; 
640   	33.2882000000 	 	11.0145000000 	 	; 
641   	32.8023000000 	 	10.5211000000 	 	; 
642   	32.4642000000 	 	10.0029000000 	 	; 
643   	33.6622000000 	 	10.6665000000 	 	; 
644   	34.5688000000 	 	10.0961000000 	 	; 
645   	34.5545000000 	 	 9.4796600000 	 	; 
646   	33.5616000000 	 	 9.6238200000 	 	; 
647   	31.4067000000 	 	14.9676000000 	 	; 
648   	31.6689000000 	 	14.5215000000 	 	; 
649   	32.1560000000 	 	13.9952000000 	 	; 
650   	32.9147000000 	 	13.8840000000 	 	; 
651   	33.0732000000 	 	14.2897000000 	 	; 
652   	33.7741000000 	 	14.1530000000 	 	; 
653   	34.9081000000 	 	13.7317000000 	 	; 
654   	34.6825000000 	 	13.4328000000 	 	; 
655   	34.9777000000 	 	13.3403000000 	 	; 
656   	34.0003000000 	 	12.8748000000 	 	; 
657   	34.1475000000 	 	12.1671000000 	 	; 
658   	34.4831000000 	 	12.9183000000 	 	; 
659   	35.1492000000 	 	12.9538000000 	 	; 
660   	35.0436000000 	 	12.6505000000 	 	; 
661   	35.5798000000 	 	12.5691000000 	 	; 
662   	34.7646000000 	 	12.1130000000 	 	; 
663   	35.1492000000 	 	12.3075000000 	 	; 
664   	35.1113000000 	 	11.4705000000 	 	; 
665   	34.1948000000 	 	11.2214000000 	 	; 
666   	35.1392000000 	 	10.6130000000 	 	; 
667   	36.3646000000 	 	 8.9539800000 	 	; 
668   	37.0643000000 	 	 9.2839300000 	 	; 
669   	37.3725000000 	 	 8.4202200000 	 	; 
670   	38.5034000000 	 	 7.1936300000 	 	; 
671   	38.9048000000 	 	10.9722000000 	 	; 
672   	39.5553000000 	 	12.4256000000 	 	; 
673   	40.3575000000 	 	12.4616000000 	 	; 
674   	40.4924000000 	 	11.7110000000 	 	; 
675   	39.3758000000 	 	13.7448000000 	 	; 
676   	41.3834000000 	 	12.4275000000 	 	; 
677   	37.1898000000 	 	11.6259000000 	 	; 
678   	37.4222000000 	 	14.2369000000 	 	; 
679   	35.4767000000 	 	13.5285000000 	 	; 
680   	36.0440000000 	 	13.8305000000 	 	; 
681   	36.5516000000 	 	13.6814000000 	 	; 
682   	36.4199000000 	 	13.1613000000 	 	; 
683   	37.2600000000 	 	13.4359000000 	 	; 
684   	34.2327000000 	 	14.6495000000 	 	; 
685   	35.5947000000 	 	14.3991000000 	 	; 
686   	34.7969000000 	 	14.1449000000 	 	; 
687   	31.6509000000 	 	15.2920000000 	 	; 
688   	32.2946000000 	 	15.0055000000 	 	; 
689   	31.9118000000 	 	15.8382000000 	 	; 
690   	32.6407000000 	 	16.2445000000 	 	; 
691   	32.8514000000 	 	15.6996000000 	 	; 
692   	30.8860000000 	 	16.1433000000 	 	; 
693   	30.1273000000 	 	16.9610000000 	 	; 
694   	30.3603000000 	 	16.8038000000 	 	; 
695   	30.7430000000 	 	16.6876000000 	 	; 
696   	31.0556000000 	 	16.9436000000 	 	; 
697   	31.3414000000 	 	17.3649000000 	 	; 
698   	32.2244000000 	 	17.4873000000 	 	; 
699   	31.5048000000 	 	17.2176000000 	 	; 
700   	31.8410000000 	 	17.2039000000 	 	; 
701   	31.6074000000 	 	16.8572000000 	 	; 
702   	31.4415000000 	 	16.6273000000 	 	; 
703   	31.3694000000 	 	16.3552000000 	 	; 
704   	31.9379000000 	 	16.8367000000 	 	; 
705   	32.0330000000 	 	16.3899000000 	 	; 
706   	32.4493000000 	 	16.8442000000 	 	; 
707   	30.0956000000 	 	17.8937000000 	 	; 
708   	30.3006000000 	 	17.5184000000 	 	; 
709   	30.5989000000 	 	17.4916000000 	 	; 
710   	30.4249000000 	 	18.0838000000 	 	; 
711   	30.9698000000 	 	18.0161000000 	 	; 
712   	31.1128000000 	 	17.3730000000 	 	; 
713   	31.6571000000 	 	18.2534000000 	 	; 
714   	30.9406000000 	 	18.5790000000 	 	; 
715   	31.5452000000 	 	18.6430000000 	 	; 
716   	29.8116000000 	 	19.0227000000 	 	; 
717   	29.6469000000 	 	18.4846000000 	 	; 
718   	30.1403000000 	 	18.7114000000 	 	; 
719   	30.2118000000 	 	18.3647000000 	 	; 
720   	29.1691000000 	 	19.8647000000 	 	; 
721   	29.5525000000 	 	19.9684000000 	 	; 
722   	29.5090000000 	 	19.5652000000 	 	; 
723   	28.3278000000 	 	20.3481000000 	 	; 
724   	28.4993000000 	 	20.1990000000 	 	; 
725   	28.9050000000 	 	20.0741000000 	 	; 
726   	29.2051000000 	 	20.2300000000 	 	; 
727   	28.6217000000 	 	20.6606000000 	 	; 
728   	28.9603000000 	 	20.8906000000 	 	; 
729   	29.1952000000 	 	20.6488000000 	 	; 
730   	28.8976000000 	 	20.4873000000 	 	; 
731   	29.5388000000 	 	20.3879000000 	 	; 
732   	29.2667000000 	 	21.0459000000 	 	; 
733   	29.5916000000 	 	20.8837000000 	 	; 
734   	30.2391000000 	 	20.7911000000 	 	; 
735   	29.9346000000 	 	20.2021000000 	 	; 
736   	30.4261000000 	 	20.3040000000 	 	; 
737   	28.2153000000 	 	20.8912000000 	 	; 
738   	28.5956000000 	 	20.9055000000 	 	; 
739   	28.4682000000 	 	21.7045000000 	 	; 
740   	28.8969000000 	 	21.6760000000 	 	; 
741   	28.8795000000 	 	22.3812000000 	 	; 
742   	29.0535000000 	 	23.0063000000 	 	; 
743   	29.0411000000 	 	23.7942000000 	 	; 
744   	29.2971000000 	 	23.5382000000 	 	; 
745   	29.8694000000 	 	23.0765000000 	 	; 
746   	29.8476000000 	 	24.4715000000 	 	; 
747   	29.9595000000 	 	23.8178000000 	 	; 
748   	30.7238000000 	 	24.3280000000 	 	; 
749   	29.7277000000 	 	21.4958000000 	 	; 
750   	27.1490000000 	 	20.8439000000 	 	; 
751   	27.6331000000 	 	20.8415000000 	 	; 
752   	27.6797000000 	 	20.4711000000 	 	; 
753   	27.9469000000 	 	20.7464000000 	 	; 
754   	28.0239000000 	 	20.3506000000 	 	; 
755   	27.5976000000 	 	21.1385000000 	 	; 
756   	27.7294000000 	 	21.5418000000 	 	; 
757   	26.7849000000 	 	21.0204000000 	 	; 
758   	27.0266000000 	 	21.5480000000 	 	; 
759   	27.2994000000 	 	21.3386000000 	 	; 
760   	27.4815000000 	 	21.7605000000 	 	; 
761   	27.4498000000 	 	22.2066000000 	 	; 
762   	27.9145000000 	 	22.5018000000 	 	; 
763   	27.9413000000 	 	21.9630000000 	 	; 
764   	25.9516000000 	 	21.9326000000 	 	; 
765   	26.5339000000 	 	21.5057000000 	 	; 
766   	25.1855000000 	 	22.5925000000 	 	; 
767   	25.8752000000 	 	22.4819000000 	 	; 
768   	25.7422000000 	 	23.3804000000 	 	; 
769   	26.0349000000 	 	23.0504000000 	 	; 
770   	26.7638000000 	 	22.0823000000 	 	; 
771   	26.5600000000 	 	22.4999000000 	 	; 
772   	26.5488000000 	 	23.2027000000 	 	; 
773   	27.2671000000 	 	22.3539000000 	 	; 
774   	27.3298000000 	 	22.9790000000 	 	; 
775   	27.5945000000 	 	22.8417000000 	 	; 
776   	27.9251000000 	 	22.8398000000 	 	; 
777   	28.2905000000 	 	24.0266000000 	 	; 
778   	27.9630000000 	 	23.4139000000 	 	; 
779   	28.5527000000 	 	23.1281000000 	 	; 
780   	27.9065000000 	 	24.4846000000 	 	; 
781   	26.6115000000 	 	25.7876000000 	 	; 
782   	26.8632000000 	 	24.7928000000 	 	; 
783   	29.7544000000 	 	27.0651000000 	 	; 
784   	31.4272000000 	 	26.4500000000 	 	; 
785   	31.4178000000 	 	25.8236000000 	 	; 
786   	30.7157000000 	 	25.8298000000 	 	; 
787   	30.5678000000 	 	25.4278000000 	 	; 
788   	31.0053000000 	 	25.2464000000 	 	; 
789   	30.7952000000 	 	22.1911000000 	 	; 
790   	31.8454000000 	 	22.2874000000 	 	; 
791   	32.4319000000 	 	22.3551000000 	 	; 
792   	32.9489000000 	 	21.6107000000 	 	; 
793   	31.3284000000 	 	21.7810000000 	 	; 
794   	31.9044000000 	 	21.4417000000 	 	; 
795   	31.9323000000 	 	21.0726000000 	 	; 
796   	32.2803000000 	 	21.2640000000 	 	; 
797   	30.9096000000 	 	21.3106000000 	 	; 
798   	31.0606000000 	 	21.6561000000 	 	; 
799   	31.3153000000 	 	21.2969000000 	 	; 
800   	31.6478000000 	 	20.8694000000 	 	; 
801   	30.9761000000 	 	20.6836000000 	 	; 
802   	31.7155000000 	 	20.4512000000 	 	; 
803   	31.1587000000 	 	20.1027000000 	 	; 
804   	31.7720000000 	 	19.8454000000 	 	; 
805   	30.1155000000 	 	19.5341000000 	 	; 
806   	30.4746000000 	 	19.6863000000 	 	; 
807   	30.6623000000 	 	19.9312000000 	 	; 
808   	30.7853000000 	 	19.4309000000 	 	; 
809   	30.3845000000 	 	19.0718000000 	 	; 
810   	30.9953000000 	 	19.2358000000 	 	; 
811   	31.7627000000 	 	19.3452000000 	 	; 
812   	32.8489000000 	 	20.8390000000 	 	; 
813   	32.6830000000 	 	19.9038000000 	 	; 
814   	33.4622000000 	 	21.4380000000 	 	; 
815   	33.8393000000 	 	21.1397000000 	 	; 
816   	34.0015000000 	 	21.5405000000 	 	; 
817   	34.3234000000 	 	21.1795000000 	 	; 
818   	33.2062000000 	 	19.9703000000 	 	; 
819   	33.1745000000 	 	19.7205000000 	 	; 
820   	33.6685000000 	 	19.8758000000 	 	; 
821   	33.4752000000 	 	20.5295000000 	 	; 
822   	33.8779000000 	 	20.4643000000 	 	; 
823   	33.8754000000 	 	20.0225000000 	 	; 
824   	34.4626000000 	 	20.3823000000 	 	; 
825   	32.5195000000 	 	17.9080000000 	 	; 
826   	32.3058000000 	 	18.9171000000 	 	; 
827   	32.8277000000 	 	18.7599000000 	 	; 
828   	33.1366000000 	 	18.7605000000 	 	; 
829   	32.9663000000 	 	18.1360000000 	 	; 
830   	32.9725000000 	 	19.3558000000 	 	; 
831   	33.3627000000 	 	19.4142000000 	 	; 
832   	33.6057000000 	 	19.3495000000 	 	; 
833   	33.9773000000 	 	19.6447000000 	 	; 
834   	33.4932000000 	 	18.1696000000 	 	; 
835   	34.1214000000 	 	17.9937000000 	 	; 
836   	33.9288000000 	 	18.7791000000 	 	; 
837   	34.1979000000 	 	18.5107000000 	 	; 
838   	33.4448000000 	 	17.1014000000 	 	; 
839   	33.7387000000 	 	16.8566000000 	 	; 
840   	33.6169000000 	 	15.5287000000 	 	; 
841   	34.7093000000 	 	16.4620000000 	 	; 
842   	34.3992000000 	 	15.5673000000 	 	; 
843   	35.8383000000 	 	16.3564000000 	 	; 
844   	35.4791000000 	 	15.3740000000 	 	; 
845   	36.9276000000 	 	18.3168000000 	 	; 
846   	36.1285000000 	 	17.9272000000 	 	; 
847   	36.1223000000 	 	17.3935000000 	 	; 
848   	35.7041000000 	 	18.2957000000 	 	; 
849   	35.1243000000 	 	17.7837000000 	 	; 
850   	34.8988000000 	 	17.3214000000 	 	; 
851   	34.5315000000 	 	17.8632000000 	 	; 
852   	34.8037000000 	 	18.1435000000 	 	; 
853   	34.7335000000 	 	18.5996000000 	 	; 
854   	35.0460000000 	 	18.4765000000 	 	; 
855   	35.0703000000 	 	19.1389000000 	 	; 
856   	35.2673000000 	 	18.9382000000 	 	; 
857   	35.5587000000 	 	18.9718000000 	 	; 
858   	34.9367000000 	 	19.6932000000 	 	; 
859   	35.3996000000 	 	19.5937000000 	 	; 
860   	35.7762000000 	 	19.2203000000 	 	; 
861   	36.0141000000 	 	18.8587000000 	 	; 
862   	35.6854000000 	 	19.6087000000 	 	; 
863   	36.3360000000 	 	19.6416000000 	 	; 
864   	36.3733000000 	 	19.3427000000 	 	; 
865   	36.3895000000 	 	19.0668000000 	 	;