ID 		 Origin_X 					 Origin_Y 					 Destination_X 					 Destination_Y 					 E_time 			 L_time 			 Max_Walk
1	517964.68045496487	360214.4739104434	556817.4304549649	135864.52071044347	7.665264529647645	15186.95491024315	0.11
2	556817.4304549649	135864.52071044347	517964.68045496487	360214.4739104434	17.064435139802196	15196.354080853305	0.11
3	517965.87618304236	360215.0777243962	258577.11058304232	104590.57772439622	7.752193146508153	24286.35884543671	0.11
4	258577.11058304232	104590.57772439622	517965.87618304236	360215.0777243962	17.343601299756415	24295.950253589956	0.11
5	517966.09057097475	360214.518004699	401935.9343709747	285226.48670469905	7.714023600079345	9217.902098901663	0.11
6	401935.9343709747	285226.48670469905	517966.09057097475	360214.518004699	17.660282802028032	9227.84835810361	0.11
7	517965.30077637685	360214.8468218336	406169.55077637685	302161.4405218336	7.617159948228615	8405.629544129877	0.11
8	406169.55077637685	302161.4405218336	517965.30077637685	360214.8468218336	17.844924571819373	8415.85730875347	0.11
9	467698.91977200477	310192.88095428573	467698.91977200477	310192.88095428573	7.390968591581278	7.390968591581278	0.11
10	467698.91977200477	310192.88095428573	467698.91977200477	310192.88095428573	17.021594804802646	17.021594804802646	0.11
11	467698.90397777344	310192.06985699246	467698.90397777344	310192.06985699246	7.552142272854735	7.552142272854735	0.11
12	467698.90397777344	310192.06985699246	467698.90397777344	310192.06985699246	17.1288926672267	17.1288926672267	0.11
13	467699.7301397107	310192.85468050034	407132.1549397107	286056.37548050034	7.411555696476295	4354.0581782370145	0.11
14	407132.1549397107	286056.37548050034	467699.7301397107	310192.85468050034	18.1571914753693	4364.803814015908	0.11
15	467698.7267059583	310192.02213373245	396782.1330059583	291138.4909337324	7.58176319187896	4903.021960491247	0.11
16	396782.1330059583	291138.4909337324	467698.7267059583	310192.02213373245	18.071122363833627	4913.511319663202	0.11
17	467697.92721578275	310191.93012950197	413338.17721578275	277562.71142950194	8.195984782402073	4234.909093378426	0.11
18	413338.17721578275	277562.71142950194	467697.92721578275	310191.93012950197	17.6310731972966	4244.344181793321	0.11
19	467698.7840720794	310193.0710778951	392033.9715720794	298424.3523778951	7.204353446929722	5112.176478955718	0.11
20	392033.9715720794	298424.3523778951	467698.7840720794	310193.0710778951	18.25046167616033	5123.22258718495	0.11
21	467699.09677935316	310193.2816823272	437046.40927935316	293680.0316823272	6.824662927602806	2328.007002009856	0.11
22	437046.40927935316	293680.0316823272	467699.09677935316	310193.2816823272	17.146962984538373	2338.3293020667916	0.11
23	467698.48663812183	310192.37849631364	448711.0179381218	275304.7847963136	7.47824355032523	2655.469651567405	0.11
24	448711.0179381218	275304.7847963136	467698.48663812183	310192.37849631364	17.28763230901672	2665.2790403260965	0.11
25	467698.77047204756	310191.6565451406	405021.73927204753	272679.0003451406	7.894565040848667	4877.578385589356	0.11
26	405021.73927204753	272679.0003451406	467698.77047204756	310191.6565451406	17.558153914007104	4887.241974462514	0.11
27	467699.09823545703	310193.3354684348	405022.067035457	272680.67926843476	7.516901482549502	4877.200722031057	0.11
28	405022.067035457	272680.67926843476	467699.09823545703	310193.3354684348	17.265042446431746	4886.948862994939	0.11
29	467699.4393964061	310192.7149073221	405022.4081964061	272680.05870732205	7.580601295254225	4877.264421843762	0.11
30	405022.4081964061	272680.05870732205	467699.4393964061	310192.7149073221	18.187443414272952	4887.87126396278	0.11
31	467698.7195205985	310191.95274067146	383754.5320205985	270658.57774067146	7.883892864455283	6193.715141748484	0.11
32	383754.5320205985	270658.57774067146	467698.7195205985	310191.95274067146	16.87647989712277	6202.707728781151	0.11
33	466568.7632790479	361396.742282415	466568.7632790479	361396.742282415	7.680646622663347	7.680646622663347	0.11
34	466568.7632790479	361396.742282415	466568.7632790479	361396.742282415	17.795487020404153	17.795487020404153	0.11
35	466569.0111304736	361395.37284943537	258577.49553047356	104589.31034943539	8.093986279714827	22039.367142443578	0.11
36	258577.49553047356	104589.31034943539	466569.0111304736	361395.37284943537	17.415160143003853	22048.688316306867	0.11
37	466568.1487742016	361396.1336285942	411388.93007420155	286147.03982859425	7.83028825745151	6228.645631053899	0.11
38	411388.93007420155	286147.03982859425	466568.1487742016	361396.1336285942	17.247707551883174	6238.06305034833	0.11
39	466567.91520328587	361396.71028919535	411388.69650328584	286147.6164891954	7.389306165331795	6228.204648961779	0.11
40	411388.69650328584	286147.6164891954	466567.91520328587	361396.71028919535	17.88521281407066	6238.700555610518	0.11
41	466567.8512794837	361395.5472049099	411388.6325794837	286146.45340490993	8.44135255488444	6229.2566953513315	0.11
42	411388.6325794837	286146.45340490993	466567.8512794837	361395.5472049099	17.11522790986637	6237.930570706313	0.11
43	466568.4688815878	361396.484448585	407131.39368158777	286056.47394858504	7.643905648168646	6405.172279245295	0.11
44	407131.39368158777	286056.47394858504	466568.4688815878	361396.484448585	17.25654227513207	6414.784915872258	0.11
45	466568.3417245029	361396.5036187327	407131.2665245029	286056.4931187327	7.102021737533029	6404.630395334659	0.11
46	407131.2665245029	286056.4931187327	466568.3417245029	361396.5036187327	17.649388571094246	6415.17776216822	0.11
47	466567.44521995616	361396.5857080047	407130.37001995614	286056.57520800474	6.988677089956379	6404.517050687083	0.11
48	407130.37001995614	286056.57520800474	466567.44521995616	361396.5857080047	17.58102398215897	6415.1093975792855	0.11
49	466568.69539636985	361395.306659938	407131.6201963698	286055.29615993804	7.166655289323264	6404.695028886449	0.11
50	407131.6201963698	286055.29615993804	466568.69539636985	361395.306659938	16.971157279136687	6414.499530876263	0.11
51	466568.79654218553	361396.89738669834	415470.2653421855	285102.36608669837	8.149397978904679	6129.846837627142	0.11
52	415470.2653421855	285102.36608669837	466568.79654218553	361396.89738669834	17.08214760291593	6138.779587251153	0.11
53	466567.6207602436	361396.25543881435	414981.8707602436	294418.19293881435	7.781848210537403	5643.836598877653	0.11
54	414981.8707602436	294418.19293881435	466567.6207602436	361396.25543881435	16.714366619064325	5652.76911728618	0.11
55	466568.1704285865	361396.1544024575	428187.70172858646	277908.6544024575	6.291273190615933	6132.092094809028	0.11
56	428187.70172858646	277908.6544024575	466568.1704285865	361396.1544024575	17.659627919123356	6143.460449537535	0.11
57	466567.317028892	361396.2411506342	428248.442028892	277164.8036506342	7.528140184800518	6176.724466227073	0.11
58	428248.442028892	277164.8036506342	466567.317028892	361396.2411506342	17.806100464474056	6187.002426506747	0.11
59	466567.8798029921	361396.00911455136	431276.4423029921	277372.6653145514	7.446408016289024	6083.047105944354	0.11
60	431276.4423029921	277372.6653145514	466567.8798029921	361396.00911455136	17.260641584122805	6092.861339512188	0.11
61	466569.07106705336	361396.6727543504	431401.19606705336	281645.4852543504	7.2324909101724995	5817.962542452093	0.11
62	431401.19606705336	281645.4852543504	466569.07106705336	361396.6727543504	17.923442469696354	5828.653494011616	0.11
63	466568.6699956352	361396.0912205611	433752.8262956352	281033.93492056115	7.267949495050053	5794.209480190001	0.11
64	433752.8262956352	281033.93492056115	466568.6699956352	361396.0912205611	16.51209991026489	5803.453630605216	0.11
65	466567.9027337195	361395.68395996565	433752.0590337195	281033.5276599657	7.146849670713951	5794.088380365665	0.11
66	433752.0590337195	281033.5276599657	466567.9027337195	361395.68395996565	17.407053332835048	5804.348584027786	0.11
67	466567.6408003328	361395.1938921711	433365.2971003328	278996.2250921711	7.463820440052885	5929.920400263552	0.11
68	433365.2971003328	278996.2250921711	466567.6408003328	361395.1938921711	17.272645092643828	5939.729224916144	0.11
69	466569.29402948206	361396.3707555841	434289.85652948206	279783.7769555841	7.319818426030107	5858.275125830568	0.11
70	434289.85652948206	279783.7769555841	466569.29402948206	361396.3707555841	17.224112465167977	5868.179419869706	0.11
71	466567.7052166799	361395.5983488161	434288.2677166799	279783.0045488161	7.286361185597853	5858.241668590136	0.11
72	434288.2677166799	279783.0045488161	466567.7052166799	361395.5983488161	17.588166559565888	5868.543473964104	0.11
73	466568.22786281584	361396.0514205025	434288.79036281584	279783.4576205025	8.048777946695184	5859.004085351233	0.11
74	434288.79036281584	279783.4576205025	466568.22786281584	361396.0514205025	17.197178019312013	5868.15248542385	0.11
75	466567.3009771641	361396.4303203301	434287.8634771641	279783.8365203301	7.478248541800968	5858.433555946339	0.11
76	434287.8634771641	279783.8365203301	466567.3009771641	361396.4303203301	17.744025996833436	5868.699333401371	0.11
77	466568.2308575876	361396.98408834235	434288.7933575876	279784.3902883424	7.603493712534574	5858.558801117072	0.11
78	434288.7933575876	279784.3902883424	466568.2308575876	361396.98408834235	17.513825706233327	5868.4691331107715	0.11
79	466568.9892689332	361395.88896831253	434289.5517689332	279783.29516831256	7.987421596512709	5858.942729001051	0.11
80	434289.5517689332	279783.29516831256	466568.9892689332	361395.88896831253	17.998219589257467	5868.953526993795	0.11
81	466567.8864530267	361395.57896050334	437296.41775302665	281094.04766050336	7.7708628026758255	5705.784087302737	0.11
82	437296.41775302665	281094.04766050336	466567.8864530267	361395.57896050334	16.682024492146862	5714.695248992208	0.11
83	466567.60031617375	361396.05865913926	435198.8191161737	277451.30865913926	7.646621877696434	5981.932813190886	0.11
84	435198.8191161737	277451.30865913926	466567.60031617375	361396.05865913926	17.752643821526533	5992.038835134716	0.11
85	466568.127502777	361395.42550685664	435199.34630277695	277450.67550685664	6.8921135963522415	5981.178304909541	0.11
86	435199.34630277695	277450.67550685664	466568.127502777	361395.42550685664	17.544772144019948	5991.830963457209	0.11
87	466567.645448033	361395.46249022445	435198.864248033	277450.71249022445	7.011014323204651	5981.297205636394	0.11
88	435198.864248033	277450.71249022445	466567.645448033	361395.46249022445	17.397177388567417	5991.683368701757	0.11
89	466568.32244693465	361396.4651225787	433821.63494693465	277607.62132257875	7.648149783884849	6005.0238305160465	0.11
90	433821.63494693465	277607.62132257875	466568.32244693465	361396.4651225787	17.204283641423093	6014.5799643735845	0.11
91	466568.1737999709	361396.6696802747	414255.64259997086	278585.1383802747	7.251893162361957	6537.302305355671	0.11
92	414255.64259997086	278585.1383802747	466568.1737999709	361396.6696802747	17.221507049826734	6547.271919243136	0.11
93	466567.39680622	361396.016134678	416008.49060622	282695.578634678	6.662841642142126	6242.744894709261	0.11
94	416008.49060622	282695.578634678	466567.39680622	361396.016134678	18.167102488362513	6254.249155555482	0.11
95	466568.0273479938	361395.06049779797	416009.1211479938	282694.62299779797	8.167312902435683	6244.249365969555	0.11
96	416009.1211479938	282694.62299779797	466568.0273479938	361395.06049779797	17.683748717033836	6253.765801784153	0.11
97	466568.5911405611	361395.2362695156	401180.55994056107	297299.0174695156	7.524214384318346	6111.774059522138	0.11
98	401180.55994056107	297299.0174695156	466568.5911405611	361395.2362695156	18.198902874017246	6122.448748011837	0.11
99	466567.5421054708	361395.4677622639	399206.8546054708	301732.3739622639	6.809814440064081	6005.753048140202	0.11
100	399206.8546054708	301732.3739622639	466567.5421054708	361395.4677622639	17.13448047641501	6016.077714176553	0.11
101	466569.3143595997	361395.9105059034	399129.8143595997	311737.75420590345	7.61617748749032	5590.932057008557	0.11
102	399129.8143595997	311737.75420590345	466569.3143595997	361395.9105059034	17.08982782647736	5600.405707347545	0.11
103	466567.8616459271	361396.7954444493	423063.8929459271	302810.5454444493	8.130568102515078	4872.944819078866	0.11
104	423063.8929459271	302810.5454444493	466567.8616459271	361396.7954444493	17.837440514641063	4882.651691490993	0.11
105	466567.52638036676	361395.70784770476	423063.55768036674	302809.45784770476	7.77589741941779	4872.590148395769	0.11
106	423063.55768036674	302809.45784770476	466567.52638036676	361395.70784770476	16.36778099796712	4881.182031974318	0.11
107	466568.16815161065	361394.9755456132	431019.2619516106	297229.00674561324	6.9354491441540445	4897.287076610433	0.11
108	431019.2619516106	297229.00674561324	466568.16815161065	361394.9755456132	18.437050881493704	4908.788678347773	0.11
109	466568.64020553854	361396.507938618	431019.7340055385	297230.53913861804	7.89010418170118	4898.2417316479805	0.11
110	431019.7340055385	297230.53913861804	466568.64020553854	361396.507938618	17.456186113291107	4907.807813579571	0.11
111	466569.21467914485	361395.88348570873	431020.3084791448	297229.91468570876	7.788531009657329	4898.140158475937	0.11
112	431020.3084791448	297229.91468570876	466569.21467914485	361395.88348570873	16.902504326006746	4907.254131792287	0.11
113	466568.6486247259	361395.30357422604	431019.74242472585	297229.33477422607	6.772716589464985	4897.124344055745	0.11
114	431019.74242472585	297229.33477422607	466568.6486247259	361395.30357422604	16.88383715977062	4907.23546462605	0.11
115	466567.69401760685	361396.0969447682	431018.7878176068	297230.12814476824	7.616650373041773	4897.968277839322	0.11
116	431018.7878176068	297230.12814476824	466567.69401760685	361396.0969447682	16.944206859817182	4907.295834326097	0.11
117	466568.1694380251	361396.5239918791	431019.2632380251	297230.5551918791	8.100302512822504	4898.451929979102	0.11
118	431019.2632380251	297230.5551918791	466568.1694380251	361396.5239918791	17.770015676996334	4908.121643143276	0.11
119	466568.44924375834	361395.31263935706	431019.5430437583	297229.3438393571	7.885283583976216	4898.236911050256	0.11
120	431019.5430437583	297229.3438393571	466568.44924375834	361395.31263935706	17.815897730750393	4908.16752519703	0.11
121	466568.9017511388	361396.3669621272	431019.99555113877	297230.39816212724	6.352440784537134	4896.704068250817	0.11
122	431019.99555113877	297230.39816212724	466568.9017511388	361396.3669621272	17.052057765951478	4907.4036852322315	0.11
123	466568.4692194712	361396.5935655603	426440.6880194712	298514.1872655603	6.429551672957075	4979.439302591008	0.11
124	426440.6880194712	298514.1872655603	466568.4692194712	361396.5935655603	18.383807396553397	4991.393558314604	0.11
125	466568.46176901925	361396.44489754667	423295.8680690192	292910.4760975467	8.0394484410704	5408.79877283235	0.11
126	423295.8680690192	292910.4760975467	466568.46176901925	361396.44489754667	17.239510491470273	5417.998834882749	0.11
127	466567.90487264696	361395.602217719	417926.56117264694	290908.727217719	6.882803154667679	5716.282407396842	0.11
128	417926.56117264694	290908.727217719	466567.90487264696	361395.602217719	16.993855402789006	5726.393459644964	0.11
129	466568.52319284534	361396.6737878276	433076.52319284534	289806.64248782763	7.986242676387195	5277.11927089311	0.11
130	433076.52319284534	289806.64248782763	466568.52319284534	361396.6737878276	16.888374652966863	5286.02140286969	0.11
131	466568.58961638744	361395.3589934855	433076.58961638744	289805.32769348554	7.551169678598966	5276.684197895322	0.11
132	433076.58961638744	289805.32769348554	466568.58961638744	361395.3589934855	17.459837814762636	5286.592866031486	0.11
133	466567.61059927446	361396.3557769768	433075.61059927446	289806.3244769768	7.110798444861619	5276.2438266615845	0.11
134	433075.61059927446	289806.3244769768	466567.61059927446	361396.3557769768	17.42872911808729	5286.56175733481	0.11
135	466568.388032499	361395.78631361783	433076.388032499	289805.75501361786	7.761444066455048	5276.8944722831775	0.11
136	433076.388032499	289805.75501361786	466568.388032499	361395.78631361783	17.798955873621885	5286.9319840903445	0.11
137	466568.7458720199	361396.22115321027	433076.7458720199	289806.1898532103	7.254819256967438	5276.38784747369	0.11
138	433076.7458720199	289806.1898532103	466568.7458720199	361396.22115321027	17.158832091487835	5286.291860308211	0.11
139	466567.9469521746	361396.35605052445	433075.9469521746	289806.3247505245	7.908002264509981	5277.041030481233	0.11
140	433075.9469521746	289806.3247505245	466567.9469521746	361396.35605052445	18.033445671417432	5287.16647388814	0.11
141	466568.98482773034	361396.1024484975	433076.98482773034	289806.0711484975	8.536176794693969	5277.669205011417	0.11
142	433076.98482773034	289806.0711484975	466568.98482773034	361396.1024484975	17.80720025980981	5286.940228476533	0.11
143	466567.5621663781	361395.3693287383	433075.5621663781	289805.33802873833	6.711868857238895	5275.844897073962	0.11
144	433075.5621663781	289805.33802873833	466567.5621663781	361395.3693287383	17.555857182897338	5286.68888539962	0.11
145	466567.65377285675	361395.99501062644	433075.65377285675	289805.96371062647	8.476551174355059	5277.609579391078	0.11
146	433075.65377285675	289805.96371062647	466567.65377285675	361395.99501062644	17.519236594402923	5286.652264811126	0.11
147	466568.7280301674	361395.6088723322	433076.7280301674	289805.57757233223	7.104406224750482	5276.237434441473	0.11
148	433076.7280301674	289805.57757233223	466568.7280301674	361395.6088723322	17.359451692721365	5286.492479909444	0.11
149	466568.418896617	361396.03045534523	438340.231396617	286910.56165534526	7.263821689901878	5317.595735104198	0.11
150	438340.231396617	286910.56165534526	466568.418896617	361396.03045534523	17.093951961703148	5327.425865375999	0.11
151	466568.89392457023	361395.41784221167	438340.70642457023	286909.9490422117	7.4796215579988194	5317.811534972295	0.11
152	438340.70642457023	286909.9490422117	466568.89392457023	361395.41784221167	16.85607483985227	5327.187988254148	0.11
153	466567.4420240432	361396.4300552937	438339.2545240432	286910.96125529375	6.999961483382969	5317.331874897679	0.11
154	438339.2545240432	286910.96125529375	466567.4420240432	361396.4300552937	17.62289590683939	5327.954809321135	0.11
155	466568.47029562684	361395.76660560275	433484.9390956268	285083.45410560275	7.033429742837389	5552.0368164802185	0.11
156	433484.9390956268	285083.45410560275	466568.47029562684	361395.76660560275	17.513248687765707	5562.516635425147	0.11
157	466569.0039760726	361395.9156861757	433485.47277607257	285083.6031861757	7.469524849545973	5552.472911586928	0.11
158	433485.47277607257	285083.6031861757	466569.0039760726	361395.9156861757	18.2688533177235	5563.272240055105	0.11
159	466568.4312974511	361396.38397144835	433484.90009745106	285084.07147144835	7.473237832901415	5552.476624570283	0.11
160	433484.90009745106	285084.07147144835	466568.4312974511	361396.38397144835	17.55316266294649	5562.556549400328	0.11
161	466569.13039878063	361395.4654506949	436173.1616987806	285977.7779506949	8.074351623282306	5428.915820152782	0.11
162	436173.1616987806	285977.7779506949	466569.13039878063	361395.4654506949	17.08679706977209	5437.928265599271	0.11
163	466568.91699626535	361396.0676283832	437849.22949626535	292399.7551283832	7.524909744907492	4989.854391108826	0.11
164	437849.22949626535	292399.7551283832	466568.91699626535	361396.0676283832	17.038788200950673	4999.3682695648695	0.11
165	466567.6394432153	361396.7366575351	437847.9519432153	292400.4241575351	7.1791877980055	4989.508669161924	0.11
166	437847.9519432153	292400.4241575351	466567.6394432153	361396.7366575351	16.933833062209285	4999.263314426128	0.11
167	466567.9409738647	361395.8439125232	437848.2534738647	292399.5314125232	8.313430591263108	4990.642911955181	0.11
168	437848.2534738647	292399.5314125232	466567.9409738647	361395.8439125232	17.918037415020663	5000.24751877894	0.11
169	466568.6335493246	361395.9804693214	437848.9460493246	292399.6679693214	8.442581585377617	4990.772062949296	0.11
170	437848.9460493246	292399.6679693214	466568.6335493246	361395.9804693214	17.331382333924733	4999.6608636978435	0.11
171	466568.5370242545	361396.95434138394	437848.8495242545	292400.64184138394	7.435491651626113	4989.7649730155445	0.11
172	437848.8495242545	292400.64184138394	466568.5370242545	361396.95434138394	16.757171318193926	4999.086652682113	0.11
173	466567.3732280784	361396.39066533966	433677.7170280784	292364.3593653397	7.359097705778624	5105.1367530978805	0.11
174	433677.7170280784	292364.3593653397	466567.3732280784	361396.39066533966	17.115845932811695	5114.893501324914	0.11
175	466569.1615665522	361396.0853144833	433679.50536655216	292364.05401448335	8.019314616676796	5105.796970008779	0.11
176	433679.50536655216	292364.05401448335	466569.1615665522	361396.0853144833	18.30085985928593	5116.078515251388	0.11
177	466568.0858396621	361397.0659686293	453985.0546396621	276410.59716862935	7.786503059068293	5735.315562405706	0.11
178	453985.0546396621	276410.59716862935	466568.0858396621	361397.0659686293	17.387281394885427	5744.9163407415235	0.11
179	466568.8027622101	361395.60528614646	453985.77156221005	276409.1364861465	8.039139919396124	5735.568199266034	0.11
180	453985.77156221005	276409.1364861465	466568.8027622101	361395.60528614646	17.554885350746165	5745.083944697384	0.11
181	466567.1623815326	361395.9881046514	447696.4748815326	271424.0193046514	6.900803608182986	6135.543218611806	0.11
182	447696.4748815326	271424.0193046514	466567.1623815326	361395.9881046514	16.999499666356414	6145.641914669979	0.11
183	466567.96122188214	361395.9027771553	447697.27372188214	271423.9339771553	7.373355702844866	6136.015770706467	0.11
184	447697.27372188214	271423.9339771553	466567.96122188214	361395.9027771553	16.77599551878798	6145.41841052241	0.11
185	466569.1125853006	361395.56715243316	447698.4250853006	271423.5983524332	7.143278931468421	6135.785693935091	0.11
186	447698.4250853006	271423.5983524332	466569.1125853006	361395.56715243316	17.428571226500377	6146.070986230123	0.11
187	466568.5771996433	361395.5892411433	440151.1396996433	276690.68294114334	7.764858620419375	5923.019020665523	0.11
188	440151.1396996433	276690.68294114334	466568.5771996433	361395.5892411433	17.352175500413946	5932.606337545518	0.11
189	466568.33226602	361396.4665054708	441636.95726602	269313.5290054708	7.099840686386249	6366.9883225946205	0.11
190	441636.95726602	269313.5290054708	466568.33226602	361396.4665054708	17.60480797721805	6377.493289885452	0.11
191	466567.33825179975	361395.60797773	441635.96325179975	269312.67047773	7.607186522197956	6367.4956684304325	0.11
192	441635.96325179975	269312.67047773	466567.33825179975	361395.60797773	18.02881240299957	6377.9172943112335	0.11
193	466567.5497335573	361396.6233269666	407293.2372335573	257927.60762696664	8.053052972657671	7957.694926744078	0.11
194	407293.2372335573	257927.60762696664	466567.5497335573	361396.6233269666	17.095572336740048	7966.73744610816	0.11
195	466568.1199880134	361395.49631555943	407293.8074880134	257926.4806155595	7.549061858802265	7957.190935630222	0.11
196	407293.8074880134	257926.4806155595	466568.1199880134	361395.49631555943	17.71560047515164	7967.357474246572	0.11
197	466567.9836861586	361396.60184334184	429685.8899861586	264122.16434334184	7.51772567351658	6942.967731625061	0.11
198	429685.8899861586	264122.16434334184	466567.9836861586	361396.60184334184	17.904371425549137	6953.354377377093	0.11
199	466569.04323435924	361395.63502847665	427247.23073435924	263550.82252847665	6.691448379566405	7036.726147660238	0.11
200	427247.23073435924	263550.82252847665	466569.04323435924	361395.63502847665	17.666210084249585	7047.700909364921	0.11
201	466568.3329772557	361396.1464807264	433221.5829772557	262307.86518072645	6.674323641193136	6976.607601354809	0.11
202	433221.5829772557	262307.86518072645	466568.3329772557	361396.1464807264	17.18789900397708	6987.121176717593	0.11
203	466568.236506554	361396.2951486696	449804.861506554	273469.20134866965	7.898456783802467	5975.285588520818	0.11
204	449804.861506554	273469.20134866965	466568.236506554	361396.2951486696	17.491727366273263	5984.878859103289	0.11
205	466567.8626067793	361395.5182329448	449804.4876067793	273468.42443294486	8.339984189807089	5975.727115926823	0.11
206	449804.4876067793	273468.42443294486