NodeID       Xcoord       Ycoord
1       517965.5       360214.4688
2       441748.3125       319397.5
3       467698.75       310192.5
4       426415.75       357959.1875
5       466568.25       361396.0313
6       455620.0938       243449.75
7       480848.2813       271261.9688
8       550975.25       222829.0313
9       578934.5       288998.5
10       527265.5625       174731.5156
11       536281.75       185605.5
12       449231.5       526082.5
13       420839.0014       428576.9577
14       443729.7813       398665.5313
15       345501.5313       494275.7188
16       341027.75       400543.2813
17       363919.75       368303.75
18       377912.5       400971.9688
19       271437.125       736470.3125
20       445948.5       130231.7656
21       556818.25       135864.5156
22       482489.25       201503.2344
23       448976.5       213181.2031
24       258576.7344       104589.9688
25       384134.75       134401.0156
26       389585.25       216296.125
27       340154.5       208198.0
28       302328.0       255245.7188
29       250634.5156       268446.2188
30       304989.25       313375.0
31       257315.0       345511.0
32       307775.5       357854.0
33       226773.4844       221817.0156
34       292296.4688       191682.0156
35       401935.3438       285226.4375
36       402931.4063       285539.5
37       403266.4063       284264.2188
38       402284.7188       283971.4063
39       403018.0938       283522.1563
40       404092.25       285845.1563
41       404889.2813       285053.9063
42       404206.0       283693.25
43       405160.7813       284232.125
44       406208.7813       284554.5625
45       402220.7813       282255.0625
46       402258.625       280991.625
47       401911.8125       279804.7813
48       400547.8438       282624.375
49       399751.5313       282043.9688
50       400818.6563       280992.5938
51       403348.8438       282307.375
52       404235.7188       281895.3125
53       405009.9063       282292.625
54       405662.0938       282555.0938
55       403785.5313       280604.0938
56       405427.0       280885.875
57       404179.0938       280063.7813
58       406355.5938       281285.75
59       403063.3125       278581.2188
60       402335.0       277833.7188
61       402232.5938       278954.1563
62       401811.125       277065.875
63       399923.6563       276871.6875
64       400675.5313       276988.375
65       400015.3125       278029.1875
66       399514.5938       278937.375
67       403605.0938       278281.1875
68       404617.9063       277752.75
69       404650.3438       278691.1563
70       404640.102853       279482.874052
71       400510.9688       284724.0313
72       400454.9063       284119.8438
73       406872.75       278971.625
74       407331.7188       280878.875
75       406361.0938       280380.0938
76       405997.5       279460.1875
77       407604.2813       279885.2188
78       408363.875       278618.7813
79       408489.0625       279399.8125
80       409527.4688       279645.8438
81       408236.125       280788.0
82       409083.2188       280503.1563
83       409084.375       281090.0313
84       410324.3438       280521.5625
85       410818.8125       279889.5938
86       411188.5938       281135.3438
87       410625.5625       281584.6875
88       410347.9688       282042.25
89       411819.75       281780.0313
90       412303.0625       282597.9688
91       411490.4688       282917.9375
92       410941.5       283465.3125
93       410532.5313       283295.6563
94       408842.25       282154.6563
95       407967.8125       282430.9063
96       407598.4375       281685.8438
97       407286.125       284072.2813
98       406937.6563       283007.0625
99       412251.9375       285290.875
100       412519.0       285890.375
101       412287.5625       283578.3438
102       412897.8438       284005.875
103       411267.6563       284445.5313
104       411389.0313       286146.9375
105       410252.5313       284341.5938
106       410661.9688       285236.9688
107       410140.75       285618.6875
108       409793.9375       286213.4063
109       407771.9316       285734.5071
110       407412.0313       284606.375
111       408341.5625       284761.2188
112       409154.4688       285696.875
113       408983.8438       285087.8125
114       408039.4055       286829.8334
115       408763.125       286636.1563
116       410028.9375       286813.6563
117       410210.4063       287737.9688
118       408685.4375       287692.375
119       410184.8438       289186.375
120       407469.0366       287538.2533
121       408337.5       288572.7813
122       410619.0625       288249.5
123       410467.0313       288948.8125
124       411284.3125       288694.3125
125       411879.5938       287605.25
126       411756.125       290730.2188
127       412631.25       290501.7188
128       412992.6875       291623.9375
129       413478.9688       291987.8438
130       414596.6875       291329.4688
131       414321.5       290420.8438
132       410807.2188       292839.1563
133       410737.1563       290870.6563
134       411053.8125       291563.1563
135       411819.0625       292368.1563
136       412002.5313       291628.0
137       409995.1563       293091.125
138       410081.625       292106.25
139       409137.75       291002.5
140       410558.625       290142.375
141       410142.375       291059.0
142       407115.8125       291660.875
143       405830.2813       292108.5625
144       405329.0938       293335.6875
145       406375.3438       293288.625
146       405605.75       293666.8125
147       405294.4375       291653.5313
148       404446.6875       291945.9688
149       403460.75       291271.625
150       404719.7188       290440.0938
151       407275.4063       290175.5313
152       405760.0625       290645.0625
153       406016.875       289827.0
154       408742.7813       290510.0938
155       408307.4375       289261.7188
156       407744.1563       289405.3438
157       406608.0339       288112.2551
158       406408.2188       288867.0313
159       405212.1563       286295.2813
160       404710.1875       287046.1563
161       405634.4106       286815.3017
162       406306.5013       286212.2365
163       406948.5131       286908.3828
164       407131.1748       286056.0208
165       406440.9194       287400.2023
166       403513.2813       286916.4375
167       415539.9688       284168.2813
168       415469.7188       285101.5
169       415365.7188       285925.125
170       414511.3438       284841.0313
171       413869.375       284632.4688
172       403477.6563       289580.6875
173       404698.6563       289497.9063
174       405128.1563       288934.25
175       404779.3125       288201.3438
176       404423.8438       287931.9688
177       413110.7188       287079.9375
178       414294.75       286920.5313
179       412901.375       286456.9688
180       414245.9063       286158.25
181       413695.5938       285510.7813
182       408257.6563       283593.3125
183       409403.375       282723.375
184       409466.4375       283819.1563
185       409125.0       283714.9688
186       407736.9063       295550.7188
187       407476.9688       294769.2188
188       406528.4688       294599.5
189       407849.1875       292606.6875
190       407218.4375       294109.7188
191       407446.6875       293525.0938
192       408844.8125       292339.6875
193       409070.0938       293324.9688
194       409094.125       294291.75
195       408478.9063       294056.1563
196       412284.625       294099.1875
197       410882.5938       293721.5313
198       410741.8125       294936.5938
199       409609.9063       294912.4063
200       408211.4063       296021.4688
201       410343.5       297184.4375
202       410399.3125       299377.625
203       412970.0       298504.9063
204       412363.7188       299940.9063
205       412832.4063       296836.0313
206       412298.4063       296303.3438
207       415822.125       286469.2813
208       415607.8125       287504.3125
209       415945.1875       288657.7813
210       414577.5938       287824.3438
211       414845.0       288771.8125
212       414572.5313       297623.8438
213       412005.3836       295661.9898
214       413861.9375       295869.0313
215       413822.3125       292901.8438
216       414982.5       294417.9688
217       416441.375       291565.1875
218       412885.2813       289291.5938
219       413454.7188       288633.5625
220       413544.125       287834.0625
221       429647.875       278447.9063
222       429090.8438       276702.2813
223       428187.7813       277908.5313
224       428249.375       277164.5938
225       430133.375       277380.7813
226       432621.5       275775.4375
227       430961.0313       275460.6875
228       430751.5625       276407.8438
229       430164.9688       276028.4688
230       433533.0       276470.8438
231       430580.1875       277658.0
232       432223.7813       277755.4375
233       431276.8125       277372.6875
234       427500.875       279173.0625
235       427915.9063       279923.2188
236       428126.75       278803.0625
237       429387.8438       279933.9375
238       430061.5938       279973.625
239       430667.2813       278989.5
240       431966.9688       278660.8438
241       430722.75       278218.7188
242       431316.2813       280217.0625
243       432250.5313       279365.5
244       431879.4375       283955.25
245       433337.6875       282263.3125
246       433039.0313       283078.6563
247       433794.3438       283137.0625
248       434643.5625       283840.0938
249       427690.3438       281018.3438
250       429937.0625       280907.5938
251       428841.0625       282983.625
252       430205.4063       281718.6563
253       431400.375       281644.8438
254       431943.125       282118.8125
255       436248.3438       281436.7188
256       435422.0313       281948.2813
257       435410.7188       282832.9688
258       435723.125       283527.4688
259       438689.1875       281755.5625
260       436939.9375       283473.5
261       437969.625       281367.8438
262       436752.4375       282187.7188
263       434468.7813       282789.25
264       434406.375       281761.0
265       433845.5313       280132.9063
266       434539.6875       280767.2188
267       433752.4063       281033.875
268       433365.9063       278997.0625
269       434288.8125       279783.4375
270       434502.2813       278386.8438
271       435705.125       280287.9375
272       437296.7813       281094.5
273       437277.125       279284.875
274       437778.4375       279585.375
275       436818.0938       280347.7813
276       436837.0625       276378.1563
277       438271.2813       277796.875
278       437690.0313       277505.7813
279       437004.25       277784.4063
280       436018.6563       279250.5313
281       435132.2813       278071.0938
282       435794.375       278106.9688
283       436580.9063       278323.5313
284       435702.3438       275764.9375
285       435199.4688       277451.2813
286       435037.4375       276361.4063
287       433821.5625       277607.1875
288       432932.6563       280648.6563
289       389663.0938       282267.0
290       388919.875       283789.625
291       388839.5       282594.375
292       390439.2813       283607.2188
293       391391.9063       282009.25
294       391596.375       283287.0938
295       392111.0625       284560.9688
296       392610.5625       283923.6875
297       392755.1875       282964.1563
298       388899.9063       285427.2813
299       388819.4375       284774.3125
300       389631.9063       284243.625
301       390131.0313       285285.5938
302       391608.3125       285312.1875
303       391412.4375       285723.375
304       392930.4063       285900.7813
305       393687.6875       284701.0938
306       394657.2813       284761.5
307       394167.0313       283735.9375
308       395130.4375       282570.7813
309       394435.3125       282774.5
310       395767.6875       283423.4063
311       396902.2188       284391.1875
312       395897.3438       284420.4688
313       397913.7813       284892.125
314       398644.2188       285938.5938
315       397619.9375       285777.7813
316       396450.6563       283143.2188
317       398109.7813       282887.4688
318       398593.1563       284095.0938
319       393959.1875       287776.6563
320       393743.6563       287200.125
321       395118.2188       287351.8125
322       390235.5625       286602.3125
323       391549.125       286736.7813
324       392365.3438       286829.0625
325       392387.375       287833.125
326       391524.7813       287824.5938
327       391334.1563       289171.0625
328       388312.5938       287953.375
329       389337.125       288531.6563
330       390179.7188       288691.4688
331       387918.9063       289443.5
332       389320.5625       289755.7188
333       389905.3125       289659.7813
334       392969.1875       288997.875
335       393449.9063       288792.6875
336       394708.2188       288229.4063
337       390879.0313       291229.5313
338       391880.4375       290871.8125
339       391788.0       292151.2813
340       390351.3125       291905.5
341       391300.8125       293381.25
342       391261.5625       294220.1563
343       392250.0       294120.9688
344       393111.7188       293266.4688
345       393783.3438       292662.3125
346       393175.625       291899.125
347       394266.625       291682.625
348       394996.9375       291077.2188
349       392671.5938       289836.625
350       393837.9688       290263.5313
351       393442.6563       290961.4375
352       393719.0       293937.2188
353       394624.6875       294326.2813
354       394676.5625       293044.0
355       394441.375       289917.875
356       395424.7813       290043.5313
357       395102.875       289066.9375
358       388770.3438       286601.8438
359       389597.375       287071.6563
360       389913.75       287466.0
361       395928.125       292795.0
362       396782.1563       291138.9688
363       395678.5       292201.6563
364       399971.9063       288780.6563
365       399043.1875       290208.2188
366       397076.1875       290119.3438
367       398839.625       289266.4688
368       397489.9375       289354.25
369       396403.875       289534.5
370       398618.9063       292152.2813
371       397870.9063       291653.0625
372       397129.3125       292662.5313
373       396958.3125       293283.0938
374       396361.8125       293501.4063
375       396342.4375       294393.375
376       399028.9375       294119.75
377       398670.8438       293416.25
378       397646.8438       293796.625
379       398069.7813       295341.2813
380       399307.9688       295298.7188
381       399183.75       296108.0625
382       400637.125       295704.3438
383       400515.3125       294752.8125
384       402461.4063       295440.5625
385       404371.8125       294552.4688
386       403833.454212       295295.021854
387       404243.0625       293668.7813
388       403300.8125       293207.6875
389       404270.6563       293050.6875
390       400296.625       292218.4375
391       400104.0625       293015.1875
392       400667.7813       293883.3125
393       399200.5       291558.875
394       399980.4688       290424.8438
395       399595.5313       290735.6875
396       398548.9063       287446.75
397       399494.5       287298.875
398       399052.9063       286904.0313
399       401117.9688       287324.9063
400       400294.4063       287494.6875
401       400241.2813       286778.2188
402       399543.0938       285718.3438
403       400612.75       285844.375
404       400494.2188       285476.7813
405       401971.8438       286763.5
406       401562.9063       285957.9063
407       401030.2813       286619.9063
408       401778.375       287884.6563
409       402654.25       287571.625
410       403124.1875       288954.3438
411       402571.6875       288237.7813
412       403378.6563       287958.875
413       401603.125       289613.7188
414       401366.8438       288542.2188
415       400850.5625       289044.3125
416       401759.5313       291290.25
417       400204.9375       291534.4375
418       401194.5       290578.9063
419       402694.5       294226.6563
420       401755.4063       292675.625
421       401748.875       294055.0
422       395840.5       285334.7813
423       395630.25       286354.1563
424       394285.8438       285837.9375
425       395590.5938       287266.625
426       396188.5313       288152.4063
427       397224.9375       287764.6563
428       397950.125       288157.4375
429       397508.6875       286964.8438
430       396837.6875       286309.4375
431       414686.9063       289803.6875
432       416160.5313       289511.3438
433       415906.8125       290264.9375
434       416953.75       290253.6563
435       417465.375       288800.0
436       417186.25       289554.9688
437       417113.375       288416.5625
438       416820.1563       287589.0625
439       417481.9063       287709.0313
440       416966.375       286451.9688
441       417023.9688       287003.0
442       417624.3438       286745.6563
443       418735.8438       287036.4063
444       418331.9688       286363.5938
445       419989.8125       279660.1563
446       418028.375       280854.6875
447       417788.4688       286086.3438
448       417151.4688       285303.125
449       417710.7813       284213.5313
450       419507.9063       284874.0625
451       424529.2813       282428.8438
452       424138.6875       277604.0
453       422425.0625       275035.0625
454       417888.0313       275933.2188
455       417147.3125       277983.3125
456       416769.8438       275630.375
457       415951.1875       275052.3438
458       414538.3438       273324.9688
459       413293.9688       275605.375
460       410576.7813       276038.8125
461       414546.5625       276921.8438
462       411820.5625       277880.6563
463       413339.0       277563.2813
464       409836.5938       278597.8125
465       411092.875       279270.1875
466       411475.9375       279059.7813
467       412802.125       278631.0938
468       412287.0       279868.9688
469       415518.3438       278437.1563
470       414255.7188       278584.5
471       413916.3438       279785.1875
472       413741.0313       282271.5938
473       413175.2813       281923.7188
474       412784.2188       280991.4688
475       414131.1875       283032.0313
476       413772.4688       283702.1875
477       414430.9063       282084.9063
478       416009.3438       282695.5938
479       415591.75       282956.5
480       414561.6875       280773.8438
481       416643.2188       279882.6563
482       415740.7813       281268.6563
483       396713.0938       295670.1875
484       397553.8125       296110.3125
485       396989.5       296794.5313
486       396601.25       297771.4688
487       395955.7188       299114.2188
488       397255.0       298782.9375
489       396617.3125       300034.3125
490       398154.5938       299911.8125
491       398126.5625       300680.5
492       397944.9688       301370.8438
493       397498.67388       301921.054004
494       396972.2813       301546.875
495       398114.9688       297137.4375
496       398479.4688       297608.0
497       398414.0313       299025.0313
498       399660.9375       297008.5938
499       400590.6875       298069.6563
500       399734.4063       298109.3438
501       399804.4688       299343.8438
502       399411.5313       300762.3125
503       400319.5       300758.5938
504       401719.4375       296143.0938
505       401180.2188       297299.8125
506       401641.5313       297475.8125
507       401358.75       298596.625
508       400872.7188       299601.7188
509       401786.3438       298434.6875
510       401576.9688       300257.7188
511       400892.5938       301194.5625
512       401759.5313       301952.1563
513       406634.375       295908.7813
514       405322.9688       297012.6563
515       405407.8125       295424.7813
516       407427.3125       297032.0625
517       407352.125       297708.25
518       407500.5625       299282.2188
519       405173.0938       301768.9688
520       404657.125       299644.6875
521       406640.9063       300446.7813
522       406169.75       302161.0625
523       405511.0625       304572.9688
524       403905.0       303423.4375
525       406209.0938       303418.4063
526       403628.5625       296343.3438
527       402726.473422       298022.396368
528       404179.4375       297854.9688
529       402743.5625       299282.25
530       403439.8438       301054.4688
531       403620.5       302118.0625
532       403180.4688       302567.3438
533       401856.6875       303979.6563
534       401859.875       302637.0
535       400274.1875       303520.0313
536       400930.9375       302307.6563
537       400280.2813       302202.8438
538       399207.5625       301732.9375
539       399207.125       302944.8438
540       398436.9063       302697.4688
541       405365.9375       305774.625
542       404004.9063       306447.5625
543       403862.4063       304396.25
544       388404.7813       296045.0625
545       389110.1563       297462.7188
546       388355.1563       297286.9063
547       389698.5313       295496.1563
548       390001.0625       296312.4063
549       389027.1563       296000.75
550       389746.5938       297377.0313
551       390376.8125       297518.8125
552       390475.9375       298207.9688
553       391487.6875       295897.0
554       391300.6563       297027.2813
555       391303.0625       297639.0
556       393161.7813       294684.4688
557       393197.5313       295694.375
558       392441.625       295291.3438
559       394205.3438       295460.0313
560       392411.4375       297033.6563
561       394110.5625       296483.4375
562       393339.1563       296697.25
563       394573.875       296329.5625
564       395726.2813       295083.5625
565       395580.5625       296164.0313
566       395858.5938       296894.6563
567       394831.9375       296493.3125
568       395532.7813       297956.9375
569       395388.0       297274.1563
570       394313.9063       297402.1563
571       393741.25       298930.9688
572       393266.9063       297854.875
573       393936.0       298120.0
574       394441.4063       299467.1875
575       395480.0938       300646.0313
576       394830.191024       301059.61786
577       394742.25       300114.8125
578       395116.3438       301396.625
579       396057.9375       302108.1875
580       396258.6563       301456.8125
581       393470.5625       301015.5625
582       393973.2813       301829.6875
583       393369.75       302414.2813
584       392520.8125       301844.8125
585       392441.4063       300883.375
586       392295.375       300301.4688
587       387661.0625       300763.6875
588       389299.2813       301015.625
589       389436.0625       302085.375
590       387072.9375       298223.2188
591       388205.1875       299774.0313
592       387905.7813       299037.0625
593       390318.3125       298889.0
594       389549.75       299301.1563
595       388838.0625       298331.8125
596       390662.0313       300017.0313
597       391429.1875       298566.625
598       392033.9375       298423.7813
599       391628.1563       299893.3125
600       389806.75       300045.0
601       390055.4688       302791.75
602       390746.3438       301486.5625
603       390952.4375       302875.2188
604       391222.4375       303888.0313
605       391466.9688       301654.7813
606       392560.1563       303289.9063
607       391640.25       303428.1875
608       391913.9063       301893.5313
609       392439.976115       299407.498591
610       394144.3438       300622.9063
611       393070.8438       300066.7813
612       393648.75       300205.4375
613       381126.1875       303440.3438
614       373402.375       292235.1563
615       379336.9375       292705.4063
616       374541.6563       301317.5625
617       375701.625       309267.375
618       374929.0313       305980.3438
619       366423.2188       294557.8438
620       378518.5938       310014.9375
621       377348.5313       295025.1875
622       364047.0313       298829.25
623       370691.7813       292334.25
624       400590.6563       312101.4375
625       404947.7188       316455.75
626       401440.3125       315794.375
627       398153.9688       312115.4063
628       398116.1875       309723.9688
629       399128.75       311737.875
630       403143.7813       318492.4688
631       403443.9063       317082.3438
632       400648.8125       310642.1563
633       397271.0625       309600.5313
634       400864.8438       307335.75
635       397585.9375       310835.1563
636       399089.375       313741.625
637       403519.6875       311671.6563
638       404226.8125       318615.3125
639       406360.6875       308762.7813
640       415829.375       312915.0313
641       408199.75       316299.125
642       405052.9063       310347.0
643       416267.875       303603.1563
644       412402.4375       309401.1563
645       411022.2813       310764.6875
646       403877.1563       310124.5938
647       404007.5       308077.4063
648       407932.5938       319888.2188
649       411777.7813       310700.4063
650       418911.0313       302627.7188
651       406759.2813       306872.5313
652       407742.6563       309684.1875
653       410194.4688       313812.75
654       410273.75       309680.5938
655       409240.5       300454.0625
656       407382.625       313223.2813
657       423164.75       310505.7813
658       405191.6563       309548.8125
659       410137.6875       305186.0
660       411804.9375       308160.9063
661       407881.9375       303310.0625
662       412539.7188       310720.9688
663       405436.5625       308633.6875
664       419336.6563       307837.5
665       416358.9375       308979.0
666       393853.6875       317537.0625
667       389187.625       303764.8125
668       384437.0625       311363.4063
669       388656.4688       307202.0
670       397454.2188       307294.7188
671       385607.6875       304239.9063
672       386035.2813       302330.375
673       397288.5       303926.4063
674       394620.6563       305313.0938
675       398953.5       305851.7813
676       399354.0313       307381.8438
677       397084.5313       313415.0313
678       385023.4063       284890.4063
679       386121.8438       296406.9375
680       381202.5938       299058.6563
681       394045.0       315312.9063
682       393897.8438       312440.5313
683       390441.625       313236.2813
684       386165.0       299841.0
685       384963.75       299614.0313
686       394950.4375       308464.875
687       387266.375       291512.375
688       382714.1875       290743.125
689       388514.25       294149.875
690       387972.6563       292691.5
691       386265.875       292182.5625
692       423169.9063       304048.125
693       421958.7188       302278.1875
694       422017.875       303693.5
695       419778.1875       303615.8125
696       423064.2813       302809.7813
697       419306.5       305210.0313
698       422513.875       305582.1875
699       423802.0       301706.7813
700       420994.0313       300644.5938
701       423006.0625       300627.9688
702       392738.4688       323003.5625
703       427927.5313       290188.0313
704       431032.0       298360.125
705       431019.3438       297230.0625
706       426440.4688       298513.625
707       419275.5       289851.75
708       421910.4063       285916.9063
709       417505.125       295452.5938
710       426137.6875       299925.75
711       426453.0       287893.4375
712       427909.8125       297783.9688
713       433758.1875       294825.4375
714       424401.6563       296377.7188
715       421434.3125       297181.9375
716       430315.8438       294120.0625
717       423295.6563       292910.0625
718       426830.6875       306258.5938
719       426463.3125       302775.5313
720       428370.1563       305387.4375
721       417926.9063       290909.1563
722       435850.6563       292170.1875
723       433076.25       289806.0
724       436516.25       290083.0313
725       438340.0625       286910.5625
726       434174.6563       293016.2188
727       435623.125       290356.875
728       433484.7188       285083.7188
729       431847.4063       292104.5
730       433085.8438       286815.875
731       435619.3125       287325.125
732       436172.2813       285978.3438
733       437848.5625       292399.7188
734       433678.5938       292364.0
735       437046.0625       293679.25
736       438831.0       290248.7188
737       453985.2188       276409.5625
738       447697.5625       271424.0625
739       440150.8125       276691.125
740       444374.0625       283112.1875
741       441636.875       269313.0938
742       446663.0       275207.3438
743       448851.3438       266088.7188
744       438701.5313       273658.625
745       448488.25       277420.0625
746       442155.3438       274717.4375
747       443036.125       288006.9688
748       407293.9375       257927.0156
749       414464.3438       259582.9844
750       414681.25       255133.6406
751       410348.4688       252191.125
752       419511.3125       264404.1875
753       413551.625       267150.5938
754       410753.6875       258908.2344
755       405731.9063       251489.1719
756       408793.4063       263822.0625
757       425779.7813       256631.9063
758       418982.375       255670.8906
759       408139.0625       264102.8125
760       411241.5938       272974.6563
761       412200.9375       270401.375
762       415405.75       262201.9375
763       426802.9688       272533.375
764       429918.9375       260445.7813
765       431865.0313       264570.3125
766       424606.6875       264720.625
767       432350.4375       266257.4688
768       433009.2813       267253.1563
769       434882.4063       269703.4688
770       419396.375       269994.125
771       426120.0313       269376.375
772       432269.9375       267551.125
773       430829.1563       266364.0938
774       430204.4688       272760.875
775       436479.4063       265158.5625
776       428514.0       270982.5
777       431855.625       272999.9063
778       428266.6875       266478.625
779       429686.1563       264121.5938
780       427246.4375       263551.2188
781       433221.5       262307.75
782       432977.4688       265052.375
783       436535.3438       259044.9844
784       440653.5938       264057.2188
785       431211.0       254796.5469
786       419910.9688       247272.1094
787       422242.6875       254528.3438
788       419120.7188       254349.9375
789       420744.7813       256245.0781
790       417259.8125       249917.2188
791       427892.0       253720.3125
792       427764.75       241297.5938
793       442246.2188       254688.5938
794       453280.9375       274196.125
795       449804.875       273468.9375
796       448711.2813       275304.9063
797       450148.8438       276490.125
798       405021.7188       272679.8438
799       399828.5625       273824.7813
800       398147.5938       276286.0
801       396520.3125       274186.0313
802       401079.8438       275589.2813
803       406770.4375       277131.1563
804       392526.25       277456.75
805       391676.0625       281354.7188
806       409339.4063       277485.3438
807       397213.8438       272136.0
808       395591.9375       271879.5625
809       407714.5625       274998.5
810       395677.1875       267157.5625
811       400209.1563       268676.9688
812       397547.5313       279113.0313
813       395142.4063       270415.5625
814       394140.5       273125.125
815       405258.8125       268691.6875
816       403118.4375       268166.6563
817       403642.4063       266528.5938
818       407038.0938       268637.3125
819       403619.25       264860.625
820       401698.625       262831.0313
821       405636.5938       265201.8438
822       405064.75       266591.0
823       407309.0       266557.8438
824       402351.4688       266401.4688
825       406907.7188       267447.2813
826       393018.875       267954.9375
827       390005.3438       263071.2188
828       389663.5313       261837.6094
829       388714.0625       263656.75
830       383754.5625       270659.125
831       401865.9063       258382.2813
832       387972.2188       264659.4375
833       385838.7188       259509.2656
834       384156.0625       264122.1875
835       383765.4375       275307.75
836       380248.9688       270393.1563
837       377281.8438       275080.6875
838       388273.75       278779.375
839       384007.4063       277652.6563
840       388073.3438       273182.8438
841       385253.4063       280357.375
842       382217.4375       277675.3438
843       384185.5       276991.6875
844       381894.75       276773.75
845       380474.5938       272684.6875
846       381570.125       271677.8125
847       384895.25       276279.6875
848       381835.4375       274536.2813
849       375102.9063       272669.8125
850       381929.625       275926.9063
851       382487.4375       280629.8125
852       378195.5313       278466.0
853       392845.9063       259034.9219
854       395418.1563       261707.6719
855       389937.4688       252627.0
856       396674.25       253902.75
857       396341.375       244722.2344
858       386386.9375       255386.9844
859       396109.0938       269430.4375
860       383619.8438       254391.6563
861       369420.6875       306309.5313
862       364310.9375       308886.3438
863       371462.9688       313203.1563
864       366631.5       313221.5
865       350478.0       239671.2344
866       341411.7188       258361.7656
867       366110.5       247259.2344
868       346401.5       233118.2656
869       353779.75       331375.0
870       329978.5       334106.0
871       328848.0       329356.0313
872       330963.7813       323846.0
873       340547.5       311423.4688
874       348929.0       312130.5
875       353468.5938       306437.0
876       344160.8438       287897.75
877       367574.5313       286415.5313
878       413927.0       323413.25
879       425113.5       323994.75
880       408949.0313       333594.75
881       406783.0313       339498.0313
882       376638.0       339435.4688
883       382734.0       327834.1875
884       395285.2188       328750.9375
885       390660.7813       333417.0
886       402289.0       360110.0313
887       388822.0       358635.2188
888       398118.25       355778.7188
889       401557.5       345641.5
890       381082.4688       349864.75
891       389437.0       346921.0
892       364908.4063       267906.0
893       379753.4063       250628.6094
894       378334.0313       247340.5313
895       404151.1563       243429.5938
896       408884.0625       242589.8594
897       367035.9063       319013.5313
898       374701.5313       319302.0
